0 6
1 6
2 6
3 6
4 6
5 6
6 6
7 6
8 6
9 6
10 6
11 6
12 6
13 6
14 6
15 6
16 6
17 6
18 6
19 6
20 6
21 6
22 6
23 6
24 6
25 6
26 6
27 6
28 6
29 6
30 6
31 6
32 6
33 6
34 6
35 8
36 6
37 6
38 6
39 6
40 14
41 14
42 6
43 6
44 6
45 10
46 14
47 8
48 14
49 22
50 16
51 18
52 10
53 16
54 10
55 10
56 12
57 10
58 10
59 20
60 16
61 16
62 12
63 18
64 12
65 14
66 12
67 12
68 12
69 16
70 12
71 12
72 14
73 12
74 14
75 12
76 12
77 14
78 14
79 12
80 16
81 12
82 12
83 12
84 12
85 14
86 12
87 14
88 12
89 20
90 12
91 20
92 12
93 12
94 14
95 12
96 20
97 16
98 18
99 18
