0 16
1 34
2 26
3 30
4 24
5 42
6 20
7 16
8 38
9 36
10 34
11 34
12 12
13 32
14 28
15 12
16 14
17 16
18 36
19 18
20 28
21 40
22 40
23 34
24 42
25 42
26 46
27 44
28 46
29 26
30 18
31 18
32 36
33 52
34 46
35 32
36 24
37 24
38 40
39 8
40 28
41 24
42 32
43 40
44 12
45 52
46 20
47 48
48 46
49 30
50 54
51 48
52 30
53 14
54 30
55 30
56 10
57 28
58 12
59 12
60 30
61 50
62 54
63 56
64 52
65 32
66 50
67 16
68 12
69 30
70 42
71 26
72 44
73 28
74 44
75 36
76 22
77 16
78 48
79 48
80 48
81 42
82 16
83 30
84 44
85 46
86 46
87 20
88 34
89 34
90 16
91 18
92 52
93 18
94 48
95 50
96 52
97 40
98 38
99 40
