0 8
1 8
2 20
3 22
4 12
5 10
6 14
7 6
8 26
9 18
10 14
11 12
12 6
13 12
14 10
15 20
16 8
17 12
18 6
19 26
20 26
21 22
22 12
23 14
24 14
25 18
26 20
27 22
28 10
29 8
30 8
31 12
32 24
33 22
34 12
35 12
36 8
37 18
38 6
39 6
40 18
41 26
42 14
43 6
44 24
45 8
46 26
47 22
48 10
49 26
50 22
51 16
52 6
53 12
54 12
55 6
56 12
57 6
58 6
59 14
60 26
61 28
62 26
63 26
64 12
65 26
66 6
67 6
68 12
69 14
70 18
71 14
72 8
73 12
74 24
75 18
76 8
77 12
78 18
79 20
80 34
81 22
82 8
83 16
84 20
85 26
86 30
87 10
88 16
89 36
90 6
91 26
92 10
93 16
94 14
95 32
96 24
97 40
98 16
99 16
