0 18
1 28
2 24
3 28
4 24
5 18
6 42
7 18
8 18
9 26
10 28
11 34
12 20
13 32
14 18
15 46
16 34
17 48
18 44
19 42
20 38
21 50
22 30
23 36
24 30
25 42
26 36
27 36
28 22
29 30
30 54
31 52
32 40
33 40
34 24
35 38
36 36
37 50
38 20
39 24
40 18
41 36
42 54
43 46
44 6
45 46
46 28
47 58
48 12
49 12
50 52
51 30
52 16
53 12
54 22
55 8
56 24
57 52
58 22
59 20
60 48
61 54
62 36
63 42
64 30
65 46
66 42
67 26
68 12
69 60
70 10
71 36
72 22
73 40
74 58
75 24
76 12
77 10
78 8
79 46
80 30
81 58
82 40
83 30
84 18
85 26
86 32
87 24
88 30
89 24
90 12
91 18
92 28
93 62
94 18
95 40
96 18
97 48
98 34
99 12
100 42
101 40
102 30
103 50
104 24
105 12
107 62
108 40
109 48
110 48
111 22
112 48
113 52
114 46
116 12
117 56
118 4
119 14
120 10
121 24
122 36
123 12
124 40
125 12
126 54
127 12
130 36
131 30
132 48
133 40
134 54
135 28
136 64
137 12
138 18
139 40
140 40
141 16
142 56
143 14
144 6
145 16
146 44
147 26
149 46
150 12
151 12
152 18
153 24
154 12
155 14
156 22
157 18
159 60
160 56
161 34
162 20
163 10
164 16
165 44
166 30
168 14
169 8
170 16
173 26
174 40
175 34
176 64
178 50
179 60
181 30
184 12
187 18
196 14
211 16
223 26
