0 8
1 18
2 14
3 10
4 10
5 26
6 8
7 6
8 28
9 18
10 14
11 12
12 6
13 12
14 10
15 6
16 6
17 6
18 18
19 6
20 12
21 26
22 18
23 12
24 14
25 14
26 16
27 22
28 22
29 10
30 8
31 8
32 12
33 22
34 22
35 12
36 8
37 8
38 18
39 6
40 10
41 6
42 12
43 18
44 6
45 22
46 8
47 26
48 22
49 10
50 28
51 24
52 12
53 6
54 12
55 12
56 6
57 10
58 6
59 6
60 14
61 28
62 26
63 26
64 26
65 12
66 20
67 6
68 4
69 12
70 20
71 10
72 22
73 10
74 18
75 14
76 8
77 6
78 18
79 20
80 28
81 18
82 4
83 12
84 20
85 18
86 18
87 8
88 12
89 12
90 6
91 6
92 26
93 10
94 22
95 24
96 22
97 18
98 14
99 14
100 22
101 12
102 12
103 10
104 12
105 8
106 6
107 8
108 26
109 6
110 6
111 20
112 6
113 12
114 26
115 20
116 14
117 6
118 18
119 16
120 8
121 12
122 20
123 6
124 14
125 10
126 18
127 24
128 14
129 18
130 30
131 10
132 22
133 6
134 34
135 18
136 18
137 26
138 48
139 18
140 14
141 18
142 8
143 6
144 10
145 10
146 46
147 26
148 50
149 8
150 6
151 44
152 10
153 24
154 12
155 16
156 6
157 12
158 18
159 6
160 26
161 12
162 16
163 34
164 42
165 42
166 18
167 8
168 16
169 36
170 34
171 50
172 16
173 38
174 32
175 32
176 22
178 22
179 36
180 22
182 18
183 16
186 8
