0 6
1 6
2 6
3 6
4 4
5 6
6 6
7 6
8 6
9 6
10 6
11 6
12 6
13 6
14 6
15 6
16 6
17 6
18 6
19 6
20 6
21 6
22 6
23 6
24 6
25 6
26 4
27 6
28 6
29 6
30 6
31 6
32 6
33 6
34 6
35 6
36 4
37 6
38 6
39 6
40 6
41 0
42 6
43 6
44 6
45 6
46 6
47 8
48 8
49 6
50 10
51 6
52 12
53 6
54 6
55 6
56 6
57 4
58 6
59 6
60 6
61 6
62 6
63 6
64 6
65 6
66 10
67 6
68 4
69 6
70 6
71 6
72 8
73 6
74 6
75 6
76 6
77 6
78 6
79 6
80 8
81 6
82 4
83 6
84 6
85 10
86 6
87 12
88 14
89 4
90 8
91 8
92 6
93 6
94 6
95 6
96 6
97 6
98 8
99 6
100 12
101 6
102 8
103 8
104 16
105 6
106 10
107 6
108 20
109 10
110 6
111 6
112 6
113 6
114 12
115 6
116 6
117 6
118 4
119 8
120 10
121 6
122 4
123 6
124 8
125 10
126 2
127 12
128 12
129 2
130 8
131 6
132 6
133 6
134 6
135 10
136 10
137 10
138 14
139 6
140 6
141 6
142 4
143 12
144 8
145 10
146 16
147 6
148 18
149 6
150 6
151 12
152 8
153 8
154 12
155 6
156 10
157 6
158 8
159 12
160 6
161 12
162 10
163 12
164 14
165 14
166 10
167 14
168 16
169 22
170 14
171 24
172 18
173 22
174 14
175 12
176 6
177 12
178 22
179 12
180 16
181 12
182 12
183 8
184 10
185 14
186 10
187 10
189 14
190 20
191 10
194 8
196 12
