0 16
1 34
2 26
3 30
4 24
5 42
6 20
7 16
8 38
9 36
10 34
11 34
12 12
13 32
14 28
15 12
16 14
17 16
18 36
19 18
20 28
21 40
22 40
23 34
24 42
25 42
26 46
27 44
28 46
29 26
30 18
31 18
32 36
33 52
34 46
35 32
36 24
37 24
38 40
39 8
40 28
41 24
42 32
43 40
44 12
45 52
46 20
47 48
48 46
49 30
50 54
51 48
52 30
53 14
54 30
55 30
56 10
57 28
58 12
59 12
60 30
61 50
62 54
63 56
64 52
65 32
66 50
67 16
68 12
69 30
70 42
71 26
72 44
73 28
74 44
75 36
76 22
77 16
78 48
79 48
80 48
81 42
82 16
83 30
84 44
85 46
86 46
87 20
88 34
89 34
90 16
91 18
92 52
93 18
94 48
95 50
96 52
97 40
98 38
99 40
100 46
101 32
102 36
103 20
104 36
105 20
106 12
107 24
108 60
109 12
110 24
111 52
112 18
113 36
114 54
115 46
116 42
117 10
118 44
119 36
120 24
121 34
122 52
123 12
124 40
125 24
126 38
127 46
128 38
129 48
130 58
131 28
132 50
133 10
134 60
135 40
136 36
137 44
138 56
139 38
140 28
141 42
142 26
143 18
144 24
145 22
146 54
147 56
148 50
149 18
150 18
151 52
152 26
153 42
154 12
155 38
156 10
157 42
158 40
159 18
160 60
161 22
162 26
163 56
164 56
165 42
166 36
167 20
168 32
169 60
170 60
171 46
172 30
173 38
174 56
175 34
176 40
178 32
179 30
180 22
181 56
182 16
186 12
193 60
