0.0022784777235360415
0.0022784777235360415
0.005084028172376975
0.005084028172376975
0.02130341956948956
0.024968266067186797
0.024968266067186797
0.03614885323157037
0.038434306489595275
0.04071643068887722
0.045482893275033846
0.046488918131166165
0.04928179252730143
0.05262791315757497
0.05586485642686628
0.05586485642686628
0.05841252621615329
0.05908995248873165
0.06390718695031092
0.0646474725682894
0.07095036774431532
0.07095036774431532
0.07494519676909268
0.07610915009867494
0.07796518423410695
0.08226396887090956
0.08226396887090956
0.08376451903195463
0.08613997123959967
0.08681430305510647
0.09165013636218229
0.09534867154479369
0.09653988152527587
0.0985013954090939
0.09906493379045823
0.10086732193746932
0.10150320314170538
0.10190712623487473
0.10219962509704532
0.10451337247428677
0.10809727499314997
0.11046550010059847
0.11501800240568943
0.11501800240568943
0.11783360817108222
0.11821041159362562
0.12424080319880701
0.12478692149073625
0.1279378849749667
0.12819122302802266
0.12819122302802266
0.12819122302802266
0.13253885195477616
0.1344879167913798
0.13722477271805694
0.13881362216081689
0.13881362216081689
0.13881362216081689
0.14478802472339594
0.14673056375899882
0.14953298549740981
0.1515208444940391
0.15475940017818282
0.1586742027682072
0.15925645390228224
0.16435351919416263
0.16512184394870352
0.1669692700235709
0.1684068359637829
0.16957826722529196
0.17971264238013382
0.17971264238013382
0.18275691934017552
0.18748655510631734
0.18979615450739504
0.1911887843010735
0.19220182623124135
0.1957858883374945
0.19955296423868227
0.20151108808883472
0.20221893893370566
0.20401248939086422
0.20401248939086422
0.20885274446853905
0.21068248222735939
0.21346071336332248
0.2144942595229953
0.2170093571502641
0.2187339436960844
0.22030463275101336
0.22753378100189478
0.23138474693357036
0.23169576306588463
0.23519507299681713
0.23733980515758332
0.23792927598062596
0.23991715467875427
0.24083875909396235
0.24125466179124738
0.24670044169517558
0.2496315040028273
0.2546745407292525
0.25530047655617577
0.2555884083830093
0.2574077310448084
0.2607409099300013
0.263891618355311
0.26679078839921844
0.2696127210092471
0.2704058182546972
0.2733918561776049
0.27510814370808095
0.27590632688429534
0.2778933899585287
0.29645315033509256
0.30038652122384507
0.30132645051140977
0.30190628714469236
0.3031309865288241
0.3049538230180457
0.3070309389291883
0.30751735902799465
0.30751735902799465
0.30751735902799465
0.3081430232684603
0.30956789931763323
0.31042862734072824
0.3115770287952977
0.3139093563538274
0.3218110874807538
0.3224207665816961
0.3247731806462278
0.32586394978371863
0.3270052171783581
0.3282882912390401
0.3302178205888807
0.33294595613090533
0.3334521514015839
0.33548881912216055
0.33810684552368014
0.3392430936413917
0.33972030984644747
0.3402853321475337
0.34144266544623725
0.3422123150170287
0.3441016615693003
0.3482636693076343
0.3484203005005607
0.34877196453016385
0.3489498762726766
0.35043157296534944
0.35133516968852474
0.351865259425078
0.3526561481460726
0.3538616316283021
0.3578438158685206
0.3591659069647643
0.3690665676709275
0.3706622089015188
0.3717171952071553
0.37349868871210895
0.37584261501588534
0.3781219277245012
0.38016131352714994
0.3868501907270578
0.3893707128874741
0.39100645325702177
0.39156577580971197
0.3929853081208193
0.39651567488141554
0.39760661630210486
0.39872305773011024
0.4000583490855404
0.40294227637171776
0.40713972805219223
0.40750895447839314
0.4095201866206925
0.4099616892481151
0.41136013841676594
0.41238179355259597
0.41392332484692557
0.4146387148253953
0.415834284789375
0.41658341896580103
0.41758614344798023
0.41780113833766025
0.4239462868427155
0.42430794809809275
0.42506903373826116
0.42773651374870353
0.4364401136119723
0.4378650611690801
0.44165646110737655
0.44231778828254986
0.4428545082752905
0.4498586311465268
0.4507329327320489
0.4510873981654803
0.4529396964839735
0.4544318624345382
