0.0015067337747551239
0.0015067337747551239
0.0025638472368698117
0.003968549292170714
0.004235208950123578
0.004235208950123578
0.004235208950123578
0.004235208950123578
0.004235208950123578
0.00682820286593616
0.007291851913939002
0.007291851913939002
0.009289696957290901
0.009289696957290901
0.009871909450860736
0.010416344440937244
0.010416344440937244
0.013259668046244615
0.013259668046244615
0.013259668046244615
0.013259668046244615
0.013410649203355387
0.013410649203355387
0.013819741149622545
0.013819741149622545
0.013819741149622545
0.018218692348162018
0.02076533593545553
0.02076533593545553
0.034046334525156347
0.034450466489186975
0.034450466489186975
0.034450466489186975
0.034450466489186975
0.03446989053837976
0.03446989053837976
0.03446989053837976
0.03620902299127385
0.03620902299127385
0.040799519980877684
0.040799519980877684
0.040799519980877684
0.04843308644066008
0.04843308644066008
0.04843308644066008
0.04843308644066008
0.049046861061473414
0.049046861061473414
0.05185098850713586
0.05380936845825089
0.054569260102213156
0.054569260102213156
0.057907545227679304
0.057907545227679304
0.059802319586950335
0.059802319586950335
0.06353284118695059
0.06353284118695059
0.06353284118695059
0.06541324568992274
0.0656928419349865
0.06785701276465238
0.06785701276465238
0.06785701276465238
0.06785701276465238
0.06785701276465238
0.06785701276465238
0.06785701276465238
0.06785701276465238
0.07179058011995172
0.07260977573120334
0.07568307030338829
0.07568307030338829
0.07568307030338829
0.07641483617159454
0.07678638996757312
0.07678638996757312
0.07678638996757312
0.07678638996757312
0.07999946228794916
0.08385394542037511
0.08385394542037511
0.08385394542037511
0.08385394542037511
0.0853911342008493
0.08683741494441975
0.08797604016996356
0.0885190955406802
0.09432897635399234
0.09489764960898332
0.09580387897930003
0.09580387897930003
0.09780092139761407
0.09820503691008078
0.09884249665534722
0.09884249665534722
0.09967869922954835
0.09967869922954835
0.09967869922954835
0.09967869922954835
0.10212501948675046
0.10212501948675046
0.10212501948675046
0.10236347448354784
0.10236347448354784
0.10236347448354784
0.10428513727960637
0.10428513727960637
0.10554212215919334
0.1073380930815669
0.1073380930815669
0.10909686128014179
0.11069748744214883
0.11069748744214883
0.11258976914583375
0.11258976914583375
0.11258976914583375
0.1131361789741717
0.11486014027279404
0.1157633764147425
0.11857289168717582
0.11857289168717582
0.11907449452191782
0.12272077207244377
0.12395554093848782
0.12732623486639144
0.128499469845029
0.13169181340572633
0.13293177945471954
0.13293177945471954
0.13432816083136914
0.13432816083136914
0.13693415495200964
0.13867250916110838
0.1421235354082329
0.1421235354082329
0.1421235354082329
0.1421235354082329
0.1421235354082329
0.14577593164535396
0.14577593164535396
0.14889423398463658
0.15034059378818265
0.15284951297334337
0.15507582620483673
0.15602190726943818
0.15602190726943818
0.15602190726943818
0.16121160498591486
0.1628561766609396
0.1628561766609396
0.1628561766609396
0.16480565291022378
0.16480565291022378
0.16524795960067942
0.16524795960067942
0.16524795960067942
0.1654482118277686
0.16703670656498174
0.16703670656498174
0.16792999297429337
0.16792999297429337
0.17813053304479512
0.18050371911707913
0.18275537784877158
0.18294387376221147
0.18411040931715553
0.18411040931715553
0.18411040931715553
0.18411040931715553
0.18511080091046767
0.18585768749867007
0.1869843330307327
0.18997032232794597
0.18997032232794597
0.18997032232794597
0.18997032232794597
0.19251661585395607
0.19251661585395607
0.19251661585395607
0.19251661585395607
0.19527710707578938
0.19527710707578938
0.1962542159304389
0.1969475055131209
0.1969475055131209
0.1969475055131209
0.1973460556790329
0.1989464006133686
0.19940491682642264
0.20297925658425126
0.20471221284364077
0.20471221284364077
0.20520079757968454
0.20520079757968454
0.20574012829167448
0.20574012829167448
0.20574012829167448
0.2061397559780921
0.20706622327529575
0.20752351378708211
0.20752351378708211
0.20752351378708211
0.2079593174922874
0.2079593174922874
0.21077685799688547
0.21247310683857765
0.21465097537350836
0.21465097537350836
0.21649458977530114
0.21649458977530114
0.21801142973001875
0.21801142973001875
0.218377741266908
0.218377741266908
0.218377741266908
0.218377741266908
0.21850876386311638
0.21978133354553073
0.21978133354553073
0.21978133354553073
0.2234394563496189
0.22486374738362822
0.22572462885873282
0.227470646228335
0.22982427882269701
0.23096743148554402
0.23096743148554402
0.23096743148554402
0.2326850563461669
0.2326850563461669
0.24311040052815838
0.24412548623536637
0.24982878863820915
0.2520728829667447
0.2543674401653637
0.25744402873522
0.25947675538958703
0.25969364879789886
0.25969364879789886
0.2599844502909649
0.261398722265656
0.2633897848786005
0.2642997524188327
0.26979516404803916
0.26979516404803916
0.27147581265851045
0.27386986723020723
0.27386986723020723
0.2748183316170571
0.2762496509094563
0.2762496509094563
0.2762496509094563
0.2762496509094563
0.2805110658161666
0.2805110658161666
0.28220229315840223
0.28220229315840223
0.28270123281658105
0.28270123281658105
0.28357760521329484
0.28357760521329484
0.2850989875401344
0.2869562666693968
0.2869562666693968
0.2869562666693968
0.2869562666693968
0.2869562666693968
0.2869562666693968
0.2872301174863302
0.28882539218054426
0.28925290204790394
0.29279129743221205
0.29279129743221205
0.29530170442849935
0.2963140282463964
0.2963140282463964
0.2992024465232544
0.2992024465232544
0.3005909936074725
0.30647991987995443
0.30805338773866325
0.30843055524805035
0.3088690604043883
0.3105904142464025
0.3105904142464025
0.3105904142464025
0.3105904142464025
0.3166047000821579
0.3190197614921556
0.3224237797037005
0.3224237797037005
0.3224237797037005
0.32272215744109434
0.3235650428324392
0.3235650428324392
0.3246836137627661
0.3246836137627661
0.3261763111197117
0.3269654771247063
