0
0
0
0
0
0
0
0
0
0
0
0
0
0
0.0009595359944753
0.0025393070500071553
0.0025393070500071553
0.0025655660585113755
0.0025655660585113755
0.0025655660585113755
0.0029325156948249768
0.0029325156948249768
0.003446154661244896
0.004925243093880293
0.004925243093880293
0.004925243093880293
0.006302906403177051
0.008136866527603212
0.008136866527603212
0.008136866527603212
0.008662430625333103
0.010899222255102979
0.010899222255102979
0.010899222255102979
0.011853194165415148
0.0122363740774448
0.012619133831773087
0.014145284942401293
0.01753061353787899
0.01753061353787899
0.01953004443419826
0.01953004443419826
0.01953004443419826
0.022248358615228912
0.02250259738927201
0.02250259738927201
0.026386049258983926
0.026386049258983926
0.026386049258983926
0.026386049258983926
0.027136784133060268
0.027136784133060268
0.0318024935847938
0.03424970194678985
0.036775120156470074
0.036775120156470074
0.03703836125683978
0.03819608181937287
0.044705967155113005
0.04673125285089123
0.04855227703473459
0.04855227703473459
0.05068471933609228
0.05068471933609228
0.05300709538777539
0.0540931801134439
0.05559123026736943
0.055927117852281466
0.057935765096715046
0.0635051003847761
0.06457993918528458
0.06681253165980032
0.07153749707353142
0.07429790518655295
0.07571795333923888
0.07821711961309313
0.07821711961309313
0.07846165873679611
0.07923721834788171
0.08167987111098156
0.08167987111098156
0.08361759053514023
0.08485524922218178
0.08585418227854887
0.08585418227854887
0.08706678200718315
0.08869309392554922
0.08963429442400386
0.091625098530658
0.09638082222135712
0.0983965690249779
0.10175929779085315
0.10332016320932691
0.10592354592395152
0.10792987291851529
0.10985400370253731
0.11243014138633872
0.11378880759802436
0.11505768200502589
0.12398317588612233
