0.0020628789733787246
0.0020628789733787246
0.003742706760720879
0.007019144454752568
0.0070544473965041925
0.010156412174612193
0.019635992725646045
0.020141663660341553
0.023986343881689656
0.025651766789900284
0.031177569025167193
0.031735784708639476
0.03537628659770125
0.03789338954803738
0.04187207792058727
0.043761328994921085
0.05091880275221126
0.05124212411550017
0.05358726401522523
0.055563973476840604
0.055563973476840604
0.055563973476840604
0.05665838183595291
0.058709471667793896
0.05924906468431874
0.06311569735861025
0.063885928713844
0.06624655658355173
0.0771331668981289
0.07815036163576698
0.08128881726828438
0.08540117582066863
0.09719081583397493
0.09858240715572074
0.09960930602164605
0.09960930602164605
0.10031220773858263
0.10126539704413061
0.10451467113407001
0.10759123247383082
0.1095642799014237
0.11014417511695453
0.11869925640737687
0.12017600216050013
0.12147760126797502
0.12147760126797502
0.12407444404580213
0.12569605776462692
0.12642874437285898
0.14318680144756032
0.1435779815861649
0.1472524752402452
0.15060798055511937
0.15152953363513383
0.1539002683124362
0.15615451760494323
0.15701461239133077
0.15775968045564182
0.1623583564224404
0.16450785996439432
0.1671881614353529
0.1689804741645322
0.17004374030170905
0.17216824809388032
0.1734217839071615
0.17496009543342417
0.17568631528526094
0.1759974985487951
0.17752749164397355
0.18214849728127686
0.18313945680986723
0.18512444822749022
0.20032603382226064
0.20442150130384018
0.20905506227037418
0.21201650686292198
0.21883674010483659
0.21899077792704563
0.21945712933848144
0.2211334453972706
0.22659417189904169
0.22756167484057974
0.22876262786021365
0.22931359397051396
0.23092150295328798
0.23165993921418215
0.23299927682141672
0.2337815996856751
0.23500664256011497
0.23839853857744628
0.23949068777760077
0.24136931203143008
0.24249720659085533
0.24525316640884698
0.24664987619091752
0.24823329210051479
0.25156249778102374
0.2525501105279736
0.253540537228968
0.2581841524540864
