0
0
0
0
0
0
0
0
0
0
0
0
0.0021260970628059236
0.0021260970628059236
0.0034560771678995273
0.0034560771678995273
0.0034560771678995273
0.0034560771678995273
0.0034560771678995273
0.0034560771678995273
0.0034560771678995273
0.0034560771678995273
0.0034560771678995273
0.0034560771678995273
0.0034560771678995273
0.0034560771678995273
0.0034560771678995273
0.0034560771678995273
0.0034560771678995273
0.0034560771678995273
0.0034560771678995273
0.0034560771678995273
0.0034560771678995273
0.0034560771678995273
0.0034560771678995273
0.0034560771678995273
0.0034560771678995273
0.0034560771678995273
0.0034560771678995273
0.003908277121577487
0.003908277121577487
0.008471382660179947
0.011538230296815983
0.01262722683043265
0.01262722683043265
0.020033923081214922
0.020033923081214922
0.025408299786010113
0.03060112615862369
0.03060112615862369
