0
0
0
0
4.383304394943416e-05
0.0002188302373906714
0.0002188302373906714
0.0038100528163798617
0.0038100528163798617
0.006651979871011247
0.009131340325452026
0.009772953374474855
0.012080174116511164
0.016236644178768345
0.01985425242099604
0.01985425242099604
0.02036654118565493
0.02149588935705984
0.02822858627517972
0.028955348786323873
0.032514375354620435
0.032514375354620435
0.03643315052170298
0.03882512596640048
0.03998776808614987
0.03998776808614987
0.04069657766441716
0.04069657766441716
0.04404438028582382
0.044718275484915845
0.050744636491727634
0.05536151881830138
0.05716579425071769
0.059767914287192206
0.060979397784909635
0.06285077961556912
0.06373114861757861
0.0645593416923813
0.06488441262418926
0.0675744376430923
0.07121991683398494
0.07441969129177964
0.07936211593846565
0.07936211593846565
0.08241943827184332
0.08282764470621988
0.09071688598556488
0.09163692272819121
0.09513881767438732
0.09759197814363729
0.09814617107389137
0.09814617107389137
0.10243736539417324
0.10517965131543304
0.10847033587076169
0.11065123641161252
0.11151767224638724
0.11151767224638724
0.11919332321994139
0.1210599895349688
0.12363109247890046
0.12670499091081652
0.13115521817276546
0.1359637153129998
0.1365181093878813
0.14278857981142135
0.14472751367616724
0.14675438595040682
0.14675438595040682
0.14800157531960553
0.15951613145544863
0.16029893279332694
0.1652627157678728
0.17192447215770812
0.17417159628263879
0.17589721289422233
0.17735391995104302
0.18243028894894733
0.18632200377791175
0.18632200377791175
0.18712426402043802
0.18879774700085025
0.18879774700085025
0.19422581666023375
0.19575583422294862
0.19856230280110893
0.20019198751470532
0.20369405277525182
0.20555703777933101
0.20737338223568066
0.21525253830794727
0.21882421965356388
0.21907769113064432
0.2237742007392151
0.2265064109368613
0.2270817086544424
0.2292649989386853
0.23059296778431324
0.23094078107967267
0.2355706824280487
0.23824088369418564
0.24274932192432228
0.24351858548919586
0.2437262107872783
0.24580943885466044
0.25091072513753526
0.25433051806837303
0.25705687237973374
0.26009477377972834
0.26009477377972834
0.26404923634800226
0.2662785813992106
0.2675419887671997
0.27095733649182385
0.28998750329895834
0.29277865170100587
0.29408825303542785
0.2947028058421548
0.2957888715839615
0.29791426276869
0.299469643144968
0.3000214441513461
0.3000214441513461
0.3000214441513461
0.30103505739527564
0.30281379752247767
0.30376808541290273
0.30492949246631657
0.3068176331685896
0.3129855460533883
0.31371152001590863
0.3160623480916468
0.31780116828046345
0.31952307655030415
0.3208437551220828
0.32250220097264953
0.32432880305155004
0.32484230289657745
0.32692630786586646
0.33012340033337184
0.33156908117110057
0.3322590800884316
0.33299504984706774
0.33410280424653604
0.3349549541943855
0.33602366037262366
0.33891940501217477
0.3390954972061128
0.3394089099647502
0.3396478021782153
0.34170180531495076
0.3424433073642529
0.3432643058918612
0.3440933221401296
0.3457714099248368
0.35077159960481236
0.3522953779531953
0.3602143254435149
0.36213215482911393
0.363495998267871
0.3652788315713476
0.36771998929105176
0.36969640329125086
0.36969640329125086
0.3760950663233778
0.37820116399843023
0.3804369631832135
0.38122739295056635
0.38259573534440683
0.38575097779740297
0.38669344185800736
0.3873855109566148
0.38865946489757974
0.3910756104911839
0.3941313565178216
0.39452521428166093
0.3958486611242446
0.3963633825194989
0.3963633825194989
0.39748006690882476
0.39892845912489383
0.3997402117440291
0.401195304014682
0.40213280999258144
0.4032490287239351
0.40350427323023436
0.40978094123117753
0.4101653041970266
0.4109418338031037
0.41362545026749253
0.41948158453144513
0.42083786849240606
0.4238110707226313
0.42453793772764864
0.425027021565344
0.4311346331015582
0.43209229964873325
0.43209229964873325
0.4337791153690349
0.4337791153690349
