0
0
0
0
0
0
0
0
0
0
0
0
0
0
0
0
0
0
0
0
0
0
0
0
0
0
0
0
0
0.0017667624335789235
0.0017667624335789235
0.0017667624335789235
0.0017667624335789235
0.0017667624335789235
0.0017667624335789235
0.0017667624335789235
0.0017667624335789235
0.0025691270440733353
0.0025691270440733353
0.0025691270440733353
0.0025691270440733353
0.0025691270440733353
0.0025691270440733353
0.0025691270440733353
0.0025691270440733353
0.0025691270440733353
0.0025691270440733353
0.0025691270440733353
0.0025748660057359606
0.0025748660057359606
0.003313930165843759
0.003313930165843759
0.003313930165843759
0.003313930165843759
0.003313930165843759
0.003313930165843759
0.003313930165843759
0.003313930165843759
0.0037517506986317595
0.0037517506986317595
0.0037517506986317595
0.004764737423211801
0.004764737423211801
0.004764737423211801
0.004764737423211801
0.004764737423211801
0.004764737423211801
0.004764737423211801
0.004764737423211801
0.006057207814218977
0.006057207814218977
0.006930373485022091
0.006930373485022091
0.006930373485022091
0.006930373485022091
0.006930373485022091
0.019837084754113582
0.019837084754113582
0.019837084754113582
0.02023550275440609
0.02076195073825065
0.02076195073825065
0.021364229523251482
0.021364229523251482
0.021364229523251482
0.022433790498945835
0.022786244143719065
0.022786244143719065
0.02670600904467084
0.026954812801225823
0.026954812801225823
0.026954812801225823
0.027032448916144976
0.027032448916144976
0.02741399934876245
0.02741399934876245
0.02741399934876245
0.027933139513466574
0.027933139513466574
0.027933139513466574
0.027933139513466574
0.027933139513466574
0.027933139513466574
0.027933139513466574
0.02860048198635028
0.02860048198635028
0.02860048198635028
0.03039593721155433
0.032173304029584966
0.033631041032067745
0.033967320563806164
0.03509742992728781
0.035301091140522566
0.035301091140522566
0.03594886116304527
0.03594886116304527
0.03819130350222175
0.0387294277116605
0.041543140901746815
0.0421660541103717
0.044906615464173114
0.044906615464173114
0.04546170474930243
0.04546170474930243
0.04711657615523513
0.04813314519120196
0.04972137395046932
0.05247141138406646
0.053934093482976564
0.053934093482976564
0.055828867177236535
0.05738845245490837
0.0613028530883008
0.06377595137637096
0.06377595137637096
0.06377595137637096
0.06377595137637096
0.07370218864194307
0.07562775319937644
0.07805652693833087
0.07805652693833087
0.08050261688306742
0.08050261688306742
0.08413000299889156
0.08687749101049827
0.08789982523158174
0.08789982523158174
0.08789982523158174
0.08789982523158174
0.08977342436964518
0.08977342436964518
0.08977342436964518
0.09137077518733704
0.1044323660634465
0.1047986563123039
0.1047986563123039
0.1047986563123039
0.1047986563123039
0.10626118919038025
0.10626118919038025
0.10626118919038025
0.10671524218989552
0.12087941298813504
0.12360718881736191
0.1272751860913509
0.12755293569615664
0.12876181241575943
0.12876181241575943
0.12876181241575943
0.12876181241575943
0.12876181241575943
0.12936330100396687
0.12936330100396687
0.13336278938634313
0.13336278938634313
0.13336278938634313
0.13336278938634313
0.13711012693940328
0.13711012693940328
0.13711012693940328
0.13711012693940328
0.1398895589344449
0.1398895589344449
0.141740133406382
0.141740133406382
0.141740133406382
0.1510320378077568
0.1518205258281533
0.15457828503920115
0.15457828503920115
0.15832499714833773
0.15988992961451645
0.15988992961451645
0.15988992961451645
0.15988992961451645
0.16112723141664256
0.16112723141664256
0.16112723141664256
0.1617453679616376
0.1617453679616376
0.1617453679616376
0.1617453679616376
0.1617453679616376
0.16240963930055818
0.16240963930055818
0.16732245027843962
0.1689588211990255
0.17068222645581
0.17068222645581
0.1721766216172764
0.17333537588496936
0.17333537588496936
0.17513721561983142
0.17835544552626395
0.17835544552626395
0.18667870402540057
0.18667870402540057
0.18690026732118814
0.18690026732118814
0.1962451978780254
0.19890669971646466
0.20330833530257206
0.20330833530257206
0.20330833530257206
0.2047854296998459
0.2047854296998459
0.20632470459950586
0.20776385947256082
0.20776385947256082
0.20976352423273095
0.20976352423273095
0.22070596960852
0.22070596960852
0.22583314747787192
0.2276783261979303
0.2276783261979303
0.2276783261979303
0.2276783261979303
0.22796420222804312
0.22796420222804312
0.22830921324232922
0.22967068201403948
0.2317651364438165
0.2317651364438165
0.23772411679629019
0.23772411679629019
0.2395257401901364
0.24183585687444506
0.24183585687444506
0.24310031719865532
0.24442560928208132
0.24442560928208132
0.24442560928208132
0.24442560928208132
0.24858727983747364
0.24858727983747364
0.25065267811326597
0.25103478379712135
0.2515139840440095
0.2515139840440095
0.25218186039636487
0.25218186039636487
0.2533638878823042
0.25480073364872335
0.25480073364872335
0.25480073364872335
0.25480073364872335
0.25480073364872335
0.25480073364872335
0.25533898118806536
0.25533898118806536
0.25566257961619976
0.2593411720878735
0.2593411720878735
0.2619245753748596
0.2630729501291346
0.2630729501291346
0.2630729501291346
0.2630729501291346
0.2650329158695704
0.2650329158695704
0.2673985821245265
0.2673985821245265
0.26781644869727805
0.2704228870683969
0.2704228870683969
0.2704228870683969
0.2704228870683969
0.27587821960709236
0.27792379814632956
0.2801548916976905
0.2801548916976905
0.2801548916976905
0.280567709381791
0.28180664222502994
0.28180664222502994
0.28180664222502994
0.28180664222502994
0.28357552233973027
0.28357552233973027
