0.00036362949729613285
0.00036362949729613285
0.0014275263306635449
0.0026271909078491346
0.0026327447972378736
0.0026327447972378736
0.003017874405737599
0.012088234397869381
0.016559906645827724
0.017091597278143866
0.022287586752543588
0.02398414974661225
0.025435067210395106
0.030105801272420636
0.03353622145433878
0.03353622145433878
0.036301972749389746
0.03774611470489076
0.0423740785128266
0.043653822304345696
0.044150768747516764
0.04722508252658741
0.04992520330551847
0.05145228550519506
0.05433709088607461
0.05433709088607461
0.05542368243618032
0.05542368243618032
0.056727174057999444
0.05738563714081492
0.060752119132774146
0.06550837038780699
0.0686541042948792
0.06987162925203634
0.0720081312620881
0.07400955427196945
0.07471519816846918
0.07471519816846918
0.07508310389973881
0.07737668967356427
0.07981697363545344
0.08272158923241758
0.08774054341962748
0.08774054341962748
0.09113191174597791
0.09209987776216762
0.09936133798646381
0.10016236113230396
0.10324074228788337
0.10525308626784369
0.1059332115517969
0.1059332115517969
0.11034227504391529
0.11280770737702535
0.11569031021121544
0.11758776166171428
0.11842808272796418
0.11842808272796418
0.12466682277719988
0.12599753793414073
0.1291246370094185
0.13189455303086345
0.13776578980437904
0.14262887841285063
0.1430593105598141
0.14842488375406065
0.15087419169492147
0.15330014551175475
0.15330014551175475
0.15459559353495606
0.16504600118971202
0.16576297761879244
0.1703952675476988
0.17738557752469417
0.1795496496490191
0.18179452173850733
0.18335430015556295
0.19000437103937406
0.19320829571506207
0.19600734980579565
0.19682340695069864
0.19842681267049933
0.19842681267049933
0.20273253542261294
0.2041501928452385
0.2063347544368259
0.207916499700737
0.21140933702581843
0.21335143568915152
0.21484494803619794
0.2226939483204641
0.22590312257931183
0.22609596570914045
0.23157218624776663
0.23430530057721258
0.23471165547332387
0.23732514701518456
0.23904452482807112
0.23941742164002214
0.24463271063664335
0.2481399116539903
0.25252862765981493
0.2531167016861975
0.2533216360509045
0.255507156657766
0.2603857764674167
0.2635038786417333
0.2664374183889095
0.26948194031464884
0.26948194031464884
0.27363648465873047
0.2765175621462177
0.2774578325652788
0.2803020825258608
0.29702511898911577
0.3006384968494488
0.3018533057581194
0.3024387529979103
0.3035875455840277
0.30555499739782727
0.307159744527664
0.3076862248429051
0.3076862248429051
0.3076862248429051
0.30847154977787333
0.3105455346000521
0.31160623316925323
0.31276620113297815
0.31443982177614366
0.3205046658182952
0.3205046658182952
0.3229251196207382
0.3243609035161112
0.3257932694048145
0.32730686925145214
0.32893757820793834
0.33050602728654155
0.3308468891271773
0.33260318333581074
0.33544514926116303
0.33713456559635646
0.33774915739737366
0.3383443755885587
0.3393274926153166
0.34014444217767553
0.3411668240929628
0.34428422707050504
0.3444524248636572
0.3447641338910544
0.34494608659851844
0.34691813515399406
0.3475413623439323
0.3481777881933407
0.34901848318632356
0.3503037134317036
0.3541724675253594
0.35560252029272027
0.3637755527817227
0.36593279934783135
0.3675993232698009
0.36970841923666603
0.3722471345533111
0.37390008332502694
0.37390008332502694
0.3794167835822366
0.3814892868981397
0.38344227849536144
0.38417804997599236
0.38561451359926724
0.38903852308454
0.3899081558714734
0.39058886239153484
0.39172017781228485
0.3935704561736421
0.39710968430870736
0.39752602048359825
0.3986344113158111
0.39905609752280485
0.39905609752280485
0.40017883935793475
0.4016919692546126
0.4025035244683288
0.4036830995390209
0.4045014072853225
0.40551641980028313
0.4058007589096065
0.41320261886699555
0.41354727617415915
0.4145802171218321
0.4173613130834922
0.42376941568024346
0.4250091903616068
0.427433915232482
0.42807569874295726
0.4286237213885315
0.4347331782648698
0.4355419689073897
0.4355419689073897
0.4372114520401034
0.4372114520401034
