0
0
0
0
0
0
0
0
0
0
0.00011703344506715071
0.00011703344506715071
0.0005573355087918195
0.0005573355087918195
0.0005573355087918195
0.0005573355087918195
0.0005573355087918195
0.001445972063157532
0.001445972063157532
0.001445972063157532
0.001445972063157532
0.001445972063157532
0.001445972063157532
0.00237586310210511
0.00237586310210511
0.00237586310210511
0.006173495251742184
0.006735288492866848
0.007679768795568982
0.021166768308897202
0.021166768308897202
0.021166768308897202
0.021166768308897202
0.021166768308897202
0.021166768308897202
0.021940428762807367
0.021940428762807367
0.022641889348312242
0.023711071436485626
0.023711071436485626
0.023711071436485626
0.023711071436485626
0.026242164019856126
0.026242164019856126
0.026242164019856126
0.026242164019856126
0.026242164019856126
0.027150329905151444
0.027889464250200873
0.02966323707434986
0.030343449175706565
0.03089801121904901
0.03089801121904901
0.03089801121904901
0.03591977966639089
0.03778670750339366
0.03778670750339366
0.03778670750339366
0.03818039025824766
0.03818039025824766
0.03818039025824766
0.03973203317885997
0.03973203317885997
0.03973203317885997
0.03973203317885997
0.03973203317885997
0.03973203317885997
0.03973203317885997
0.03973203317885997
0.04029511565320524
0.040669196710069085
0.04332145901794847
0.04332145901794847
0.04332145901794847
0.04332145901794847
0.04371313853451398
0.04371313853451398
0.04371313853451398
0.04371313853451398
0.04504742027289039
0.04698678206459638
0.047811627861662424
0.04924370897820536
0.04924370897820536
0.050932715669301735
0.052041415906737956
0.05275412784929948
0.05336137374679963
0.059265487840280115
0.05984911278937652
0.06012361339047662
0.06012361339047662
0.063600378727366
0.063600378727366
0.06527382017404883
0.06527382017404883
0.06527382017404883
0.06566088253389342
0.06566088253389342
0.06566088253389342
0.06566088253389342
0.06566088253389342
0.06566088253389342
0.06586739542794408
0.06713251200508506
0.06713251200508506
0.06713251200508506
0.06754496810693673
0.07119565835415946
0.07352978264688169
0.07376558228444098
0.07609965430455984
0.07609965430455984
0.07609965430455984
0.07759948582717423
0.07917523762371007
0.08076456542859546
0.08076456542859546
0.08415668080346415
0.08616202337284597
0.08616202337284597
0.08616202337284597
0.08649535484137406
0.08960337794508276
0.09152869215823468
0.09357975579628454
0.09482812005182248
0.09901119201388846
0.09988855465019617
0.09988855465019617
0.10151262740013152
0.1021233858161711
0.10477230550975151
0.10733467893461333
0.10733467893461333
0.10733467893461333
0.10733467893461333
0.11526292440264342
0.11740957714136589
0.11988110529436367
0.11988110529436367
0.12220778535706331
0.12220778535706331
0.12565405651792608
0.12745299894278206
0.12870017157914632
0.12870017157914632
0.12870017157914632
0.12870017157914632
0.12997676783668374
0.12997676783668374
0.12997676783668374
0.13188432426714009
0.1480049629218064
0.14849189286703735
0.14849189286703735
0.14849189286703735
0.14990942781356245
0.14990942781356245
0.14990942781356245
0.14990942781356245
0.1504488989701906
0.1643729205088579
0.165387517721638
0.1688919308999571
0.16910081077215772
0.17014823211226365
0.17014823211226365
0.17014823211226365
0.17014823211226365
0.17014823211226365
0.17124004992154637
0.17124004992154637
0.17458333096157427
0.17458333096157427
0.17458333096157427
0.17458333096157427
0.17684815206800192
0.17684815206800192
0.17684815206800192
0.17684815206800192
0.17889753285085325
0.17889753285085325
0.17990945217378118
0.17990945217378118
0.17990945217378118
0.18641357724452476
0.1869079412022738
0.18936584438088713
0.18936584438088713
0.19260013250409586
0.1938347573398019
0.1938347573398019
0.1938347573398019
0.1938347573398019
0.19473485876266292
0.19473485876266292
0.19473485876266292
0.1950769986117631
0.19605921308550275
0.19648812548017391
0.19648812548017391
0.19648812548017391
0.19707270197681764
0.19707270197681764
0.20033440084038506
0.20138368812548602
0.20320148411297972
0.20320148411297972
0.20426465533867585
0.2047959629282473
0.20626130859941672
0.20729499203837515
0.20919618043922336
0.20919618043922336
0.2158661025978647
0.2158661025978647
0.2160281442390901
0.2160281442390901
0.225470159012187
0.22717917502359783
0.2311675231918887
0.2311675231918887
0.2311675231918887
0.23207527236821868
0.23207527236821868
0.23278385039565683
0.2338062003179991
0.2338062003179991
0.23633024180049902
0.23633024180049902
0.24609135142666588
0.24609135142666588
0.2521645191543287
0.2536040117429772
0.2549137012626189
0.2549137012626189
0.2549137012626189
0.25514817192749023
0.25514817192749023
0.2557251202974479
0.2570145428852143
0.25834097758089775
0.25834097758089775
0.26240757999974523
0.26240757999974523
0.26325982667992925
0.26325982667992925
0.26325982667992925
0.26403999787844395
0.26562267661636496
0.26562267661636496
0.26562267661636496
0.26562267661636496
0.2692079700927752
0.2692079700927752
0.2712203398780492
0.2712203398780492
0.27143011654960497
0.27143011654960497
0.27214922787347134
0.27214922787347134
0.2733947892233516
0.2746805398838866
0.2746805398838866
0.2746805398838866
0.2746805398838866
0.2842149175199511
0.2842149175199511
0.2844874935367222
0.2844874935367222
0.28494230305209745
0.28893632938566444
0.28893632938566444
0.29194259274999423
0.2937569498955169
0.2937569498955169
0.2937569498955169
0.2953443204377717
0.29671622324837726
0.29671622324837726
0.29873608395627854
0.2992076400481367
0.29946330527466686
0.30110615698564586
0.30110615698564586
0.30110615698564586
0.30110615698564586
0.30669246125893374
0.3080559068825642
0.3104006705592432
0.3104006705592432
0.3104006705592432
0.3108469632383753
0.3123116770433435
0.3123116770433435
0.3123116770433435
0.3123116770433435
0.3133836893735997
0.3133836893735997
