0
0
0
0
0
0
0.0025509661896903632
0.0025509661896903632
0.0025509661896903632
0.0033147169592563923
0.0033147169592563923
0.0033147169592563923
0.005175332591711194
0.005772282277508302
0.006358315884419625
0.007874371909978164
0.010829102175356396
0.01117189633673211
0.01117189633673211
0.01117189633673211
0.01117189633673211
0.01117189633673211
0.012398598981657924
0.012398598981657924
0.012398598981657924
0.012398598981657924
0.012917862916648638
0.01479833498729164
0.029963347617110496
0.0304143545523424
0.03302193245911693
0.03754238224900454
0.03977542097765482
0.041341781119198805
0.041993754903540174
0.04238105956293657
0.04309535470337541
0.044784481678857235
0.048121778741328704
0.05457412689455951
0.056857696812501225
0.0575901717753438
0.0674766654874265
0.069790926602825
0.07329927992550916
0.07375175857386923
0.07595304248575169
0.07879232724817628
0.0796676405150231
0.10138586986205828
0.10216670832164416
0.10412765982140416
0.10848921880806806
0.11031889688799464
0.11306627333872551
0.11564497348959987
0.11796493205649908
0.11887649377154785
0.12458664222052364
0.12659923509035698
0.1291939128293518
0.13129747712999496
0.13346517625791046
0.13621458352370525
0.1384805011700254
0.13970951915898774
0.1417335834330571
0.14213502999683086
0.14390800258562636
0.14780086040756976
0.1489743780841336
0.15115582878532832
0.1543385554276081
0.1582176378981219
0.1621610709200854
0.16457610358691657
0.1724525205046508
0.17268460363492316
0.17338889352986311
0.1759518529492389
0.18154423982775386
0.18361873012322885
0.18528984582412786
0.1858562075573385
0.18809300489885394
0.18938891076146772
0.1904184331144004
0.19124215397469427
0.19292866758400729
0.19636760813090606
0.19779069227086626
0.2006804805134268
0.202402395901798
0.2056770208383391
0.20823671698969928
0.21026870472940648
0.21319079988536047
0.21476785026048142
0.21613707985870934
0.22042417545483686
