0 91 88 1.88 [8203, 8294, 8284] [91, 90, 88]
1 51 65 1.17 [4381, 4342, 4345, 4349, 4371, 4389, 4401] [51, 52, 53, 45, 64, 63, 65]
2 73 71 1.32 [2496, 2502, 2480, 2516, 2509, 2527] [73, 72, 74, 70, 69, 71]
3 98 76 1.21 [3209, 3223, 3215, 3213] [98, 96, 75, 76]
4 57 61 1.29 [5885, 5956, 5878, 6000, 5863] [57, 58, 59, 60, 61]
5 62 90 1.85 [2564, 2552, 2548, 2603, 2592, 2590, 2569, 2567, 2557, 2595] [62, 61, 60, 54, 55, 56, 59, 91, 92, 90]
6 86 66 1.45 [4712, 4675, 4631] [86, 84, 66]
7 80 98 1.17 [3412, 3362] [80, 98]
8 94 82 1.23 [3331, 3372, 3343, 3364, 3342, 3403, 3400, 3333, 3336, 3396] [94, 93, 95, 97, 92, 96, 98, 83, 81, 82]
9 63 45 1.8 [9162, 9177, 9234, 9267, 9226, 9064, 9252] [63, 64, 65, 67, 47, 46, 45]
10 87 55 1.46 [2240, 2244, 2274, 2284, 2246, 2245] [87, 89, 88, 54, 56, 55]
11 66 61 1.96 [5188, 5103, 5205, 5101, 5124] [66, 68, 67, 62, 61]
12 59 77 1.02 [3896] [59]
13 87 92 1.14 [4043, 3966, 3995, 3980, 3962] [87, 89, 88, 91, 92]
14 69 51 1.2 [2509, 2522, 2511, 2539] [69, 70, 52, 51]
15 69 53 1.45 [5190] [69]
16 57 97 1.41 [5111, 5101] [57, 97]
17 63 58 1.3 [3020, 3042] [63, 58]
18 48 69 1.97 [3126, 3131, 3095, 3123, 3066, 3064, 3104] [48, 49, 50, 53, 70, 71, 69]
19 75 58 1.74 [2068, 2059] [75, 58]
20 80 84 1.18 [6358, 6399, 6274, 6258, 6264] [80, 78, 79, 85, 84]
21 58 92 1.95 [2476, 2509, 2526, 2494, 2522, 2489, 2499, 2474, 2523, 2513] [58, 57, 59, 56, 55, 54, 62, 91, 90, 92]
22 53 84 1.86 [3102, 3091, 3070, 3136, 3133, 3108, 3077] [53, 52, 51, 50, 85, 86, 84]
23 82 76 1.78 [2870, 2903, 2861, 2865, 2852] [82, 83, 81, 77, 76]
24 84 48 1.98 [2954, 3012, 2961, 2989, 2971, 2994] [84, 86, 85, 50, 49, 48]
25 54 63 1.01 [7852, 7887, 7810, 7784, 7826, 7868] [54, 56, 55, 65, 64, 63]
26 78 73 1.4 [2638, 2627, 2648, 2654, 2610, 2625, 2632] [78, 79, 80, 77, 72, 74, 73]
27 86 90 1.78 [4863, 4873, 4923, 4845, 4887, 4913, 4943, 4859] [86, 85, 84, 81, 89, 91, 92, 90]
28 76 53 1.91 [2986, 3024, 3033, 3029, 3032, 3028, 3041, 3017, 3034] [76, 75, 77, 74, 72, 73, 51, 52, 53]
29 52 92 1.04 [2682, 2684, 2671, 2694] [52, 51, 90, 92]
30 77 90 1.48 [2859, 2802, 2812] [77, 75, 90]
31 46 81 1.08 [5498, 5489, 5485] [46, 47, 81]
32 94 87 1.15 [2840, 2842, 2855, 2837, 2869] [94, 95, 93, 89, 87]
33 47 77 1.48 [2125, 2121, 2090, 2120, 2091, 2130, 2124, 2101, 2112] [47, 45, 46, 49, 48, 50, 75, 76, 77]
34 80 71 1.45 [2402, 2425, 2381, 2383, 2384, 2427, 2390, 2379, 2426] [80, 79, 78, 74, 72, 73, 69, 70, 71]
35 73 70 1.86 [3608, 3599, 3559, 3624, 3568] [73, 74, 72, 71, 70]
36 91 97 1.73 [13354, 13277, 13327, 13475] [91, 92, 96, 97]
37 75 51 1.25 [3063, 3064, 3047] [75, 76, 51]
38 97 63 1.34 [2329, 2338, 2351, 2374, 2365, 2328, 2376] [97, 98, 96, 94, 65, 64, 63]
39 49 56 1.51 [4562] [49]
40 62 71 1.09 [4310, 4336, 4343, 4319] [62, 60, 70, 71]
41 73 73 1.72 [3290, 3233, 3288] [73, 72, 74]
42 96 51 1.6 [3748, 3756, 3759, 3754, 3743] [96, 98, 97, 53, 51]
43 51 80 1.6 [5886, 5956, 5871, 5917, 5946, 5859, 5912] [51, 52, 53, 48, 78, 79, 80]
44 48 73 1.03 [2228] [48]
45 61 94 1.94 [3026, 3044, 3066, 3063, 3048, 2999, 3064, 3023, 2994] [61, 60, 62, 57, 58, 59, 93, 95, 94]
46 48 81 1.85 [6856, 6930, 6828] [48, 50, 81]
47 91 73 1.05 [3352, 3304, 3319, 3333, 3334, 3356, 3326, 3293, 3311, 3367] [91, 90, 92, 95, 93, 94, 98, 74, 72, 73]
48 74 89 1.78 [11899, 11914, 11840, 11948, 11870, 11855, 12002, 12007, 11845] [74, 72, 73, 77, 76, 75, 88, 87, 89]
49 92 47 1.19 [11885, 11900, 11919, 11830] [92, 90, 45, 47]
50 52 48 1.99 [17968, 18102, 17917, 18080, 17946, 18094, 18154, 18072, 18043, 17850] [52, 53, 51, 46, 45, 47, 68, 50, 49, 48]
51 65 48 1.1 [2048, 2046, 2030, 2064, 2028, 2031, 2050, 2068, 2039] [65, 64, 63, 66, 69, 71, 50, 49, 48]
52 53 54 2.0 [14496, 14236, 14260, 14408, 14544] [53, 52, 51, 55, 54]
53 64 97 1.88 [3554, 3542] [64, 97]
54 84 54 1.95 [3859, 3897, 3907, 3824, 3848] [84, 86, 85, 56, 54]
55 90 46 1.32 [3483, 3463, 3495, 3462, 3492] [90, 91, 92, 45, 46]
56 64 48 1.04 [2074] [64]
57 64 71 1.63 [2702, 2755, 2743, 2759, 2727] [64, 65, 63, 69, 71]
58 90 49 1.4 [2060] [90]
59 92 45 1.82 [4028] [92]
60 65 91 1.43 [2237, 2207, 2249, 2206, 2246, 2213] [65, 63, 64, 92, 90, 91]
61 81 98 1.04 [5343, 5374, 5346, 5361, 5363, 5390, 5321, 5412, 5386, 5328] [81, 83, 82, 86, 85, 87, 84, 97, 96, 98]
62 90 49 1.83 [2613, 2640, 2614, 2616, 2585, 2642, 2637, 2645, 2638, 2634] [90, 91, 92, 95, 93, 94, 98, 48, 50, 49]
63 86 74 1.9 [2194, 2200, 2176, 2196, 2217, 2210, 2199, 2197, 2178, 2175] [86, 85, 84, 83, 82, 81, 89, 73, 72, 74]
64 60 63 1.93 [2124, 2119, 2118, 2111, 2104, 2128, 2096, 2103, 2105, 2078] [60, 61, 62, 57, 58, 59, 56, 64, 65, 63]
65 64 83 1.74 [2286, 2292, 2249, 2276, 2275] [64, 65, 63, 82, 83]
66 90 97 1.74 [10878, 10842, 11077, 11054, 11086, 10892, 10901, 11095, 10977] [90, 91, 92, 95, 93, 94, 96, 98, 97]
67 47 94 1.63 [3801, 3792] [47, 94]
68 75 74 2.0 [2703] [75]
69 60 63 1.78 [8715, 8740, 8772, 8758, 8812] [60, 61, 62, 65, 63]
70 49 58 1.22 [2492, 2517, 2505, 2483, 2472, 2523, 2506, 2497] [49, 50, 48, 46, 45, 59, 57, 58]
71 70 49 1.15 [2077, 2078, 2087, 2074] [70, 69, 50, 49]
72 48 75 1.01 [6367, 6296, 6327, 6309, 6401, 6422, 6293, 6311, 6301] [48, 49, 50, 46, 47, 45, 76, 77, 75]
73 59 69 1.55 [3951, 3992, 4000, 3982] [59, 58, 70, 69]
74 62 65 1.23 [2504, 2517, 2543, 2536, 2541, 2549, 2500] [62, 60, 61, 57, 63, 64, 65]
75 78 60 1.34 [5947, 5888, 5845, 5971, 5927, 5893] [78, 79, 80, 62, 61, 60]
76 75 56 1.08 [2661, 2667, 2711] [75, 77, 56]
77 59 52 1.03 [4570, 4559] [59, 52]
78 47 76 1.14 [2541, 2565, 2551, 2588, 2590, 2571, 2548] [47, 46, 45, 49, 75, 77, 76]
79 98 48 1.08 [2868, 2867, 2878, 2845, 2884, 2898, 2892, 2853] [98, 96, 97, 95, 93, 50, 49, 48]
80 81 98 1.74 [5911, 5839, 5851, 5817, 5885, 5933, 5805, 5832, 5802, 5880] [81, 83, 82, 87, 88, 86, 89, 97, 96, 98]
81 98 47 1.17 [2934, 2912, 2925, 2919, 2928, 2932, 2945] [98, 96, 97, 95, 45, 46, 47]
82 87 84 1.11 [8091, 8179] [87, 84]
83 82 74 1.23 [4654, 4736, 4734, 4680, 4701] [82, 83, 81, 72, 74]
84 98 80 1.1 [2266, 2296, 2271, 2291, 2279, 2272, 2267, 2255] [98, 96, 97, 93, 95, 78, 79, 80]
85 53 50 1.14 [3962, 3953, 3983, 3978, 3946, 3944, 3948, 3965] [53, 52, 51, 46, 47, 48, 49, 50]
86 79 48 1.25 [4290, 4262, 4354, 4263, 4324, 4343, 4295] [79, 78, 80, 73, 50, 49, 48]
87 53 58 1.98 [2077, 2082, 2114] [53, 52, 58]
88 53 61 1.56 [3613, 3672, 3681, 3642, 3615] [53, 52, 51, 60, 61]
89 53 47 1.92 [2462, 2463, 2453, 2485, 2479, 2487] [53, 52, 51, 45, 46, 47]
90 48 65 1.76 [2944, 2938] [48, 65]
91 46 89 1.96 [7245, 7224] [46, 89]
92 94 73 1.2 [4317, 4305, 4309, 4282, 4303, 4256, 4339, 4328, 4310, 4252] [94, 93, 95, 98, 96, 91, 90, 74, 72, 73]
93 67 47 1.57 [14848, 14714, 14872] [67, 66, 45]
94 67 90 1.88 [4669, 4687, 4700, 4646, 4714, 4640, 4642, 4722, 4727] [67, 66, 68, 71, 70, 69, 92, 91, 90]
95 89 75 1.79 [4606, 4627, 4642, 4589, 4610, 4572, 4648, 4658, 4623] [89, 88, 87, 82, 83, 85, 77, 76, 75]
96 75 65 1.21 [4411, 4357, 4382, 4317, 4351, 4315, 4375, 4385, 4407] [75, 76, 77, 79, 78, 80, 63, 64, 65]
97 95 82 1.76 [4214, 4186, 4252, 4204, 4184, 4233, 4235] [95, 93, 94, 98, 81, 83, 82]
98 89 91 1.79 [8736, 8754, 8646, 8703, 8689, 8682] [89, 88, 87, 92, 90, 91]
99 97 88 1.22 [2686, 2678, 2739, 2699, 2713, 2687] [97, 98, 96, 89, 87, 88]
