0 56 94 1.88 [8203, 8294, 8284] [56, 56, 56]
1 58 98 1.33 [2205, 2228, 2208] [58, 58, 58]
2 46 86 1.96 [2867, 2852, 2851, 2860, 2884, 2887, 2861, 2899] [46, 46, 46, 46, 46, 46, 46, 46]
3 51 85 1.81 [4962, 4921, 4937, 4984, 4941, 4915, 4935, 4923] [51, 51, 51, 51, 51, 51, 51, 51]
4 46 87 1.77 [2656, 2626, 2619, 2651, 2616] [46, 46, 46, 46, 46]
5 45 88 1.86 [6174, 6121, 6090, 6082] [45, 45, 45, 45]
6 57 94 1.28 [4870, 4886, 4850, 4812, 4874, 4828] [57, 57, 57, 57, 57, 57]
7 53 97 1.17 [3412, 3362] [53, 53]
8 57 93 1.23 [3331, 3372, 3343, 3364, 3342, 3403, 3400, 3333, 3336, 3396] [57, 57, 57, 57, 57, 57, 57, 57, 57, 57]
9 49 84 1.8 [9162, 9177, 9234, 9267, 9226, 9064, 9252] [49, 49, 49, 49, 49, 49, 49]
10 55 86 1.46 [2240, 2244, 2274, 2284, 2246, 2245] [55, 55, 55, 55, 55, 55]
11 50 88 1.96 [5188, 5103, 5205, 5101, 5124] [50, 50, 50, 50, 50]
12 48 92 1.02 [3896] [48]
13 55 95 1.14 [4043, 3966, 3995, 3980, 3962] [55, 55, 55, 55, 55]
14 51 85 1.2 [2509, 2522, 2511, 2539] [51, 51, 51, 51]
15 51 98 1.09 [2292, 2303, 2304, 2342, 2331, 2311, 2316, 2298] [51, 51, 51, 51, 51, 51, 51, 51]
16 58 88 1.63 [2515, 2518, 2477] [58, 58, 58]
17 45 88 1.39 [2143, 2167, 2171, 2146, 2166] [45, 45, 45, 45, 45]
18 46 85 1.22 [4459] [46]
19 56 92 1.76 [2155, 2177, 2136, 2146, 2152, 2153, 2170, 2142, 2187, 2138] [56, 56, 56, 56, 56, 56, 56, 56, 56, 56]
20 48 95 1.95 [2476, 2509, 2526, 2494, 2522, 2489, 2499, 2474, 2523, 2513] [48, 48, 48, 48, 48, 48, 48, 48, 48, 48]
21 47 98 1.9 [4903, 4972, 4885, 4852, 4956, 4952, 4911, 4863, 4927] [47, 47, 47, 47, 47, 47, 47, 47, 47]
22 58 91 1.78 [2870, 2903, 2861, 2865, 2852] [58, 58, 58, 58, 58]
23 54 84 1.98 [2954, 3012, 2961, 2989, 2971, 2994] [54, 54, 54, 54, 54, 54]
24 47 88 1.01 [7852, 7887, 7810, 7784, 7826, 7868] [47, 47, 47, 47, 47, 47]
25 53 91 1.4 [2638, 2627, 2648, 2654, 2610, 2625, 2632] [53, 53, 53, 53, 53, 53, 53]
26 55 95 1.78 [4863, 4873, 4923, 4845, 4887, 4913, 4943, 4859] [55, 55, 55, 55, 55, 55, 55, 55]
27 52 86 1.91 [2986, 3024, 3033, 3029, 3032, 3028, 3041, 3017, 3034] [52, 52, 52, 52, 52, 52, 52, 52, 52]
28 46 95 1.04 [2682, 2684, 2671, 2694] [46, 46, 46, 46]
29 53 95 1.48 [2859, 2802, 2812] [53, 53, 53]
30 45 93 1.08 [5498, 5489, 5485] [45, 45, 45]
31 57 94 1.15 [2840, 2842, 2855, 2837, 2869] [57, 57, 57, 57, 57]
32 45 92 1.48 [2125, 2121, 2090, 2120, 2091, 2130, 2124, 2101, 2112] [45, 45, 45, 45, 45, 45, 45, 45, 45]
33 53 90 1.45 [2402, 2425, 2381, 2383, 2384, 2427, 2390, 2379, 2426] [53, 53, 53, 53, 53, 53, 53, 53, 53]
34 52 90 1.86 [3608, 3599, 3559, 3624, 3568] [52, 52, 52, 52, 52]
35 56 98 1.21 [10125, 9952, 10030, 9973, 10010] [56, 56, 56, 56, 54]
36 58 91 1.52 [2222, 2223, 2211] [58, 58, 58]
37 58 88 1.34 [2329, 2338, 2351, 2374, 2365, 2328, 2376] [58, 58, 58, 58, 58, 58, 58]
38 46 86 1.51 [4562] [46]
39 58 88 1.57 [13546, 13423] [58, 58]
40 54 97 1.45 [15627, 15538, 15265, 15621, 15526, 15322, 15589] [54, 54, 54, 54, 55, 57, 59]
41 47 97 1.5 [9050, 9091, 9065, 8987, 8954, 8972, 8980, 8969, 8943, 8939] [45, 45, 46, 46, 46, 46, 48, 48, 48, 48]
42 53 95 1.45 [4102, 4044, 4075, 4096, 4035, 4072] [53, 53, 53, 53, 53, 53]
43 45 91 1.03 [2228] [45]
44 49 96 1.94 [3026, 3044, 3066, 3063, 3048, 2999, 3064, 3023, 2994] [49, 49, 49, 49, 49, 49, 49, 49, 49]
45 45 93 1.85 [6856, 6930, 6828] [48, 48, 48]
46 56 91 1.05 [3352, 3304, 3319, 3333, 3334, 3356, 3326, 3293, 3311, 3367] [56, 55, 58, 58, 58, 58, 59, 59, 59, 59]
47 58 97 1.7 [3555, 3559, 3537, 3570, 3546, 3542, 3586, 3587, 3539] [59, 59, 59, 59, 59, 59, 59, 59, 59]
48 56 84 1.19 [11885, 11900, 11919, 11830] [59, 59, 60, 60]
49 46 84 1.99 [17968, 18102, 17917, 18080, 17946, 18094, 18154, 18072, 18043, 17850] [50, 50, 50, 52, 52, 60, 60, 60, 61, 61]
50 50 98 1.86 [2131, 2131, 2129, 2112, 2148, 2110, 2114, 2133, 2122] [50, 48, 48, 48, 48, 45, 46, 47, 47]
51 47 86 2.0 [14496, 14236, 14260, 14408, 14544] [51, 61, 61, 61, 62]
52 49 97 1.88 [3554, 3542] [53, 53]
53 54 86 1.95 [3859, 3897, 3907, 3824, 3848] [59, 59, 60, 62, 62]
54 56 84 1.32 [3483, 3463, 3495, 3462, 3492] [62, 62, 62, 62, 62]
55 49 84 1.04 [2074] [51]
56 58 88 1.46 [3295, 3360, 3345, 3365, 3325] [61, 62, 62, 62, 62]
57 58 95 1.89 [2153] [54]
58 56 84 1.82 [4028] [62]
59 50 95 1.43 [2237, 2207, 2249, 2206, 2246, 2213] [53, 53, 53, 53, 56, 62]
60 54 97 1.04 [5343, 5374, 5346, 5361, 5363, 5390, 5321, 5412, 5386, 5328] [62, 62, 62, 62, 63, 63, 63, 63, 63, 63]
61 56 85 1.83 [2613, 2640, 2614, 2616, 2585, 2642, 2637, 2645, 2638, 2634] [62, 63, 63, 63, 63, 63, 63, 63, 63, 63]
62 55 91 1.9 [2194, 2200, 2176, 2196, 2217, 2210, 2199, 2197, 2178, 2175] [63, 63, 63, 63, 63, 63, 63, 63, 63, 63]
63 48 88 1.93 [2124, 2119, 2118, 2111, 2104, 2128, 2096, 2103, 2105, 2078] [62, 63, 63, 63, 63, 63, 63, 63, 63, 63]
64 49 93 1.74 [2286, 2292, 2249, 2276, 2275] [64, 64, 64, 64, 64]
65 56 97 1.74 [10878, 10842, 11077, 11054, 11086, 10892, 10901, 11095, 10977] [64, 64, 64, 64, 64, 64, 64, 65, 65]
66 45 96 1.63 [3801, 3792] [65, 65]
67 52 91 2.0 [2703] [64]
68 48 88 1.78 [8715, 8740, 8772, 8758, 8812] [65, 65, 65, 65, 65]
69 46 98 1.21 [16670, 16568, 16554, 16718] [65, 66, 66, 66]
70 55 89 1.67 [2322, 2319, 2365, 2327, 2347, 2331, 2353] [66, 66, 66, 66, 66, 66, 66]
71 54 95 1.49 [3836, 3846, 3888, 3883, 3840] [66, 66, 66, 66, 66]
72 48 85 1.98 [5517, 5512, 5393] [66, 67, 67]
73 48 90 1.55 [3951, 3992, 4000, 3982] [67, 67, 67, 67]
74 49 89 1.23 [2504, 2517, 2543, 2536, 2541, 2549, 2500] [66, 67, 67, 67, 67, 67, 67]
75 53 87 1.34 [5947, 5888, 5845, 5971, 5927, 5893] [67, 67, 67, 67, 67, 67]
76 52 86 1.08 [2661, 2667, 2711] [67, 67, 67]
77 48 85 1.03 [4570, 4559] [67, 68]
78 45 91 1.14 [2541, 2565, 2551, 2588, 2590, 2571, 2548] [67, 68, 68, 68, 68, 68, 68]
79 58 84 1.08 [2868, 2867, 2878, 2845, 2884, 2898, 2892, 2853] [68, 68, 68, 68, 68, 68, 68, 68]
80 54 97 1.74 [5911, 5839, 5851, 5817, 5885, 5933, 5805, 5832, 5802, 5880] [68, 68, 68, 68, 68, 68, 68, 68, 68, 69]
81 58 84 1.17 [2934, 2912, 2925, 2919, 2928, 2932, 2945] [69, 69, 69, 69, 69, 69, 69]
82 55 93 1.11 [8091, 8179] [69, 69]
83 54 91 1.23 [4654, 4736, 4734, 4680, 4701] [69, 69, 69, 69, 69]
84 58 92 1.1 [2266, 2296, 2271, 2291, 2279, 2272, 2267, 2255] [69, 69, 69, 69, 69, 69, 69, 69]
85 47 85 1.14 [3962, 3953, 3983, 3978, 3946, 3944, 3948, 3965] [69, 69, 70, 70, 70, 70, 70, 70]
86 53 84 1.25 [4290, 4262, 4354, 4263, 4324, 4343, 4295] [70, 70, 70, 70, 70, 70, 70]
87 47 87 1.98 [2077, 2082, 2114] [69, 70, 70]
88 47 88 1.56 [3613, 3672, 3681, 3642, 3615] [70, 70, 70, 70, 70]
89 47 98 1.2 [13979, 14020, 14026, 13968, 14153, 14118, 13870, 14176, 13974] [70, 71, 71, 71, 71, 71, 71, 72, 72]
90 58 96 1.11 [3180] [70]
91 56 96 1.19 [3464, 3434, 3444, 3406, 3411, 3423, 3450, 3461, 3451] [70, 71, 71, 71, 72, 72, 72, 72, 72]
92 55 90 1.75 [4879, 4839, 4947] [72, 72, 72]
93 55 92 1.98 [4448, 4407, 4465, 4436, 4396] [72, 72, 72, 72, 72]
94 58 85 1.65 [9331, 9358, 9250, 9385] [72, 73, 73, 73]
95 45 84 1.91 [5425, 5429, 5452, 5412, 5416, 5392, 5463, 5434] [73, 73, 73, 73, 73, 73, 73, 73]
96 48 90 1.8 [2174, 2189, 2168, 2195, 2185, 2182, 2194, 2162] [71, 72, 73, 73, 73, 73, 73, 73]
97 51 85 1.7 [14941, 15064, 15021, 14794, 14892, 14880, 14782, 15015, 14843, 14776] [74, 74, 74, 74, 74, 75, 75, 75, 75, 75]
98 54 93 1.94 [6099, 6101, 6022, 6054, 6066] [73, 74, 74, 75, 75]
99 47 90 1.82 [3113, 3061, 3064, 3071, 3053] [73, 75, 76, 76, 76]
