0 91 88 1.88 [8203, 8294, 8284] [47, 46, 45]
1 51 65 1.17 [4381, 4342, 4345, 4349, 4371, 4389, 4401] [48, 54, 50, 51, 52, 53, 49]
2 73 71 1.32 [2496, 2502, 2480, 2516, 2509, 2527] [55, 56, 60, 58, 59, 57]
3 98 76 1.21 [3209, 3223, 3215, 3213] [64, 62, 63, 61]
4 57 61 1.29 [5885, 5956, 5878, 6000, 5863] [65, 66, 67, 68, 69]
5 62 90 1.85 [2564, 2552, 2548, 2603, 2592, 2590, 2569, 2567, 2557, 2595] [70, 71, 79, 73, 74, 75, 76, 77, 78, 72]
6 86 66 1.45 [4712, 4675, 4631] [80, 81, 82]
7 80 98 1.17 [3412, 3362] [83, 84]
8 94 82 1.23 [3331, 3372, 3343, 3364, 3342, 3403, 3400, 3333, 3336, 3396] [94, 86, 87, 88, 89, 90, 91, 92, 93, 85]
9 63 45 1.8 [9162, 9177, 9234, 9267, 9226, 9064, 9252] [55, 95, 96, 97, 98, 56, 60]
10 87 55 1.46 [2240, 2244, 2274, 2284, 2246, 2245] [63, 58, 64, 61, 57, 59]
11 66 61 1.96 [5188, 5103, 5205, 5101, 5124] [79, 76, 70, 78, 71]
12 59 77 1.02 [3896] [84]
13 87 92 1.14 [4043, 3966, 3995, 3980, 3962] [54, 62, 83, 84, 50]
14 69 51 1.2 [2509, 2522, 2511, 2539] [51, 62, 83, 84]
15 69 53 1.45 [5190] [77]
16 57 97 1.41 [5111, 5101] [87, 89]
17 63 58 1.3 [3020, 3042] [94, 92]
18 48 69 1.97 [3126, 3131, 3095, 3123, 3066, 3064, 3104] [72, 73, 74, 75, 86, 88, 93]
19 75 58 1.74 [2068, 2059] [85, 90]
20 80 84 1.18 [6358, 6399, 6274, 6258, 6264] [48, 52, 53, 49, 91]
21 58 92 1.95 [2476, 2509, 2526, 2494, 2522, 2489, 2499, 2474, 2523, 2513] [57, 58, 59, 63, 64, 80, 81, 82, 85, 90]
22 53 84 1.86 [3102, 3091, 3070, 3136, 3133, 3108, 3077] [61, 65, 94, 67, 68, 69, 66]
23 82 76 1.78 [2870, 2903, 2861, 2865, 2852] [50, 51, 54, 92, 89]
24 84 48 1.98 [2954, 3012, 2961, 2989, 2971, 2994] [58, 86, 80, 82, 57, 81]
25 54 63 1.01 [7852, 7887, 7810, 7784, 7826, 7868] [49, 62, 83, 53, 84, 91]
26 78 73 1.4 [2638, 2627, 2648, 2654, 2610, 2625, 2632] [48, 52, 62, 83, 49, 84, 91]
27 86 90 1.78 [4863, 4873, 4923, 4845, 4887, 4913, 4943, 4859] [59, 72, 73, 77, 75, 88, 93, 74]
28 76 53 1.91 [2986, 3024, 3033, 3029, 3032, 3028, 3041, 3017, 3034] [67, 63, 64, 65, 69, 85, 87, 90, 61]
29 52 92 1.04 [2682, 2684, 2671, 2694] [48, 52, 83, 62]
30 77 90 1.48 [2859, 2802, 2812] [48, 53, 52]
31 46 81 1.08 [5498, 5489, 5485] [62, 84, 83]
32 94 87 1.15 [2840, 2842, 2855, 2837, 2869] [84, 62, 83, 91, 49]
33 47 77 1.48 [2125, 2121, 2090, 2120, 2091, 2130, 2124, 2101, 2112] [48, 49, 92, 53, 62, 83, 84, 91, 52]
34 80 71 1.45 [2402, 2425, 2381, 2383, 2384, 2427, 2390, 2379, 2426] [48, 49, 52, 53, 62, 83, 84, 89, 91]
35 73 70 1.86 [3608, 3599, 3559, 3624, 3568] [66, 68, 51, 86, 94]
36 91 97 1.73 [13354, 13277, 13327, 13475] [71, 70, 76, 78]
37 75 51 1.25 [3063, 3064, 3047] [49, 91, 62]
38 97 63 1.34 [2329, 2338, 2351, 2374, 2365, 2328, 2376] [48, 49, 52, 62, 83, 84, 91]
39 49 56 1.51 [4562] [50]
40 62 71 1.09 [4310, 4336, 4343, 4319] [84, 83, 91, 49]
41 73 73 1.72 [3290, 3233, 3288] [54, 89, 92]
42 96 51 1.6 [3748, 3756, 3759, 3754, 3743] [50, 54, 89, 92, 52]
43 51 80 1.6 [5886, 5956, 5871, 5917, 5946, 5859, 5912] [57, 58, 63, 80, 81, 85, 82]
44 48 73 1.03 [2228] [91]
45 61 94 1.94 [3026, 3044, 3066, 3063, 3048, 2999, 3064, 3023, 2994] [54, 61, 94, 65, 67, 69, 87, 90, 64]
46 48 81 1.85 [6856, 6930, 6828] [72, 79, 74]
47 91 73 1.05 [3352, 3304, 3319, 3333, 3334, 3356, 3326, 3293, 3311, 3367] [48, 49, 50, 53, 62, 83, 84, 89, 91, 92]
48 74 89 1.78 [11899, 11914, 11840, 11948, 11870, 11855, 12002, 12007, 11845] [45, 46, 47, 95, 96, 75, 97, 98, 73]
49 92 47 1.19 [11885, 11900, 11919, 11830] [50, 89, 92, 64]
50 52 48 1.99 [17968, 18102, 17917, 18080, 17946, 18094, 18154, 18072, 18043, 17850] [55, 56, 59, 60, 66, 68, 77, 88, 93, 86]
51 65 48 1.1 [2048, 2046, 2030, 2064, 2028, 2031, 2050, 2068, 2039] [48, 49, 52, 53, 90, 83, 84, 91, 62]
52 53 54 2.0 [14496, 14236, 14260, 14408, 14544] [51, 65, 79, 87, 61]
53 64 97 1.88 [3554, 3542] [69, 67]
54 84 54 1.95 [3859, 3897, 3907, 3824, 3848] [82, 80, 90, 94, 57]
55 90 46 1.32 [3483, 3463, 3495, 3462, 3492] [48, 49, 53, 62, 91]
56 64 48 1.04 [2074] [53]
57 64 71 1.63 [2702, 2755, 2743, 2759, 2727] [83, 49, 52, 53, 48]
58 90 49 1.4 [2060] [84]
59 92 45 1.82 [4028] [69]
60 65 91 1.43 [2237, 2207, 2249, 2206, 2246, 2213] [48, 52, 53, 62, 84, 91]
61 81 98 1.04 [5343, 5374, 5346, 5361, 5363, 5390, 5321, 5412, 5386, 5328] [48, 49, 52, 53, 54, 62, 50, 83, 84, 91]
62 90 49 1.83 [2613, 2640, 2614, 2616, 2585, 2642, 2637, 2645, 2638, 2634] [48, 50, 52, 53, 85, 64, 67, 89, 92, 54]
63 86 74 1.9 [2194, 2200, 2176, 2196, 2217, 2210, 2199, 2197, 2178, 2175] [81, 50, 52, 54, 63, 64, 67, 89, 92, 48]
64 60 63 1.93 [2124, 2119, 2118, 2111, 2104, 2128, 2096, 2103, 2105, 2078] [50, 52, 54, 58, 64, 67, 69, 89, 92, 63]
65 64 83 1.74 [2286, 2292, 2249, 2276, 2275] [49, 83, 62, 91, 92]
66 90 97 1.74 [10878, 10842, 11077, 11054, 11086, 10892, 10901, 11095, 10977] [57, 90, 72, 74, 81, 82, 85, 94, 58]
67 47 94 1.63 [3801, 3792] [64, 67]
68 75 74 2.0 [2703] [54]
69 60 63 1.78 [8715, 8740, 8772, 8758, 8812] [54, 63, 67, 69, 80]
70 49 58 1.22 [2492, 2517, 2505, 2483, 2472, 2523, 2506, 2497] [49, 62, 83, 84, 48, 89, 91, 92]
71 70 49 1.15 [2077, 2078, 2087, 2074] [92, 84, 89, 53]
72 48 75 1.01 [6367, 6296, 6327, 6309, 6401, 6422, 6293, 6311, 6301] [49, 53, 52, 64, 84, 89, 91, 92, 50]
73 59 69 1.55 [3951, 3992, 4000, 3982] [52, 50, 64, 48]
74 62 65 1.23 [2504, 2517, 2543, 2536, 2541, 2549, 2500] [53, 62, 83, 84, 89, 92, 48]
75 78 60 1.34 [5947, 5888, 5845, 5971, 5927, 5893] [48, 50, 52, 64, 89, 92]
76 75 56 1.08 [2661, 2667, 2711] [62, 83, 84]
77 59 52 1.03 [4570, 4559] [83, 84]
78 47 76 1.14 [2541, 2565, 2551, 2588, 2590, 2571, 2548] [83, 53, 62, 64, 84, 91, 49]
79 98 48 1.08 [2868, 2867, 2878, 2845, 2884, 2898, 2892, 2853] [48, 49, 53, 92, 64, 89, 91, 62]
80 81 98 1.74 [5911, 5839, 5851, 5817, 5885, 5933, 5805, 5832, 5802, 5880] [47, 45, 58, 63, 64, 67, 69, 72, 74, 80]
81 98 47 1.17 [2934, 2912, 2925, 2919, 2928, 2932, 2945] [49, 83, 52, 53, 62, 91, 50]
82 87 84 1.11 [8091, 8179] [92, 89]
83 82 74 1.23 [4654, 4736, 4734, 4680, 4701] [48, 50, 53, 84, 52]
84 98 80 1.1 [2266, 2296, 2271, 2291, 2279, 2272, 2267, 2255] [48, 49, 50, 52, 62, 83, 91, 53]
85 53 50 1.14 [3962, 3953, 3983, 3978, 3946, 3944, 3948, 3965] [48, 92, 50, 62, 83, 89, 91, 49]
86 79 48 1.25 [4290, 4262, 4354, 4263, 4324, 4343, 4295] [49, 84, 53, 63, 80, 91, 52]
87 53 58 1.98 [2077, 2082, 2114] [89, 50, 48]
88 53 61 1.56 [3613, 3672, 3681, 3642, 3615] [85, 63, 69, 80, 46]
89 53 47 1.92 [2462, 2463, 2453, 2485, 2479, 2487] [96, 81, 82, 90, 92, 57]
90 48 65 1.76 [2944, 2938] [97, 95]
91 46 89 1.96 [7245, 7224] [98, 73]
92 94 73 1.2 [4317, 4305, 4309, 4282, 4303, 4256, 4339, 4328, 4310, 4252] [57, 62, 75, 46, 81, 82, 83, 90, 94, 96]
93 67 47 1.57 [14848, 14714, 14872] [70, 71, 76]
94 67 90 1.88 [4669, 4687, 4700, 4646, 4714, 4640, 4642, 4722, 4727] [47, 63, 69, 67, 78, 80, 85, 95, 97]
95 89 75 1.79 [4606, 4627, 4642, 4589, 4610, 4572, 4648, 4658, 4623] [46, 54, 58, 72, 74, 75, 94, 96, 45]
96 75 65 1.21 [4411, 4357, 4382, 4317, 4351, 4315, 4375, 4385, 4407] [52, 57, 64, 73, 81, 82, 90, 95, 98]
97 95 82 1.76 [4214, 4186, 4252, 4204, 4184, 4233, 4235] [45, 47, 69, 78, 80, 85, 97]
98 89 91 1.79 [8736, 8754, 8646, 8703, 8689, 8682] [58, 72, 46, 74, 75, 96]
99 97 88 1.22 [2686, 2678, 2739, 2699, 2713, 2687] [63, 50, 53, 89, 92, 48]
