0 91 88 1.88 [8203, 8294, 8284] [47, 46, 45]
1 51 65 1.17 [4381, 4342, 4345, 4349, 4371, 4389, 4401] [48, 54, 50, 51, 52, 53, 49]
2 73 71 1.32 [2496, 2502, 2480, 2516, 2509, 2527] [55, 56, 60, 58, 59, 57]
3 98 76 1.21 [3209, 3223, 3215, 3213] [64, 62, 63, 61]
4 57 61 1.29 [5885, 5956, 5878, 6000, 5863] [65, 66, 67, 68, 69]
5 62 90 1.85 [2564, 2552, 2548, 2603, 2592, 2590, 2569, 2567, 2557, 2595] [70, 71, 79, 73, 74, 75, 76, 77, 78, 72]
6 86 66 1.45 [4712, 4675, 4631] [80, 81, 82]
7 80 98 1.17 [3412, 3362] [83, 84]
8 94 82 1.23 [3331, 3372, 3343, 3364, 3342, 3403, 3400, 3333, 3336, 3396] [94, 86, 87, 88, 89, 90, 91, 92, 93, 85]
9 63 45 1.8 [9162, 9177, 9234, 9267, 9226, 9064, 9252] [55, 95, 96, 97, 98, 56, 60]
