0 91 88 1.88 [8203, 8294, 8284] [91, 90, 88]
1 51 65 1.17 [4381, 4342, 4345, 4349, 4371, 4389, 4401] [51, 52, 53, 45, 64, 63, 65]
2 73 71 1.32 [2496, 2502, 2480, 2516, 2509, 2527] [73, 72, 74, 70, 69, 71]
3 98 76 1.21 [3209, 3223, 3215, 3213] [98, 96, 75, 76]
4 57 61 1.29 [5885, 5956, 5878, 6000, 5863] [57, 58, 59, 60, 61]
5 62 90 1.85 [2564, 2552, 2548, 2603, 2592, 2590, 2569, 2567, 2557, 2595] [62, 61, 60, 54, 55, 56, 59, 91, 92, 90]
6 86 66 1.45 [4712, 4675, 4631] [86, 84, 66]
7 80 98 1.17 [3412, 3362] [80, 98]
8 94 82 1.23 [3331, 3372, 3343, 3364, 3342, 3403, 3400, 3333, 3336, 3396] [94, 93, 95, 97, 92, 96, 98, 83, 81, 82]
9 63 45 1.8 [9162, 9177, 9234, 9267, 9226, 9064, 9252] [63, 64, 65, 67, 47, 46, 45]
10 87 55 1.46 [2240, 2244, 2274, 2284, 2246, 2245] [87, 89, 88, 54, 56, 55]
11 66 61 1.96 [5188, 5103, 5205, 5101, 5124] [66, 68, 67, 62, 61]
12 59 77 1.02 [3896] [59]
13 87 92 1.14 [4043, 3966, 3995, 3980, 3962] [87, 89, 88, 91, 92]
14 69 51 1.2 [2509, 2522, 2511, 2539] [69, 70, 52, 51]
15 69 53 1.45 [5190] [69]
16 57 97 1.41 [5111, 5101] [57, 97]
17 63 58 1.3 [3020, 3042] [63, 58]
18 48 69 1.97 [3126, 3131, 3095, 3123, 3066, 3064, 3104] [48, 49, 50, 53, 70, 71, 69]
19 75 58 1.74 [2068, 2059] [75, 58]
20 80 84 1.18 [6358, 6399, 6274, 6258, 6264] [80, 78, 79, 85, 84]
21 58 92 1.95 [2476, 2509, 2526, 2494, 2522, 2489, 2499, 2474, 2523, 2513] [58, 57, 59, 56, 55, 54, 62, 91, 90, 92]
22 53 84 1.86 [3102, 3091, 3070, 3136, 3133, 3108, 3077] [53, 52, 51, 50, 85, 86, 84]
23 82 76 1.78 [2870, 2903, 2861, 2865, 2852] [82, 83, 81, 77, 76]
24 84 48 1.98 [2954, 3012, 2961, 2989, 2971, 2994] [84, 86, 85, 50, 49, 48]
25 54 63 1.01 [7852, 7887, 7810, 7784, 7826, 7868] [54, 56, 55, 65, 64, 63]
26 78 73 1.4 [2638, 2627, 2648, 2654, 2610, 2625, 2632] [78, 79, 80, 77, 72, 74, 73]
27 86 90 1.78 [4863, 4873, 4923, 4845, 4887, 4913, 4943, 4859] [86, 85, 84, 81, 89, 91, 92, 90]
28 76 53 1.91 [2986, 3024, 3033, 3029, 3032, 3028, 3041, 3017, 3034] [76, 75, 77, 74, 72, 73, 51, 52, 53]
29 52 92 1.04 [2682, 2684, 2671, 2694] [52, 51, 90, 92]
30 77 90 1.48 [2859, 2802, 2812] [77, 75, 90]
31 46 81 1.08 [5498, 5489, 5485] [46, 47, 81]
32 94 87 1.15 [2840, 2842, 2855, 2837, 2869] [94, 95, 93, 89, 87]
33 47 77 1.48 [2125, 2121, 2090, 2120, 2091, 2130, 2124, 2101, 2112] [47, 45, 46, 49, 48, 50, 75, 76, 77]
34 80 71 1.45 [2402, 2425, 2381, 2383, 2384, 2427, 2390, 2379, 2426] [80, 79, 78, 74, 72, 73, 69, 70, 71]
35 73 70 1.86 [3608, 3599, 3559, 3624, 3568] [73, 74, 72, 71, 70]
36 91 97 1.73 [13354, 13277, 13327, 13475] [91, 92, 96, 97]
37 75 51 1.25 [3063, 3064, 3047] [75, 76, 51]
38 97 63 1.34 [2329, 2338, 2351, 2374, 2365, 2328, 2376] [97, 98, 96, 94, 65, 64, 63]
39 49 56 1.51 [4562] [49]
40 62 71 1.09 [4310, 4336, 4343, 4319] [62, 60, 70, 71]
41 73 73 1.72 [3290, 3233, 3288] [73, 72, 74]
42 96 51 1.6 [3748, 3756, 3759, 3754, 3743] [96, 98, 97, 53, 51]
43 51 80 1.6 [5886, 5956, 5871, 5917, 5946, 5859, 5912] [51, 52, 53, 48, 78, 79, 80]
44 48 73 1.03 [2228] [48]
45 61 94 1.94 [3026, 3044, 3066, 3063, 3048, 2999, 3064, 3023, 2994] [61, 60, 62, 57, 58, 59, 93, 95, 94]
46 48 81 1.85 [6856, 6930, 6828] [48, 50, 81]
47 91 73 1.05 [3352, 3304, 3319, 3333, 3334, 3356, 3326, 3293, 3311, 3367] [91, 90, 92, 95, 93, 94, 98, 74, 72, 73]
48 74 89 1.78 [11899, 11914, 11840, 11948, 11870, 11855, 12002, 12007, 11845] [74, 72, 73, 77, 76, 75, 88, 87, 89]
49 92 47 1.19 [11885, 11900, 11919, 11830] [92, 90, 45, 47]
50 52 48 1.99 [17968, 18102, 17917, 18080, 17946, 18094, 18154, 18072, 18043, 17850] [52, 53, 51, 46, 45, 47, 68, 50, 49, 48]
51 65 48 1.1 [2048, 2046, 2030, 2064, 2028, 2031, 2050, 2068, 2039] [65, 64, 63, 66, 69, 71, 50, 49, 48]
52 53 54 2.0 [14496, 14236, 14260, 14408, 14544] [53, 52, 51, 55, 54]
53 64 97 1.88 [3554, 3542] [64, 97]
54 84 54 1.95 [3859, 3897, 3907, 3824, 3848] [84, 86, 85, 56, 54]
55 90 46 1.32 [3483, 3463, 3495, 3462, 3492] [90, 91, 92, 45, 46]
56 64 48 1.04 [2074] [64]
57 64 71 1.63 [2702, 2755, 2743, 2759, 2727] [64, 65, 63, 69, 71]
58 90 49 1.4 [2060] [90]
59 92 45 1.82 [4028] [92]
60 65 91 1.43 [2237, 2207, 2249, 2206, 2246, 2213] [65, 63, 64, 92, 90, 91]
61 81 98 1.04 [5343, 5374, 5346, 5361, 5363, 5390, 5321, 5412, 5386, 5328] [81, 83, 82, 86, 85, 87, 84, 97, 96, 98]
62 90 49 1.83 [2613, 2640, 2614, 2616, 2585, 2642, 2637, 2645, 2638, 2634] [90, 91, 92, 95, 93, 94, 98, 48, 50, 49]
63 86 74 1.9 [2194, 2200, 2176, 2196, 2217, 2210, 2199, 2197, 2178, 2175] [86, 85, 84, 83, 82, 81, 89, 73, 72, 74]
64 60 63 1.93 [2124, 2119, 2118, 2111, 2104, 2128, 2096, 2103, 2105, 2078] [60, 61, 62, 57, 58, 59, 56, 64, 65, 63]
65 64 83 1.74 [2286, 2292, 2249, 2276, 2275] [64, 65, 63, 82, 83]
66 90 97 1.74 [10878, 10842, 11077, 11054, 11086, 10892, 10901, 11095, 10977] [90, 91, 92, 95, 93, 94, 96, 98, 97]
67 47 94 1.63 [3801, 3792] [47, 94]
68 75 74 2.0 [2703] [75]
69 60 63 1.78 [8715, 8740, 8772, 8758, 8812] [60, 61, 62, 65, 63]
70 49 58 1.22 [2492, 2517, 2505, 2483, 2472, 2523, 2506, 2497] [49, 50, 48, 46, 45, 59, 57, 58]
71 70 49 1.15 [2077, 2078, 2087, 2074] [70, 69, 50, 49]
72 48 75 1.01 [6367, 6296, 6327, 6309, 6401, 6422, 6293, 6311, 6301] [48, 49, 50, 46, 47, 45, 76, 77, 75]
73 59 69 1.55 [3951, 3992, 4000, 3982] [59, 58, 70, 69]
74 62 65 1.23 [2504, 2517, 2543, 2536, 2541, 2549, 2500] [62, 60, 61, 57, 63, 64, 65]
75 78 60 1.34 [5947, 5888, 5845, 5971, 5927, 5893] [78, 79, 80, 62, 61, 60]
76 75 56 1.08 [2661, 2667, 2711] [75, 77, 56]
77 59 52 1.03 [4570, 4559] [59, 52]
78 47 76 1.14 [2541, 2565, 2551, 2588, 2590, 2571, 2548] [47, 46, 45, 49, 75, 77, 76]
79 98 48 1.08 [2868, 2867, 2878, 2845, 2884, 2898, 2892, 2853] [98, 96, 97, 95, 93, 50, 49, 48]
80 81 98 1.74 [5911, 5839, 5851, 5817, 5885, 5933, 5805, 5832, 5802, 5880] [81, 83, 82, 87, 88, 86, 89, 97, 96, 98]
81 98 47 1.17 [2934, 2912, 2925, 2919, 2928, 2932, 2945] [98, 96, 97, 95, 45, 46, 47]
82 87 84 1.11 [8091, 8179] [87, 84]
83 82 74 1.23 [4654, 4736, 4734, 4680, 4701] [82, 83, 81, 72, 74]
84 98 80 1.1 [2266, 2296, 2271, 2291, 2279, 2272, 2267, 2255] [98, 96, 97, 93, 95, 78, 79, 80]
85 53 50 1.14 [3962, 3953, 3983, 3978, 3946, 3944, 3948, 3965] [53, 52, 51, 46, 47, 48, 49, 50]
86 79 48 1.25 [4290, 4262, 4354, 4263, 4324, 4343, 4295] [79, 78, 80, 73, 50, 49, 48]
87 53 58 1.98 [2077, 2082, 2114] [53, 52, 58]
88 53 61 1.56 [3613, 3672, 3681, 3642, 3615] [53, 52, 51, 60, 61]
89 53 47 1.92 [2462, 2463, 2453, 2485, 2479, 2487] [53, 52, 51, 45, 46, 47]
90 48 65 1.76 [2944, 2938] [48, 65]
91 46 89 1.96 [7245, 7224] [46, 89]
92 94 73 1.2 [4317, 4305, 4309, 4282, 4303, 4256, 4339, 4328, 4310, 4252] [94, 93, 95, 98, 96, 91, 90, 74, 72, 73]
93 67 47 1.57 [14848, 14714, 14872] [67, 66, 45]
94 67 90 1.88 [4669, 4687, 4700, 4646, 4714, 4640, 4642, 4722, 4727] [67, 66, 68, 71, 70, 69, 92, 91, 90]
95 89 75 1.79 [4606, 4627, 4642, 4589, 4610, 4572, 4648, 4658, 4623] [89, 88, 87, 82, 83, 85, 77, 76, 75]
96 75 65 1.21 [4411, 4357, 4382, 4317, 4351, 4315, 4375, 4385, 4407] [75, 76, 77, 79, 78, 80, 63, 64, 65]
97 95 82 1.76 [4214, 4186, 4252, 4204, 4184, 4233, 4235] [95, 93, 94, 98, 81, 83, 82]
98 89 91 1.79 [8736, 8754, 8646, 8703, 8689, 8682] [89, 88, 87, 92, 90, 91]
99 97 88 1.22 [2686, 2678, 2739, 2699, 2713, 2687] [97, 98, 96, 89, 87, 88]
100 66 75 1.58 [19926, 20123, 20033, 19893, 19852, 20205, 19909, 19885, 20156] [66, 68, 67, 71, 70, 69, 77, 76, 75]
101 73 86 1.08 [4583, 4492, 4514, 4505, 4538] [73, 72, 74, 85, 86]
102 98 50 1.83 [5843, 5790, 5828, 5783, 5912] [98, 96, 97, 49, 50]
103 47 47 1.3 [8956, 9072, 8986] [47, 46, 49]
104 66 85 1.04 [18987, 19111, 18660, 18777, 18862] [66, 68, 67, 86, 85]
105 88 76 1.74 [2120, 2086, 2115] [88, 87, 76]
106 53 91 1.17 [5695] [53]
107 62 85 1.06 [2227, 2230, 2240] [62, 60, 85]
108 63 54 1.32 [3917, 3904, 3874, 3885, 3872, 3869, 3879, 3938, 3866, 3956] [63, 64, 65, 71, 70, 69, 66, 55, 56, 54]
109 90 89 1.03 [10327] [90]
110 67 70 1.18 [6873, 6859, 6741] [67, 68, 70]
111 96 61 1.31 [2917, 2922, 2928, 2878, 2900, 2905, 2916, 2881] [96, 98, 97, 93, 94, 60, 62, 61]
112 84 60 1.84 [2252, 2258] [84, 60]
113 50 59 1.46 [6206, 6145, 6135, 6109, 6140] [50, 48, 49, 57, 59]
114 47 63 1.57 [2191, 2180, 2214, 2211, 2189, 2168, 2169, 2202, 2185, 2210] [47, 46, 52, 51, 53, 48, 50, 65, 64, 63]
115 75 59 1.95 [2185, 2163, 2166, 2189, 2197, 2150, 2186, 2161] [75, 76, 77, 79, 78, 57, 58, 59]
116 70 58 1.72 [3507, 3474, 3481, 3446, 3478, 3500] [70, 71, 69, 59, 57, 58]
117 75 55 1.51 [6769] [75]
118 73 79 1.59 [3693, 3698, 3681, 3728, 3684, 3722, 3736, 3679] [73, 72, 74, 76, 77, 80, 78, 79]
119 81 48 1.66 [2206, 2211, 2234, 2236, 2243, 2247] [81, 82, 83, 84, 50, 48]
120 67 53 1.18 [4154, 4102, 4092] [67, 66, 53]
121 76 85 1.3 [2610, 2609, 2615, 2642, 2634] [76, 77, 75, 84, 85]
122 85 87 1.67 [2852, 2887, 2846, 2903, 2877, 2872, 2871, 2891, 2901] [85, 84, 86, 82, 83, 81, 89, 88, 87]
123 96 60 1.56 [3352] [96]
124 69 81 2.0 [6503, 6632, 6627, 6508, 6570, 6524] [69, 71, 70, 83, 82, 81]
125 51 73 2.0 [2649, 2659, 2658, 2607] [51, 52, 72, 73]
126 83 82 1.22 [6025, 6018, 6090, 6065, 6035, 6148] [83, 81, 84, 88, 86, 82]
127 46 80 1.46 [2604, 2578, 2582, 2597, 2608, 2603, 2612, 2638] [46, 52, 51, 48, 74, 78, 79, 80]
128 91 78 1.86 [2811, 2853, 2857, 2828, 2801, 2817] [91, 92, 90, 80, 79, 78]
129 88 89 1.39 [2982, 2976, 3005, 3013, 3003, 2969, 3002] [88, 87, 83, 82, 84, 85, 89]
130 48 66 1.5 [2164, 2148, 2140, 2166, 2159, 2173, 2151, 2154, 2147, 2146] [50, 52, 51, 64, 65, 63, 71, 67, 68, 66]
131 72 88 1.4 [3605, 3529, 3610, 3527] [72, 73, 89, 88]
132 71 95 1.58 [2109, 2139, 2149, 2135, 2151, 2115, 2147, 2113, 2135] [71, 69, 70, 64, 65, 63, 94, 93, 95]
133 98 59 1.44 [2359] [98]
134 96 53 1.53 [2962, 2950, 3012, 2987, 2966, 2981, 3014, 2998, 2946, 2977] [96, 98, 97, 95, 93, 94, 91, 56, 58, 57]
135 51 74 1.44 [3916, 3953, 3882, 3874, 3943, 3902] [79, 78, 80, 72, 73, 74]
136 68 78 1.31 [6063, 6080, 6035, 6128, 6118, 6068] [66, 64, 65, 80, 79, 78]
137 98 90 1.23 [10442, 10339, 10305, 10250, 10467, 10233, 10271, 10373] [98, 97, 96, 95, 93, 94, 56, 55]
138 50 67 1.83 [11654, 11572, 11477, 11496, 11525, 11744, 11701, 11582, 11510, 11591] [71, 64, 63, 69, 65, 70, 58, 54, 57, 56]
139 85 52 1.15 [2632, 2672, 2641, 2670, 2645, 2686] [85, 84, 86, 83, 82, 81]
140 84 96 2.0 [4291, 4335, 4333, 4279] [84, 86, 85, 83]
141 85 76 1.52 [5993, 5934, 5954, 5998, 5944, 6070, 5956] [85, 84, 86, 82, 83, 77, 76]
142 60 58 1.4 [6001, 5917, 5983, 5998] [60, 62, 59, 58]
143 91 86 1.25 [3866, 3872] [91, 86]
144 94 58 1.69 [2712, 2726, 2751, 2739] [94, 95, 59, 58]
145 54 66 1.83 [6712, 6810, 6838] [54, 55, 56]
146 46 66 1.79 [9248, 9214, 9184, 9309, 9138, 9316, 9256, 9112, 9199, 9267] [71, 64, 63, 69, 61, 62, 57, 55, 59, 60]
147 87 68 1.12 [2008, 2018, 2031, 2037, 2034, 2010, 2020, 2015, 2015, 2049] [87, 88, 89, 82, 81, 83, 84, 66, 67, 68]
148 48 46 1.94 [2539, 2570, 2577, 2548, 2575, 2536, 2554, 2549, 2543] [61, 79, 78, 80, 62, 58, 93, 74, 59]
149 71 53 1.12 [2450, 2447] [71, 70]
150 80 83 1.36 [8075, 8039] [80, 83]
151 52 69 1.08 [3114, 3109, 3120, 3091, 3101, 3113, 3082, 3083, 3123] [65, 63, 64, 68, 61, 79, 78, 62, 58]
152 55 54 1.93 [8711, 8736, 8630, 8679] [55, 56, 61, 54]
153 86 63 1.39 [6918, 6999, 6930, 7031, 7039, 7042, 6985] [86, 84, 85, 87, 82, 81, 88]
154 50 52 1.71 [4228] [79]
155 59 97 1.24 [2574, 2597, 2570, 2585, 2611, 2603] [59, 57, 58, 60, 98, 97]
156 66 58 1.86 [13578] [58]
157 60 56 1.05 [2580, 2565, 2588, 2561, 2567, 2556] [60, 62, 61, 55, 54, 56]
158 57 81 1.64 [3171, 3148, 3206, 3164, 3209, 3202, 3182] [57, 59, 58, 62, 83, 82, 81]
159 55 89 1.43 [2718, 2722] [55, 89]
160 79 81 1.61 [4888, 4802, 4860, 4870, 4788, 4842, 4806, 4816, 4852, 4874] [79, 78, 80, 74, 73, 72, 76, 83, 82, 81]
161 68 68 1.57 [2096, 2080, 2083] [65, 63, 64]
162 92 53 1.85 [2183, 2202, 2200, 2190, 2181] [92, 91, 95, 93, 94]
163 65 81 1.68 [3905, 3917, 3936, 3938, 3964, 3972, 3978, 3933, 3923, 3922] [89, 87, 88, 84, 85, 86, 95, 83, 82, 81]
164 85 71 1.97 [4964, 4917, 4931, 4895, 4958, 4923, 4998, 4941, 4905, 4903] [84, 89, 87, 88, 82, 81, 93, 94, 57, 74]
165 47 70 1.13 [2683, 2634, 2657, 2686, 2682, 2677, 2676] [65, 78, 79, 60, 95, 80, 73]
166 55 69 1.46 [3755, 3693, 3707, 3756, 3773] [55, 56, 54, 62, 59]
167 94 90 1.65 [14563, 14798, 14635] [94, 93, 95]
168 45 80 1.54 [8501, 8366, 8532, 8355, 8341] [72, 73, 79, 78, 80]
169 53 92 1.3 [2067, 2052, 2069, 2037, 2040, 2062, 2035, 2063, 2075, 2050] [53, 52, 93, 94, 95, 61, 60, 57, 62, 91]
170 56 68 1.03 [2092, 2053, 2066, 2055, 2065, 2102, 2067, 2054, 2069, 2058] [56, 54, 55, 61, 60, 59, 57, 62, 58, 70]
171 53 50 1.16 [7659, 7722, 7700, 7710, 7789, 7637, 7792, 7799, 7741] [74, 61, 60, 57, 59, 72, 62, 78, 56]
172 49 81 1.22 [2168, 2164, 2170, 2165] [89, 87, 83, 82]
173 94 47 1.38 [4710, 4747, 4702, 4725, 4737, 4731, 4690, 4721] [94, 93, 73, 54, 74, 79, 61, 60]
174 69 56 1.67 [5156, 5125, 5137, 5116, 5089, 5148, 5076, 5081, 5123] [59, 57, 62, 61, 60, 89, 55, 54, 56]
175 98 62 1.97 [4830, 4806, 4866, 4892, 4784, 4870] [58, 59, 73, 77, 72, 80]
176 87 84 1.17 [4247, 4293, 4318, 4327, 4305, 4238] [87, 88, 78, 79, 74, 85]
177 66 82 1.61 [10609] []
178 95 92 1.5 [2861, 2854, 2869, 2888, 2868] [95, 80, 78, 75, 79]
179 90 97 1.29 [2896, 2869, 2879, 2850, 2881] [80, 84, 73, 57, 78]
180 91 63 1.81 [2285, 2293, 2273] [89, 76, 74]
181 73 77 1.6 [2628, 2651, 2606, 2669, 2660, 2614, 2611, 2649, 2627] []
182 68 71 1.79 [2979, 2956] [62, 77]
183 81 54 1.99 [2612, 2609, 2606] [86, 72, 54]
184 71 74 1.3 [3304, 3265, 3308, 3319, 3297] []
185 46 59 1.77 [8428, 8338, 8435] []
186 64 76 1.32 [2210] [75]
187 84 50 1.6 [2346, 2362, 2342, 2347, 2333, 2348, 2371, 2375, 2360, 2329] []
188 52 87 1.01 [10675, 10719, 10596, 10658, 10671, 10667, 10767] []
189 52 85 1.19 [11010, 11110, 11028] []
190 90 83 1.05 [3414, 3478, 3454, 3403, 3426, 3455, 3404, 3445] []
191 82 76 1.96 [2913, 2860, 2907] []
192 45 72 1.15 [5993, 6063, 6018, 5973, 6110, 6065, 5998, 5980, 6112] []
193 54 62 1.66 [2034, 2045, 2078, 2072, 2043, 2039, 2079, 2053, 2069, 2031] []
194 87 69 1.15 [3455] []
195 56 92 1.56 [18128, 18391, 18286] []
196 62 67 1.53 [6162] []
197 50 68 1.14 [11452, 11448, 11410, 11438, 11557, 11429, 11424, 11576, 11405, 11552] []
198 98 84 1.84 [3728, 3750, 3711, 3691, 3664, 3729, 3667] []
199 79 83 1.86 [3211, 3231, 3224, 3186, 3226] []
