0 91 88 1.88 [8203, 8294, 8284] [47, 46, 45]
1 51 65 1.17 [4381, 4342, 4345, 4349, 4371, 4389, 4401] [48, 54, 50, 51, 52, 53, 49]
2 73 71 1.32 [2496, 2502, 2480, 2516, 2509, 2527] [55, 56, 60, 58, 59, 57]
3 98 76 1.21 [3209, 3223, 3215, 3213] [64, 62, 63, 61]
4 57 61 1.29 [5885, 5956, 5878, 6000, 5863] [65, 66, 67, 68, 69]
5 62 90 1.85 [2564, 2552, 2548, 2603, 2592, 2590, 2569, 2567, 2557, 2595] [70, 71, 79, 73, 74, 75, 76, 77, 78, 72]
6 86 66 1.45 [4712, 4675, 4631] [80, 81, 82]
7 80 98 1.17 [3412, 3362] [83, 84]
8 94 82 1.23 [3331, 3372, 3343, 3364, 3342, 3403, 3400, 3333, 3336, 3396] [94, 86, 87, 88, 89, 90, 91, 92, 93, 85]
9 63 45 1.8 [9162, 9177, 9234, 9267, 9226, 9064, 9252] [55, 95, 96, 97, 98, 56, 60]
10 87 55 1.46 [2240, 2244, 2274, 2284, 2246, 2245] [63, 58, 64, 61, 57, 59]
11 66 61 1.96 [5188, 5103, 5205, 5101, 5124] [79, 76, 70, 78, 71]
12 59 77 1.02 [3896] [84]
13 87 92 1.14 [4043, 3966, 3995, 3980, 3962] [54, 62, 83, 84, 50]
14 69 51 1.2 [2509, 2522, 2511, 2539] [51, 62, 83, 84]
15 69 53 1.45 [5190] [77]
16 57 97 1.41 [5111, 5101] [87, 89]
17 63 58 1.3 [3020, 3042] [94, 92]
18 48 69 1.97 [3126, 3131, 3095, 3123, 3066, 3064, 3104] [72, 73, 74, 75, 86, 88, 93]
19 75 58 1.74 [2068, 2059] [85, 90]
20 80 84 1.18 [6358, 6399, 6274, 6258, 6264] [48, 52, 53, 49, 91]
21 58 92 1.95 [2476, 2509, 2526, 2494, 2522, 2489, 2499, 2474, 2523, 2513] [57, 58, 59, 63, 64, 80, 81, 82, 85, 90]
22 53 84 1.86 [3102, 3091, 3070, 3136, 3133, 3108, 3077] [61, 65, 94, 67, 68, 69, 66]
23 82 76 1.78 [2870, 2903, 2861, 2865, 2852] [50, 51, 54, 92, 89]
24 84 48 1.98 [2954, 3012, 2961, 2989, 2971, 2994] [58, 86, 80, 82, 57, 81]
25 54 63 1.01 [7852, 7887, 7810, 7784, 7826, 7868] [49, 62, 83, 53, 84, 91]
26 78 73 1.4 [2638, 2627, 2648, 2654, 2610, 2625, 2632] [48, 52, 62, 83, 49, 84, 91]
27 86 90 1.78 [4863, 4873, 4923, 4845, 4887, 4913, 4943, 4859] [59, 72, 73, 77, 75, 88, 93, 74]
28 76 53 1.91 [2986, 3024, 3033, 3029, 3032, 3028, 3041, 3017, 3034] [67, 63, 64, 65, 69, 85, 87, 90, 61]
29 52 92 1.04 [2682, 2684, 2671, 2694] [48, 52, 83, 62]
30 77 90 1.48 [2859, 2802, 2812] [48, 53, 52]
31 46 81 1.08 [5498, 5489, 5485] [62, 84, 83]
32 94 87 1.15 [2840, 2842, 2855, 2837, 2869] [84, 62, 83, 91, 49]
33 47 77 1.48 [2125, 2121, 2090, 2120, 2091, 2130, 2124, 2101, 2112] [48, 49, 92, 53, 62, 83, 84, 91, 52]
34 80 71 1.45 [2402, 2425, 2381, 2383, 2384, 2427, 2390, 2379, 2426] [48, 49, 52, 53, 62, 83, 84, 89, 91]
35 73 70 1.86 [3608, 3599, 3559, 3624, 3568] [66, 68, 51, 86, 94]
36 91 97 1.73 [13354, 13277, 13327, 13475] [71, 70, 76, 78]
37 75 51 1.25 [3063, 3064, 3047] [49, 91, 62]
38 97 63 1.34 [2329, 2338, 2351, 2374, 2365, 2328, 2376] [48, 49, 52, 62, 83, 84, 91]
39 49 56 1.51 [4562] [50]
40 62 71 1.09 [4310, 4336, 4343, 4319] [84, 83, 91, 49]
41 73 73 1.72 [3290, 3233, 3288] [54, 89, 92]
42 96 51 1.6 [3748, 3756, 3759, 3754, 3743] [50, 54, 89, 92, 52]
43 51 80 1.6 [5886, 5956, 5871, 5917, 5946, 5859, 5912] [57, 58, 63, 80, 81, 85, 82]
44 48 73 1.03 [2228] [91]
45 61 94 1.94 [3026, 3044, 3066, 3063, 3048, 2999, 3064, 3023, 2994] [54, 61, 94, 65, 67, 69, 87, 90, 64]
46 48 81 1.85 [6856, 6930, 6828] [72, 79, 74]
47 91 73 1.05 [3352, 3304, 3319, 3333, 3334, 3356, 3326, 3293, 3311, 3367] [48, 49, 50, 53, 62, 83, 84, 89, 91, 92]
48 74 89 1.78 [11899, 11914, 11840, 11948, 11870, 11855, 12002, 12007, 11845] [45, 46, 47, 95, 96, 75, 97, 98, 73]
49 92 47 1.19 [11885, 11900, 11919, 11830] [50, 89, 92, 64]
