0 91 88 1.88 [8203, 8294, 8284] [91, 91, 91]
1 51 65 1.17 [4381, 4342, 4345, 4349, 4371, 4389, 4401] [51, 51, 51, 51, 51, 51, 51]
2 73 71 1.32 [2496, 2502, 2480, 2516, 2509, 2527] [73, 73, 73, 73, 73, 73]
3 98 76 1.21 [3209, 3223, 3215, 3213] [98, 98, 98, 98]
4 57 61 1.29 [5885, 5956, 5878, 6000, 5863] [57, 57, 57, 57, 57]
5 62 90 1.85 [2564, 2552, 2548, 2603, 2592, 2590, 2569, 2567, 2557, 2595] [62, 62, 62, 62, 62, 62, 62, 62, 62, 62]
6 86 66 1.45 [4712, 4675, 4631] [86, 86, 86]
7 80 98 1.17 [3412, 3362] [80, 80]
8 94 82 1.23 [3331, 3372, 3343, 3364, 3342, 3403, 3400, 3333, 3336, 3396] [94, 94, 94, 94, 94, 94, 94, 94, 94, 94]
9 63 45 1.8 [9162, 9177, 9234, 9267, 9226, 9064, 9252] [63, 63, 63, 63, 63, 63, 63]
10 87 55 1.46 [2240, 2244, 2274, 2284, 2246, 2245] [87, 87, 87, 87, 87, 87]
11 66 61 1.96 [5188, 5103, 5205, 5101, 5124] [66, 66, 66, 66, 66]
12 59 77 1.02 [3896] [59]
13 87 92 1.14 [4043, 3966, 3995, 3980, 3962] [87, 87, 87, 87, 87]
14 69 51 1.2 [2509, 2522, 2511, 2539] [69, 69, 69, 69]
15 69 53 1.45 [5190] [69]
16 57 97 1.41 [5111, 5101] [57, 57]
17 63 58 1.3 [3020, 3042] [63, 63]
18 48 69 1.97 [3126, 3131, 3095, 3123, 3066, 3064, 3104] [48, 48, 48, 48, 48, 48, 48]
19 75 58 1.74 [2068, 2059] [75, 75]
20 80 84 1.18 [6358, 6399, 6274, 6258, 6264] [80, 80, 80, 80, 80]
21 58 92 1.95 [2476, 2509, 2526, 2494, 2522, 2489, 2499, 2474, 2523, 2513] [58, 58, 58, 58, 58, 58, 58, 58, 58, 58]
22 53 84 1.86 [3102, 3091, 3070, 3136, 3133, 3108, 3077] [53, 53, 53, 53, 53, 53, 53]
23 82 76 1.78 [2870, 2903, 2861, 2865, 2852] [82, 82, 82, 82, 82]
24 84 48 1.98 [2954, 3012, 2961, 2989, 2971, 2994] [84, 84, 84, 84, 84, 84]
25 54 63 1.01 [7852, 7887, 7810, 7784, 7826, 7868] [54, 54, 54, 54, 54, 54]
26 78 73 1.4 [2638, 2627, 2648, 2654, 2610, 2625, 2632] [78, 78, 78, 78, 78, 78, 78]
27 86 90 1.78 [4863, 4873, 4923, 4845, 4887, 4913, 4943, 4859] [86, 86, 86, 86, 86, 86, 86, 86]
28 76 53 1.91 [2986, 3024, 3033, 3029, 3032, 3028, 3041, 3017, 3034] [76, 76, 76, 76, 76, 76, 76, 76, 76]
29 52 92 1.04 [2682, 2684, 2671, 2694] [52, 52, 52, 52]
30 77 90 1.48 [2859, 2802, 2812] [77, 77, 77]
31 46 81 1.08 [5498, 5489, 5485] [46, 46, 46]
32 94 87 1.15 [2840, 2842, 2855, 2837, 2869] [94, 94, 94, 94, 94]
33 47 77 1.48 [2125, 2121, 2090, 2120, 2091, 2130, 2124, 2101, 2112] [47, 47, 47, 47, 47, 47, 47, 47, 47]
34 80 71 1.45 [2402, 2425, 2381, 2383, 2384, 2427, 2390, 2379, 2426] [80, 80, 80, 80, 80, 80, 80, 80, 80]
35 73 70 1.86 [3608, 3599, 3559, 3624, 3568] [73, 73, 73, 73, 73]
36 91 97 1.73 [13354, 13277, 13327, 13475] [91, 91, 91, 91]
37 75 51 1.25 [3063, 3064, 3047] [75, 75, 75]
38 97 63 1.34 [2329, 2338, 2351, 2374, 2365, 2328, 2376] [97, 97, 97, 97, 97, 97, 97]
39 49 56 1.51 [4562] [49]
40 62 71 1.09 [4310, 4336, 4343, 4319] [62, 62, 62, 62]
41 73 73 1.72 [3290, 3233, 3288] [73, 73, 73]
42 96 51 1.6 [3748, 3756, 3759, 3754, 3743] [96, 96, 96, 96, 96]
43 51 80 1.6 [5886, 5956, 5871, 5917, 5946, 5859, 5912] [51, 51, 51, 51, 51, 51, 51]
44 48 73 1.03 [2228] [48]
45 61 94 1.94 [3026, 3044, 3066, 3063, 3048, 2999, 3064, 3023, 2994] [61, 61, 61, 61, 61, 61, 61, 61, 61]
46 48 81 1.85 [6856, 6930, 6828] [48, 48, 48]
47 91 73 1.05 [3352, 3304, 3319, 3333, 3334, 3356, 3326, 3293, 3311, 3367] [91, 91, 91, 90, 90, 90, 90, 90, 90, 90]
48 74 89 1.78 [11899, 11914, 11840, 11948, 11870, 11855, 12002, 12007, 11845] [74, 74, 74, 74, 74, 74, 74, 72, 72]
49 92 47 1.19 [11885, 11900, 11919, 11830] [92, 92, 92, 92]
