0 81 47 3.32 [3317, 3573, 3340, 3184] [81, 82, 45, 47]
1 86 96 3.09 [2141, 2227, 2477, 2290, 2126, 2313] [86, 84, 85, 98, 97, 96]
2 53 83 2.69 [2971, 2792, 3110, 2871, 3100] [53, 51, 52, 81, 83]
3 68 53 4.45 [3461, 3589, 3415, 3159] [68, 66, 51, 53]
4 82 45 1.78 [2589, 2495, 2716, 2784, 2427] [82, 83, 81, 46, 45]
5 65 87 2.75 [4276, 4221] [65, 87]
6 65 77 1.9 [2218, 2117, 2552, 2342, 2249, 2506, 2397] [65, 63, 64, 67, 76, 75, 77]
7 87 49 4.43 [3920, 4080, 3907] [87, 88, 49]
8 83 54 4.11 [2216, 2082] [83, 54]
9 96 57 2.66 [3498, 3207, 3118, 3453] [96, 97, 58, 57]
10 78 56 2.07 [11518, 12834, 12793, 13245, 11559] [78, 79, 80, 55, 56]
11 94 56 2.39 [3433, 3264, 3675, 3808, 3288, 3518, 3506] [94, 93, 95, 90, 55, 54, 56]
12 60 50 2.62 [2584, 2883, 2856] [60, 61, 50]
13 76 88 3.95 [15470, 15316, 15725, 15368, 13989] [76, 77, 75, 89, 88]
14 55 76 4.6 [5473, 5620, 5676] [55, 54, 76]
15 67 79 3.81 [3104, 2875, 3083, 3364, 2833, 2812, 3426, 3166, 2854] [67, 68, 66, 69, 70, 71, 80, 78, 79]
16 48 67 1.44 [2354, 2340, 2194, 2026, 2179, 2165, 2325, 2201] [48, 50, 49, 46, 52, 66, 68, 67]
17 73 66 4.6 [6430, 6300, 6733, 6559, 7057, 6040, 6862, 6170] [73, 72, 74, 78, 79, 68, 67, 66]
18 65 84 1.79 [2104, 2221, 2131, 2062, 1863, 2207, 1904, 1980, 2042, 1959] [65, 63, 64, 71, 70, 69, 68, 85, 86, 84]
19 90 63 1.19 [15649, 13539, 15796, 14128, 13735, 15305, 14716, 13686, 14373] [90, 91, 92, 98, 93, 94, 65, 64, 63]
20 83 70 1.77 [18524, 18128, 20238, 18590, 19579, 18656] [83, 82, 81, 69, 71, 70]
21 51 88 2.86 [15358, 14435, 14483, 15164, 15407, 14824, 13754, 13949, 14969] [51, 52, 53, 48, 47, 46, 89, 87, 88]
22 68 52 3.51 [4857, 5054, 4841, 5315] [68, 66, 53, 52]
23 69 96 1.29 [5590, 4789, 5608, 4754, 5085, 4981, 5103] [69, 70, 71, 64, 98, 97, 96]
24 74 72 3.52 [7278, 7643, 7010, 7351, 7327] [74, 73, 80, 78, 72]
25 77 61 3.56 [3375, 3066, 3204, 3183, 3461, 3493] [77, 75, 76, 60, 62, 61]
26 82 75 3.16 [2318, 2282, 2130, 2311, 2022, 2224] [82, 83, 81, 76, 77, 75]
27 71 91 3.39 [3845, 4356, 4115, 4413, 3888] [71, 70, 69, 92, 91]
28 92 70 2.13 [4475, 4396, 4538] [92, 91, 70]
29 51 80 4.75 [8450, 8754, 7567, 8174] [51, 52, 79, 80]
30 57 81 2.76 [3907, 4252, 4065, 4195, 4670, 4411, 4714, 4368, 4627, 4685] [57, 59, 58, 62, 60, 61, 56, 83, 82, 81]
31 93 94 1.2 [2609, 2599, 2924, 2800, 3105, 2819, 2771, 2943, 2962, 2675] [93, 95, 97, 96, 90, 98, 91, 92, 86, 94]
32 94 55 4.16 [2091, 2024, 2360, 2270, 2255, 2397] [94, 95, 93, 56, 54, 55]
33 67 50 3.32 [2885, 2949, 3435, 3149, 3329, 3170] [67, 66, 68, 48, 49, 50]
34 84 73 4.95 [6245, 6887, 6352] [84, 85, 73]
35 97 97 3.24 [2874, 2757, 2698, 2903, 3040, 2727, 2659, 2747] [97, 96, 95, 93, 90, 94, 91, 98]
36 85 85 2.72 [2463, 2374, 2205, 2487, 2640, 2261] [85, 86, 82, 83, 87, 84]
37 64 59 1.71 [2046, 2255, 1962, 2018, 2262, 1899, 2060, 2150, 2220, 2074] [64, 63, 65, 67, 66, 68, 69, 58, 57, 59]
38 49 67 2.97 [7185, 7818, 7745] [49, 50, 67]
39 74 94 1.15 [2940, 3016, 2834] [74, 72, 94]
40 54 77 3.79 [5002, 5459] [54, 77]
41 52 60 3.89 [2335, 2128, 2246, 2298, 2394] [52, 53, 51, 62, 60]
42 51 67 3.09 [10487, 9704, 10351, 9806, 9193, 10623, 9534, 10657] [51, 53, 52, 45, 50, 68, 66, 67]
43 69 89 3.05 [2332, 2585, 2763, 2492, 2594, 2391, 2433, 2467] [69, 71, 70, 63, 64, 88, 87, 89]
44 49 57 3.24 [4428] [49]
45 70 96 3.62 [1997, 2216, 1928, 2168, 1873, 2004, 1990] [70, 71, 69, 63, 98, 97, 96]
46 85 75 1.83 [2546, 2230, 2254, 2586, 2325] [85, 86, 84, 77, 75]
47 84 79 2.68 [4711, 4015, 4119, 4000, 4104, 4859, 4785, 4045, 4637] [84, 86, 85, 82, 83, 81, 80, 78, 79]
48 94 94 2.55 [2349] [94]
49 72 92 3.5 [5446] [72]
50 55 48 3.32 [5846, 5645, 5464, 5926, 6227, 6006, 6047, 6328] [55, 54, 56, 59, 58, 50, 49, 48]
51 90 68 1.56 [5077, 4969, 5402, 4878, 5041] [90, 91, 92, 66, 68]
52 62 50 2.24 [18032, 16430] [62, 50]
53 63 90 2.34 [4896] [63]
54 61 85 4.51 [4074, 3531, 4010] [61, 60, 85]
55 48 83 1.85 [1997] [48]
56 54 64 4.37 [12937, 10821, 11699] [54, 56, 64]
57 78 87 2.92 [6655, 6142, 5772, 6368, 5731, 5567, 6060, 6327] [78, 79, 80, 74, 72, 89, 88, 87]
58 54 73 3.81 [5124, 5318, 5494] [54, 55, 73]
59 75 54 3.37 [2082, 2180, 1992] [75, 76, 54]
60 58 76 3.62 [4143, 4208, 3961, 3819, 3624, 4039, 3767, 4117, 4195, 3611] [58, 57, 59, 61, 60, 62, 55, 77, 75, 76]
61 48 74 2.34 [2124, 1913, 2060, 2166, 2236, 2243, 1927, 2201, 2215] [48, 49, 50, 45, 46, 47, 73, 72, 74]
62 47 53 1.04 [2042, 1953, 2145, 2062, 2221, 2104] [47, 45, 46, 52, 51, 53]
63 87 91 4.84 [2186, 2128, 2069, 2334, 2047, 2341, 2282, 2172] [87, 89, 88, 86, 84, 92, 90, 91]
64 79 89 3.73 [4271, 3771, 4365, 3973] [79, 78, 87, 89]
65 58 77 3.75 [4888, 4308, 4185, 4644, 4827, 4842, 4262] [58, 57, 59, 61, 76, 75, 77]
66 83 82 1.29 [4023, 3700, 4359, 3808, 3633, 4427, 3781] [83, 81, 86, 84, 85, 87, 82]
67 87 55 3.53 [2940, 2919, 3101, 2889] [87, 88, 56, 55]
68 54 48 2.43 [3533] [54]
69 88 63 4.11 [3428, 3716, 3955, 3616, 3754, 3515, 4043, 3478, 4118, 3729] [88, 87, 89, 86, 84, 85, 82, 64, 65, 63]
70 50 52 4.51 [3772, 3444] [50, 52]
71 79 50 3.9 [3978, 3900, 4251, 4225, 3575] [79, 78, 80, 49, 50]
72 71 52 4.41 [7014, 7774, 6443, 7085] [71, 69, 53, 52]
73 74 85 2.98 [4133, 4362, 4462, 3990, 4262, 4004, 4062] [74, 72, 73, 78, 84, 86, 85]
74 75 76 2.62 [4735, 4302, 4446, 4590, 3912, 4359, 4388, 4229, 4475] [75, 77, 74, 72, 73, 78, 80, 79, 76]
75 90 97 1.74 [3444, 3621, 3291, 3562] [90, 91, 96, 97]
76 94 98 3.27 [1866] [94]
77 55 71 4.08 [2608] [55]
78 74 65 1.99 [1937] [74]
79 88 76 2.41 [3584, 3619, 3376, 3307, 3133, 3226, 3769] [88, 87, 89, 86, 77, 75, 76]
80 47 54 3.66 [4844, 5281, 5509, 5754] [47, 45, 55, 54]
81 75 94 2.41 [7420, 7969, 8119, 7844, 7270, 7694, 8044, 7195, 8219] [75, 74, 73, 72, 78, 80, 93, 95, 94]
82 48 51 3.9 [3651, 3833, 3602, 3639, 3541, 3323] [48, 49, 50, 52, 53, 51]
83 55 82 4.04 [2279, 2182, 2554, 2481, 2400] [55, 56, 54, 83, 82]
84 91 94 3.94 [2219, 2080, 2032] [91, 90, 94]
85 70 52 4.17 [3412, 3193, 3381, 2859] [70, 71, 53, 52]
86 76 97 3.2 [13409, 12251, 14211, 14122, 14612] [74, 73, 98, 96, 97]
87 87 84 1.98 [5503, 5857, 5798] [87, 86, 84]
88 90 80 2.7 [2400, 2392, 2279, 2295] [90, 92, 79, 80]
89 91 89 2.45 [12051, 12467, 12164] [91, 92, 87]
90 57 96 4.41 [4545] [57]
91 88 78 1.75 [6325, 5904] [79, 78]
92 85 88 3.42 [4329, 4424, 4248, 4261] [85, 86, 84, 88]
93 81 65 2.97 [3095, 2917, 2644, 3020, 3067, 2822, 2681, 2766, 2775, 2813] [81, 83, 82, 86, 85, 84, 89, 64, 63, 65]
94 77 51 3.07 [3126, 2994] [77, 51]
95 51 91 2.0 [2254, 2041, 2155, 2077, 2282, 1971] [51, 53, 45, 92, 90, 91]
96 67 94 3.56 [15577, 13593, 16321] [67, 66, 95]
97 45 93 3.59 [7826, 8333, 6864, 7092, 7801, 7041, 7497] [45, 46, 47, 49, 95, 94, 93]
98 60 75 1.69 [3639, 3651, 3358, 3733, 3265, 3627] [60, 61, 62, 59, 77, 76]
99 48 73 4.3 [6274] [48]
100 48 47 4.5 [3431, 3419, 3251, 3566, 3464, 3442, 3521] [48, 49, 50, 53, 46, 45, 47]
101 68 63 2.86 [4400, 4129, 4912, 4310, 4746, 4340] [68, 66, 67, 64, 65, 63]
102 86 67 3.24 [6231, 5910, 5829, 6010, 5970] [86, 85, 84, 66, 68]
103 70 55 1.61 [2759, 2500, 2893, 2411, 2661, 2839, 2866, 2920, 2616] [70, 71, 69, 65, 63, 68, 64, 56, 55]
104 72 62 4.61 [2132, 2483, 2397] [72, 73, 62]
105 55 81 3.21 [4099] [55]
106 63 67 4.04 [21401, 18833, 18042, 18569, 20479] []
107 96 67 3.59 [10509, 10989, 11800, 11210, 11542, 12132, 11284, 11394, 10583, 11247] [96, 97, 98, 93, 95, 90, 94, 92, 91, 68]
108 88 63 3.01 [2088, 2150, 2192, 1906, 2046, 2032] [81, 83, 82, 64, 65, 63]
109 75 76 4.91 [2966, 2434, 2641, 2578, 2768, 2930, 2804, 2704] [72, 73, 74, 79, 80, 78, 60, 76]
110 56 97 4.19 [9728, 9499, 10252, 9401, 9040, 9532, 9073] [56, 55, 57, 59, 98, 96, 97]
111 50 51 2.75 [11696, 12043, 12235] [50, 48, 51]
112 56 94 1.02 [13164, 14170, 12798, 13301, 13987, 12890, 14032, 14444, 14352] [58, 60, 61, 62, 59, 57, 65, 45, 93]
113 52 55 2.37 [2651, 2802, 2567, 2896, 2999, 2820, 2877, 2614] [53, 46, 49, 47, 45, 48, 50, 56]
114 46 80 1.72 [2813, 2529, 2556, 2758, 2840, 2941, 2904, 2648, 2803] [46, 47, 45, 49, 48, 53, 78, 79, 80]
115 64 48 1.67 [3254, 3442, 3390, 2825, 3138, 3107, 3097] [64, 63, 65, 70, 71, 49, 48]
116 83 81 3.56 [5382] [83]
117 82 55 2.63 [7740, 7894, 8073, 7688, 7535, 7304, 7458, 7791, 7278, 7509] [82, 81, 83, 86, 85, 84, 58, 61, 60, 62]
118 81 82 3.29 [2213] [81]
119 54 45 2.09 [2282, 2244] [56, 45]
120 91 48 2.48 [11014] [90]
121 58 56 3.3 [5010, 5074, 4659, 4324] [58, 59, 57, 61]
122 63 54 4.15 [12623, 11807, 13825, 11936, 12881, 11764, 12408, 13396] []
123 56 76 2.91 [7758] [60]
124 63 47 1.32 [2970, 2720, 2770, 3240, 3130, 3050, 3110, 3210, 2800] [63, 65, 70, 69, 71, 68, 45, 46, 47]
125 53 47 3.69 [7698] [53]
126 64 95 2.48 [3339, 3350, 3545, 3556, 3122, 3187, 3101, 3513, 2927] [63, 65, 70, 69, 71, 96, 93, 94, 95]
127 80 79 1.91 [1962, 2156] [80, 79]
128 79 89 2.08 [2702, 2712, 2881, 3050, 3100, 2971, 2871, 3249, 2782] [72, 73, 74, 82, 86, 81, 83, 85, 84]
129 55 67 1.38 [17410, 17777, 16735, 19003, 17716, 19433] [58, 61, 60, 62, 63, 70]
130 45 77 3.99 [2468, 2514, 2767, 2948, 2938, 2450] [45, 46, 47, 49, 48, 51]
131 62 59 1.08 [3014, 3262, 3232, 3103, 2915] [61, 60, 57, 58, 59]
132 87 90 4.29 [4213, 4472, 4063, 4418, 3954, 4309, 3681] [81, 82, 86, 83, 84, 92, 91]
133 87 53 4.84 [2671, 2836, 2946, 2763, 2635, 2708] [86, 82, 81, 83, 85, 84]
134 89 51 1.91 [3345, 3598, 3770, 3322, 3276, 3529, 3759, 3414, 3115] [86, 82, 81, 83, 85, 84, 46, 49, 47]
135 96 49 4.08 [2369, 2310, 2327, 2479] [96, 97, 48, 49]
136 68 51 3.96 [5731, 5015, 5713, 5033, 4978, 5437, 5235, 5768, 5988, 5602] [69, 71, 65, 63, 70, 46, 47, 49, 45, 72]
137 87 72 2.05 [9595] [72]
138 51 96 4.19 [2628, 2587] [97, 96]
139 93 69 4.84 [5280, 4748, 4954, 5400, 4868, 4885] [94, 97, 65, 46, 71, 69]
140 73 98 3.64 [2402, 2176, 2131, 2244, 2063, 2463] [73, 74, 72, 91, 96, 98]
141 53 72 2.46 [2346, 2423, 2446] [74, 73, 72]
142 96 96 4.48 [2807, 2979, 2735, 2762, 2671, 2563, 2726, 2943, 2852, 2499] [96, 58, 59, 47, 57, 61, 86, 82, 49, 81]
143 61 48 3.16 [2180, 2368] [61, 60]
144 91 59 1.45 [2801] [59]
145 71 70 3.82 [5765, 4886] [47, 57]
146 72 64 1.89 [2025, 2011, 2081, 2157, 2122, 2074, 2248] [72, 73, 74, 71, 65, 63, 64]
147 46 83 1.66 [2282, 2265, 2573, 2324] [46, 45, 81, 83]
148 83 62 4.76 [7317, 6936, 7388, 7697, 6485, 7435, 7554, 7222, 6604] []
149 93 81 2.01 [2522, 2431, 2580, 2456, 2407, 2440, 2390] [86, 85, 84, 58, 83, 82, 81]
150 80 98 3.16 [2282] [92]
151 93 89 4.6 [3507] [86]
152 93 60 3.37 [1961, 2161] [61, 60]
153 86 90 1.43 [5349, 4979, 5419] [82, 58, 59]
154 68 84 1.65 [9680] []
155 74 60 3.69 [2442, 2381] [61, 60]
156 60 76 1.7 [2041, 2269, 2092] [60, 61, 57]
157 49 74 4.22 [1897, 2229] [49, 46]
158 89 94 1.25 [13999, 12916, 11876, 13349, 14129, 13306, 12266, 13739] []
159 93 94 1.45 [2423, 2401, 2327, 2305, 2165, 2069, 2239, 2120, 2143, 2084] [49, 46, 47, 69, 45, 85, 63, 58, 57, 70]
160 77 79 2.75 [2458, 2656, 2466, 2532, 2507, 2615, 2384, 2573, 2714] [49, 46, 59, 86, 65, 81, 71, 47, 69]
161 94 45 2.05 [2702, 3025, 2897, 2829, 2907] []
162 49 64 4.09 [2544, 2168, 2145] [45, 83, 63]
163 69 85 1.97 [2579] [85]
164 98 61 2.6 [7915, 7890] []
165 61 91 2.37 [6263, 6834, 5933, 6966, 6329, 6241, 6351] []
166 60 46 4.71 [2220, 2277, 2351, 2466] []
167 52 67 4.9 [9360, 9512] []
168 80 90 3.75 [8078, 8105] []
169 72 93 4.16 [3464] []
170 67 66 3.41 [1984, 2031] [56, 58]
171 81 77 2.76 [2136, 1955, 2283, 2053, 2241, 1913, 1997, 1934] []
172 53 89 2.07 [6854, 6495, 6411, 6748, 6010] []
173 87 51 4.55 [3278, 3668, 3055, 3445] []
174 72 52 2.96 [2398, 2091, 2293, 2039, 2031, 2271] []
175 89 75 4.65 [4714, 4697, 4984, 4883, 5406] []
176 48 81 4.33 [3018, 3069, 3180, 2958, 3028, 2726, 3089, 2907, 2817, 3049] []
177 97 96 1.71 [5445, 5769, 5571, 5012] []
178 49 57 2.32 [2119, 2017, 2134, 2294, 2366, 2039, 2374, 2010] []
179 88 79 3.1 [1966, 1891, 2014, 2117, 2241, 2172, 1987, 2104, 2248, 1911] []
180 94 74 3.59 [2284, 2067, 2161, 2320, 2147] []
181 97 95 1.37 [2136, 2114, 2072, 2093, 2306, 2207] []
182 55 68 4.25 [5221] []
183 97 58 3.26 [8518] []
184 58 82 2.65 [2903] []
185 71 45 2.13 [1944, 2274, 2282, 2038, 2253, 2131, 2325] []
186 56 78 1.13 [4214, 4781, 4856, 4348, 4811, 4423, 4722, 4408, 4647] []
187 79 75 1.31 [2210, 2178] [98, 90]
188 59 98 1.01 [4652] []
189 71 65 2.1 [4717, 4444, 4487, 4343, 4185, 4401, 4588, 3941] []
190 93 79 2.94 [2355, 2347, 2323, 2442, 2600, 2252, 2536, 2363] []
191 88 62 1.61 [12474, 14545, 14453] []
192 67 60 4.91 [2279, 1905, 2148, 2044, 1912, 2065, 1947, 2134, 1885, 2231] []
193 92 76 1.38 [10761, 10492, 9416, 9584, 10526, 9887, 9786, 9214, 10660] []
194 93 79 1.82 [3221, 3582, 3374, 3593, 3308, 3199, 3276, 3560] []
195 72 82 2.34 [4848, 4367, 4923, 4578, 4382, 4563, 4653, 4112, 4247, 4172] []
196 97 63 4.37 [2193, 2201] []
197 49 72 4.12 [2302, 2309, 2325, 2088, 2256, 2294, 2172] []
198 93 55 3.55 [3882, 4032, 4264] []
199 89 70 4.49 [6295, 6723, 6520, 6678, 7197] []
200 82 48 1.19 [3358, 3264] []
201 90 50 4.9 [1876, 1917, 2012, 1849, 2135, 2006, 2060, 1910, 2183] []
202 73 54 2.28 [16304, 13727, 14866, 13429, 15412, 15511, 14619, 14520, 16204, 15015] []
203 74 74 1.99 [6721, 7195] []
204 53 84 4.51 [2650, 2357, 2455] []
205 62 85 2.24 [9836, 10664, 10448, 9872, 10412] []
206 71 52 4.98 [3316, 3225, 3452, 3111] []
207 80 80 1.44 [3266, 3498, 3602, 3336, 3220, 3532] []
208 96 62 1.27 [7883, 7691, 6946, 7283, 7114, 6802] []
209 64 47 4.15 [3428, 3538, 3373, 3119, 3251, 3483, 3626, 2987, 3406] []
210 96 45 2.32 [2627, 2507, 2587, 2595, 2186, 2210, 2427, 2169, 2378] []
211 70 96 4.89 [1883, 1985] [93, 79]
212 79 62 3.28 [3248, 3402, 3509, 3497, 3284, 3794, 3651, 3604, 3817] []
213 56 53 3.38 [8689, 9058, 9285] []
214 53 83 4.34 [3398, 3032, 3022, 2875, 3199, 3220, 3074, 3241] []
215 59 68 4.45 [7355, 7309, 7058, 6259, 6510, 6327, 6990, 7035, 6921, 6898] []
216 68 96 2.97 [3965, 3599, 3940, 3890, 4142, 3751, 4117, 3687] []
217 59 69 3.05 [4605, 4683, 5121, 4276, 4871, 4761, 4698, 4792, 4839] []
218 89 74 2.01 [4806, 4732] []
219 78 63 2.72 [6970, 6924, 7389, 7296, 7528, 6901, 6297, 6622] []
220 62 94 1.97 [2347, 2442] []
221 78 95 3.79 [5286, 5318, 5138, 4793, 4892, 4481] []
222 64 52 4.26 [3288, 3022, 3192, 3001, 3107] []
223 55 55 3.44 [2162, 2020, 1959, 2209] []
224 66 86 1.41 [2568, 2676, 2810, 2577, 2595, 2944] []
225 71 47 2.86 [3274, 3306, 2967, 3062, 3030, 3126, 3295, 2861, 3369, 3051] []
226 64 46 3.23 [5931, 5383, 5755, 5696, 6225, 6029, 6401, 6303] []
227 62 68 1.46 [6324, 6002, 6123, 6063, 5680, 5640, 6526] []
228 91 92 1.57 [2305, 2197, 2522, 2475, 2259, 2143] []
229 50 80 4.88 [18396, 21071, 21397, 18722, 20223, 19962, 19244, 19570] []
230 50 56 4.23 [4912, 4714, 5340, 4796, 4631, 5043, 4829] []
231 93 93 1.42 [2819, 3031, 2745] []
232 63 64 1.32 [6514, 6955, 6329, 6908] []
233 77 82 3.04 [7093, 6939, 6873] []
234 90 97 2.18 [16310] []
235 75 56 2.11 [4812, 4561, 4595] []
236 93 96 1.68 [5145, 5019, 4579, 4280, 4327] []
237 71 89 3.3 [3059, 3149, 3159, 3039, 3139, 2868, 2818, 3169, 3049, 2788] []
238 92 68 3.41 [3031, 3002, 3088, 2868, 2639] []
239 93 93 4.73 [5138, 5271, 5238, 5105, 4804, 5021] []
240 72 62 2.14 [2168, 2073, 2148, 2202, 1972, 2229, 2188] []
241 82 87 1.31 [6750, 6495, 7306, 6332, 6541, 7260, 7167] []
242 58 65 2.32 [7379, 6632, 6745, 7221, 6972, 6270, 6202] []
243 95 52 2.45 [7533, 7388, 7848, 7727] []
244 83 77 1.08 [3845, 3692, 3768] []
245 82 91 4.81 [2518, 2727, 2937, 2554, 2673] []
246 51 67 2.59 [5820, 6562, 6402, 6321, 6101] []
247 58 45 3.79 [3187, 3086, 3243] []
248 82 73 2.99 [3349, 3216, 3338, 3404, 3448, 3360, 3602] []
249 66 80 2.01 [6270, 5995, 5366, 5386, 6132, 6290, 5562] []
250 47 53 3.25 [2379, 2232] []
251 74 92 2.88 [8309, 9837, 8492, 8248, 8676, 8706, 8279, 9378, 9470] []
252 89 97 2.62 [14724, 14116, 12620, 14677, 12807, 14957] []
253 61 83 1.47 [2682, 2450, 2707] []
254 74 94 3.53 [3487] []
255 86 98 2.26 [2556, 2565, 2827, 2724, 2762, 2799, 2659, 2696, 3033] []
256 78 94 1.56 [3168] []
257 46 89 3.65 [2280, 2133, 2105, 2161, 1973, 2140, 1917, 2064] []
258 54 91 2.64 [2336, 2142] []
259 86 89 1.11 [3586, 3503, 3727, 3314, 3550, 3350, 3680, 3633, 3373] []
260 74 93 2.04 [2823, 2538, 2904, 2618, 2716, 2457, 2806, 2841, 2484] []
261 59 76 2.66 [4778, 5020, 4520, 4439, 5311, 4584, 4762, 5262, 4600, 4552] []
262 69 74 1.21 [2716, 2530, 2758, 2378, 2767, 2335, 2674, 2547, 2386] []
263 96 56 3.15 [18857, 19156, 16530, 19633, 16769] []
264 78 64 2.42 [5083, 4462] []
265 91 48 1.87 [16019, 15170, 15064] []
266 70 71 3.6 [3309, 3844, 3582, 3487, 3725, 3880] []
267 97 48 3.42 [1819, 2040] [91, 78]
268 84 92 2.52 [2548, 2497, 2279, 2329, 2724] []
269 65 59 1.83 [3707, 3549, 3640, 3042, 3076] []
270 98 73 1.76 [3127, 3173, 3254, 3486] []
271 77 92 2.1 [3857, 3695] []
272 53 45 2.52 [2148, 2126, 2267, 2260, 2030, 2037, 2097] []
273 52 70 3.09 [16518, 14737, 15763, 16356, 16950, 15871] []
274 72 73 1.55 [2481, 2537, 2239, 2594] []
275 86 84 4.23 [8401, 8747, 8891, 8458, 7910, 7794, 8545, 8660] []
276 85 71 3.14 [5824, 5939, 5213, 6187] []
277 78 45 4.83 [2836, 2771, 3021, 2567, 2753, 2975] []
278 69 48 4.13 [4316, 4162, 4285, 4979, 4717, 4362, 4455] []
279 98 55 3.87 [3062, 3397, 3364, 3241, 3632, 3274] []
280 84 57 4.9 [2174, 2247, 2050, 2152, 2094, 2393, 2218, 2378] []
281 89 61 1.66 [3026, 3245, 2880, 2891, 2974] []
282 77 87 1.69 [2311, 2270, 2460] []
283 65 71 3.0 [6292, 6503, 5870, 6672, 6187, 6905, 6461, 5722] []
284 73 77 3.65 [3887, 3642, 3531, 3960, 3777] []
285 92 84 2.09 [12308, 11478, 11968, 10269, 11855, 11629, 10194, 10571, 10836] []
286 87 92 1.56 [1909, 1998] []
287 95 57 4.82 [2305, 2459, 2386, 2491, 2612, 2524] []
288 58 93 3.61 [6673, 7748, 7259, 7308] []
289 53 91 2.09 [3031, 2923, 3207] []
290 67 81 4.49 [4988, 4442] []
291 54 62 1.54 [3062, 2811, 2765, 2839, 2802, 2672, 3025, 2904, 2737, 2727] []
292 78 59 1.28 [8109] []
293 60 92 1.29 [2672, 2481, 2819, 2394, 2446] []
294 51 57 3.9 [4688, 4961, 4807, 5389, 5475, 5611, 5458] []
295 82 80 1.97 [9616, 9266, 9075, 10157, 9648, 9871, 8916] []
296 62 79 2.47 [2855, 2882, 2659, 2846, 2462, 2801, 2445, 2712, 2908] []
297 67 71 2.21 [2380, 2312, 2474, 2703, 2525, 2729, 2669, 2431, 2542] []
298 49 82 2.62 [2478, 2438, 2510, 2557, 2255, 2390] []
299 77 53 2.52 [4492, 4556, 4588] []
