0 91 88 1.88 [8203, 8294, 8284] [91, 91, 91]
1 51 65 1.17 [4381, 4342, 4345, 4349, 4371, 4389, 4401] [51, 51, 51, 51, 51, 51, 51]
2 73 71 1.32 [2496, 2502, 2480, 2516, 2509, 2527] [73, 73, 73, 73, 73, 73]
3 98 76 1.21 [3209, 3223, 3215, 3213] [98, 98, 98, 98]
4 57 61 1.29 [5885, 5956, 5878, 6000, 5863] [57, 57, 57, 57, 57]
5 62 90 1.85 [2564, 2552, 2548, 2603, 2592, 2590, 2569, 2567, 2557, 2595] [62, 62, 62, 62, 62, 62, 62, 62, 62, 62]
6 86 66 1.45 [4712, 4675, 4631] [86, 86, 86]
7 80 98 1.17 [3412, 3362] [80, 80]
8 94 82 1.23 [3331, 3372, 3343, 3364, 3342, 3403, 3400, 3333, 3336, 3396] [94, 94, 94, 94, 94, 94, 94, 94, 94, 94]
9 63 45 1.8 [9162, 9177, 9234, 9267, 9226, 9064, 9252] [63, 63, 63, 63, 63, 63, 63]
