0 91 88 1.88 [8203, 8294, 8284] [91, 90, 88]
1 51 65 1.17 [4381, 4342, 4345, 4349, 4371, 4389, 4401] [51, 52, 53, 45, 64, 63, 65]
2 73 71 1.32 [2496, 2502, 2480, 2516, 2509, 2527] [73, 72, 74, 70, 69, 71]
3 98 76 1.21 [3209, 3223, 3215, 3213] [98, 96, 75, 76]
4 57 61 1.29 [5885, 5956, 5878, 6000, 5863] [57, 58, 59, 60, 61]
5 62 90 1.85 [2564, 2552, 2548, 2603, 2592, 2590, 2569, 2567, 2557, 2595] [62, 61, 60, 54, 55, 56, 59, 91, 92, 90]
6 86 66 1.45 [4712, 4675, 4631] [86, 84, 66]
7 80 98 1.17 [3412, 3362] [80, 98]
8 94 82 1.23 [3331, 3372, 3343, 3364, 3342, 3403, 3400, 3333, 3336, 3396] [94, 93, 95, 97, 92, 96, 98, 83, 81, 82]
9 63 45 1.8 [9162, 9177, 9234, 9267, 9226, 9064, 9252] [63, 64, 65, 67, 47, 46, 45]
