91 88 40.74 76.58 3 [16, 43, 40]
51 65 21.67 25.34 7 [26, 4, 6, 8, 20, 30, 37]
73 71 12.37 16.29 6 [21, 27, 5, 40, 33, 51]
98 76 16.03 19.34 4 [2, 12, 6, 5]
57 61 29.3 37.6 5 [10, 39, 7, 57, 1]
62 90 12.74 23.46 10 [15, 3, 0, 51, 41, 39, 19, 17, 8, 44]
86 66 22.99 33.27 3 [59, 40, 17]
80 98 16.75 19.51 2 [44, 8]
94 82 16.63 20.36 10 [3, 33, 12, 27, 11, 55, 53, 5, 7, 50]
63 45 45.26 81.39 7 [29, 33, 48, 57, 46, 3, 53]
87 55 11.2 16.3 6 [0, 4, 36, 47, 6, 5]
66 61 25.49 49.86 5 [42, 2, 50, 1, 12]
59 77 19.01 19.24 1 [59]
87 92 19.76 22.43 5 [55, 8, 26, 17, 6]
69 51 12.51 14.98 4 [6, 19, 8, 35]
69 53 25.83 37.42 1 [11]
57 97 24.95 35.06 2 [58, 53]
63 58 15.1 19.6 2 [0, 17]
48 69 15.29 30.12 7 [53, 57, 29, 51, 6, 4, 36]
75 58 10.09 17.47 2 [59, 48]
80 84 31.29 36.89 5 [38, 54, 6, 0, 2]
58 92 12.35 24.06 10 [5, 37, 54, 23, 50, 18, 28, 3, 51, 41]
53 84 15.35 28.52 7 [25, 16, 0, 51, 49, 29, 5]
82 76 14.18 25.17 5 [28, 56, 21, 24, 13]
84 48 14.76 29.18 6 [1, 48, 7, 30, 15, 34]
54 63 38.9 39.16 6 [22, 33, 9, 1, 14, 27]
78 73 12.95 18.01 7 [44, 34, 53, 59, 18, 32, 38]
86 90 24.14 42.76 8 [17, 22, 47, 8, 29, 42, 57, 15]
76 53 14.87 28.32 9 [9, 40, 47, 44, 46, 43, 54, 34, 48]
52 92 13.28 13.8 4 [23, 25, 13, 34]
77 90 13.96 20.53 3 [57, 8, 17]
46 81 27.25 29.35 3 [21, 17, 15]
94 87 14.16 16.23 5 [6, 8, 19, 4, 31]
47 77 10.42 15.34 9 [47, 42, 6, 41, 8, 52, 45, 19, 32]
80 71 11.86 17.11 9 [30, 53, 9, 11, 12, 55, 18, 7, 54]
73 70 17.74 32.85 5 [40, 34, 7, 51, 13]
91 97 65.89 113.83 4 [32, 18, 27, 54]
75 51 15.09 18.78 3 [35, 36, 23]
97 63 11.6 15.49 7 [9, 18, 32, 55, 46, 8, 57]
49 56 22.74 34.2 1 [7]
62 71 21.21 23.11 4 [38, 53, 57, 43]
73 73 16.09 27.62 3 [53, 11, 52]
96 51 18.66 29.82 5 [10, 15, 17, 14, 7]
51 80 29.17 46.45 7 [21, 50, 15, 34, 46, 10, 32]
48 73 10.88 11.15 1 [57]
61 94 14.97 28.94 9 [25, 40, 57, 55, 43, 4, 56, 23, 0]
48 81 34.08 63.02 3 [14, 40, 4]
91 73 16.43 17.13 10 [48, 13, 24, 34, 35, 51, 29, 5, 18, 59]
74 89 59.05 104.96 9 [18, 21, 6, 28, 12, 9, 39, 40, 7]
92 47 59.15 70.22 4 [11, 14, 18, 0]