81 47 16.64 55.12 4 [29, 52, 31, 17]
86 96 11.72 36.13 6 [4, 15, 47, 23, 2, 26]
53 83 14.9 40.01 5 [29, 11, 43, 19, 42]
68 53 17.42 77.35 4 [28, 39, 24, 2]
82 45 12.77 22.72 5 [34, 23, 49, 57, 15]
65 87 20.62 56.59 2 [41, 37]
65 77 11.67 22.14 7 [15, 2, 58, 31, 19, 52, 38]
87 49 20.0 88.41 3 [24, 36, 23]
83 54 11.15 45.74 2 [28, 10]
96 57 16.76 44.51 4 [43, 17, 9, 39]
78 56 61.7 127.6 5 [10, 42, 41, 52, 11]
94 56 18.13 43.32 7 [14, 0, 34, 45, 2, 21, 20]
60 50 13.18 34.51 3 [24, 58, 55]
76 88 76.58 302.15 5 [33, 30, 38, 31, 4]
55 76 27.73 127.32 3 [26, 34, 37]
67 79 15.62 59.47 9 [28, 6, 26, 53, 2, 0, 59, 34, 4]
48 67 10.93 15.68 8 [53, 51, 31, 8, 29, 27, 49, 32]
73 66 32.47 149.08 8 [27, 21, 41, 33, 56, 9, 47, 15]
65 84 10.31 18.37 10 [36, 53, 40, 30, 1, 51, 7, 18, 27, 15]
90 63 73.58 87.19 9 [49, 6, 52, 18, 10, 42, 30, 9, 23]
83 70 98.88 174.81 6 [11, 5, 37, 12, 27, 13]
51 88 72.9 208.12 9 [46, 27, 28, 42, 47, 35, 13, 17, 38]
68 52 24.53 86.05 4 [27, 39, 26, 55]
69 96 26.12 33.46 7 [51, 5, 52, 3, 22, 16, 23]
74 72 36.51 128.36 5 [29, 44, 18, 32, 31]
77 61 16.02 57.0 6 [46, 17, 30, 28, 54, 57]
82 75 10.83 34.21 6 [51, 46, 25, 50, 10, 38]
71 91 21.28 71.97 5 [1, 37, 20, 41, 4]
92 70 23.55 50.15 3 [15, 10, 19]
51 80 41.42 196.47 4 [36, 47, 4, 26]
57 81 21.62 59.63 10 [1, 25, 12, 21, 54, 36, 57, 33, 51, 55]
93 94 14.33 17.06 10 [3, 2, 36, 23, 55, 25, 20, 38, 40, 10]
94 55 11.2 46.57 6 [10, 1, 46, 34, 32, 51]
67 50 15.85 52.48 6 [3, 9, 55, 28, 45, 30]
84 73 32.08 158.6 3 [22, 52, 27]
97 97 14.66 47.42 8 [24, 12, 6, 27, 41, 9, 2, 11]
85 85 12.11 32.89 6 [35, 24, 3, 38, 57, 10]
64 59 10.47 17.88 10 [23, 53, 11, 19, 54, 2, 25, 38, 48, 27]
49 67 36.53 108.38 3 [25, 51, 48]
74 94 14.36 16.5 3 [37, 45, 26]
54 77 25.43 96.3 2 [25, 52]
52 60 11.08 43.07 5 [46, 18, 34, 41, 54]
51 67 51.07 157.66 8 [38, 15, 34, 18, 0, 42, 10, 43]
69 89 12.67 38.52 8 [6, 36, 57, 25, 37, 13, 18, 22]
49 57 24.24 78.36 1 [4]
70 96 10.29 37.18 7 [21, 53, 11, 46, 3, 22, 20]
85 75 11.86 21.61 5 [52, 12, 15, 57, 24]
84 79 22.22 59.45 9 [48, 1, 8, 0, 7, 58, 53, 3, 43]
94 94 11.29 28.68 1 [42]
72 92 26.78 93.65 1 [35]
55 48 30.13 99.81 8 [21, 11, 2, 25, 40, 29, 31, 45]
90 68 27.1 42.17 5 [11, 5, 29, 0, 9]
62 50 88.97 198.74 2 [34, 7]
63 90 24.0 56.13 1 [36]
61 85 19.4 87.33 3 [45, 3, 40]
48 83 10.58 19.51 1 [13]
54 64 59.89 261.59 3 [54, 1, 23]
78 87 30.81 89.69 8 [54, 29, 11, 40, 9, 1, 25, 38]
54 73 26.41 100.4 3 [21, 32, 42]
75 54 10.41 34.99 3 [30, 44, 17]
58 76 19.48 70.42 10 [49, 54, 35, 24, 9, 41, 20, 47, 53, 8]
48 74 10.51 24.57 9 [33, 3, 24, 39, 49, 50, 5, 44, 46]
47 53 10.31 10.72 6 [27, 14, 42, 30, 53, 36]
87 91 11.04 53.39 8 [27, 19, 11, 47, 8, 48, 40, 25]
79 89 20.27 75.48 4 [46, 9, 53, 24]
58 77 22.91 85.79 7 [50, 12, 4, 34, 46, 47, 9]
83 82 20.18 25.95 7 [29, 5, 54, 13, 0, 59, 11]
87 55 15.15 53.46 4 [21, 19, 37, 16]
54 48 18.27 44.25 1 [20]
88 63 18.83 77.3 10 [3, 26, 45, 18, 29, 10, 52, 7, 58, 27]
50 52 17.57 79.23 2 [52, 24]
79 50 19.5 76.0 5 [36, 30, 57, 55, 5]
71 52 35.66 157.05 4 [25, 57, 1, 28]
74 85 21.45 63.77 7 [19, 35, 42, 9, 28, 10, 14]
75 76 21.65 56.6 9 [58, 28, 38, 48, 1, 32, 34, 23, 40]
90 97 17.63 30.58 4 [23, 38, 10, 33]
94 98 10.25 33.42 1 [3]
55 71 13.97 56.87 1 [10]
74 65 10.41 20.62 1 [9]
88 76 17.34 41.75 7 [40, 43, 22, 16, 1, 9, 56]
47 54 26.23 95.95 4 [7, 32, 45, 59]
75 94 37.47 90.0 9 [27, 49, 55, 44, 21, 38, 52, 18, 59]
48 51 18.19 70.78 6 [31, 46, 27, 30, 22, 4]
55 82 12.12 48.85 5 [12, 0, 46, 37, 27]
91 94 10.4 40.9 3 [50, 30, 23]
70 52 15.65 65.14 4 [57, 36, 54, 4]
76 97 66.82 213.77 5 [31, 5, 49, 47, 58]
87 84 29.48 58.36 3 [10, 28, 25]
90 80 12.12 32.64 4 [27, 26, 12, 14]
91 89 56.84 138.8 3 [48, 59, 51]
57 96 21.57 94.97 1 [46]
88 78 30.02 52.4 2 [46, 25]
85 88 20.29 69.33 4 [50, 57, 44, 45]
81 65 14.11 41.79 10 [59, 40, 11, 51, 56, 30, 15, 24, 25, 29]
77 51 16.45 50.47 2 [15, 3]
51 91 10.63 21.17 6 [48, 18, 34, 23, 52, 8]
67 94 74.41 264.36 3 [44, 4, 59]
45 93 37.99 136.28 7 [39, 59, 1, 10, 38, 8, 26]
60 75 17.55 29.61 6 [41, 42, 17, 49, 9, 40]
48 73 30.16 129.46 1 [42]
48 47 16.87 75.9 7 [35, 34, 19, 47, 38, 36, 43]
68 63 22.6 64.59 6 [22, 4, 56, 16, 45, 18]
86 67 30.15 97.53 5 [40, 24, 20, 29, 27]
70 55 13.39 21.44 9 [39, 10, 54, 0, 28, 48, 51, 57, 23]
72 62 11.71 53.9 3 [3, 48, 37]
55 81 20.09 64.29 1 [36]
63 67 98.77 398.58 5 [55, 16, 4, 12, 41]
96 67 55.31 198.42 10 [15, 28, 50, 34, 43, 59, 36, 39, 17, 35]
88 63 10.47 31.51 6 [29, 38, 44, 3, 23, 21]
75 76 13.52 66.27 8 [59, 0, 23, 16, 37, 55, 41, 30]
56 97 49.13 205.4 7 [27, 20, 43, 17, 6, 21, 7]
50 51 57.71 158.41 3 [34, 43, 48]
56 94 68.56 69.76 9 [18, 40, 10, 21, 36, 12, 37, 46, 44]
52 55 14.1 33.35 8 [12, 28, 3, 38, 49, 30, 36, 8]
46 80 13.74 23.52 9 [37, 6, 9, 31, 40, 51, 47, 19, 36]
64 48 15.69 26.17 7 [41, 59, 54, 0, 30, 27, 26]
83 81 24.84 88.33 1 [55]
82 55 38.44 100.82 10 [32, 38, 45, 30, 24, 15, 21, 34, 14, 23]
81 82 10.34 33.95 1 [51]
54 45 11.37 23.74 2 [31, 26]
91 48 53.29 132.1 1 [40]
58 56 23.93 78.76 4 [44, 48, 22, 1]
63 54 64.4 266.76 8 [24, 5, 52, 8, 30, 4, 19, 42]
56 76 38.79 112.53 1 [30]
63 47 15.0 19.69 9 [27, 2, 7, 54, 43, 35, 41, 51, 10]
53 47 42.14 155.31 1 [4]
64 95 16.26 40.25 9 [38, 39, 57, 58, 18, 24, 16, 54, 0]
80 79 10.01 19.1 2 [24, 53]
79 89 14.9 30.89 9 [2, 3, 20, 37, 42, 29, 19, 57, 10]
55 67 91.95 126.47 6 [14, 20, 3, 40, 19, 47]
45 77 13.56 54.04 6 [3, 8, 36, 56, 55, 1]
62 59 14.87 15.96 5 [34, 59, 56, 43, 24]
87 90 20.45 87.64 7 [39, 58, 28, 54, 20, 46, 0]
87 53 13.72 66.36 6 [22, 40, 52, 32, 18, 26]
89 51 17.24 32.78 9 [21, 43, 58, 19, 15, 37, 57, 27, 1]
96 49 12.69 51.72 4 [10, 3, 5, 23]
68 51 27.55 108.95 10 [42, 3, 41, 4, 1, 26, 15, 44, 56, 35]
87 72 47.34 96.83 1 [34]
51 96 12.2 51.07 2 [53, 48]
93 69 25.71 124.36 6 [38, 7, 19, 45, 14, 15]
73 98 11.33 41.23 6 [48, 18, 12, 27, 3, 56]
53 72 11.5 28.26 3 [36, 46, 49]
96 96 13.58 60.8 10 [40, 59, 32, 35, 25, 13, 31, 55, 45, 6]
61 48 11.72 36.99 2 [9, 33]
91 59 13.38 19.34 1 [44]
71 70 26.36 100.44 2 [58, 8]
72 64 10.47 19.77 7 [20, 18, 28, 39, 34, 27, 52]
46 83 12.49 20.61 4 [4, 2, 39, 9]
83 62 35.63 169.36 9 [38, 22, 41, 54, 3, 43, 48, 34, 8]
93 81 12.36 24.76 7 [36, 25, 43, 28, 22, 26, 20]
80 98 12.63 39.79 1 [1]
93 89 17.65 81.16 1 [28]
93 60 10.32 34.77 2 [15, 44]
86 90 26.39 37.5 3 [34, 13, 38]
68 84 47.92 78.72 1 [33]
74 60 11.48 42.33 2 [49, 41]
60 76 11.01 18.62 3 [8, 39, 15]
49 74 10.38 43.74 2 [4, 52]
89 94 65.01 80.79 8 [53, 28, 4, 38, 56, 37, 13, 47]
93 94 11.08 16.01 10 [58, 55, 45, 42, 23, 10, 33, 17, 20, 12]
77 79 12.37 33.94 9 [28, 52, 29, 37, 34, 47, 19, 42, 59]
94 45 14.68 30.04 5 [6, 39, 26, 19, 27]
49 64 11.74 47.96 3 [55, 7, 4]
69 85 13.29 26.07 1 [21]
98 61 37.57 97.44 2 [46, 45]
61 91 32.96 78.08 7 [15, 41, 0, 47, 18, 14, 19]
60 46 12.33 57.99 4 [0, 7, 16, 30]
52 67 45.73 224.02 2 [37, 42]
80 90 41.07 153.99 2 [25, 26]
72 93 16.44 68.3 1 [46]
67 66 10.02 34.11 2 [27, 34]
81 77 10.47 28.8 8 [36, 10, 57, 24, 51, 4, 16, 7]
53 89 31.63 65.42 5 [55, 38, 34, 50, 15]
87 51 16.72 75.95 4 [24, 59, 4, 39]
72 52 11.24 33.16 6 [50, 9, 36, 2, 1, 33]
89 75 25.34 117.69 5 [9, 8, 25, 19, 50]
48 81 15.14 65.42 10 [29, 34, 45, 23, 30, 0, 36, 18, 9, 32]
97 96 27.04 46.03 4 [32, 50, 39, 8]
49 57 10.92 25.29 8 [21, 7, 23, 45, 55, 10, 56, 6]
88 79 10.31 31.89 10 [16, 5, 23, 38, 56, 46, 19, 36, 57, 8]
94 74 10.84 38.85 5 [46, 16, 29, 51, 27]
97 95 10.64 14.54 6 [31, 28, 22, 25, 55, 41]
55 68 24.32 103.35 1 [52]
97 58 40.56 132.07 1 [45]
58 82 14.56 38.45 1 [29]
71 45 10.76 22.86 7 [1, 47, 48, 14, 44, 27, 54]
56 78 22.41 25.31 9 [12, 50, 55, 21, 52, 26, 46, 25, 41]
79 75 12.01 15.67 2 [6, 2]
59 98 21.94 22.01 1 [48]
71 65 21.57 45.2 8 [58, 39, 42, 32, 21, 36, 49, 4]
93 79 11.85 34.78 8 [28, 27, 24, 39, 59, 15, 51, 29]
88 62 69.04 111.13 3 [1, 46, 44]
67 60 10.39 50.97 10 [59, 5, 40, 25, 6, 28, 11, 38, 2, 52]
92 76 50.44 69.51 9 [50, 42, 10, 15, 43, 24, 21, 4, 47]
93 79 16.43 29.84 8 [24, 57, 38, 58, 32, 22, 29, 55]
72 82 22.51 52.62 10 [53, 21, 58, 35, 22, 34, 40, 4, 13, 8]
97 63 11.38 49.7 2 [19, 20]
49 72 11.43 47.03 7 [32, 33, 35, 4, 26, 31, 15]
93 55 20.43 72.51 3 [15, 26, 43]
89 70 33.84 151.65 5 [9, 28, 19, 26, 49]
82 48 15.69 18.52 2 [51, 42]
90 50 10.23 50.1 9 [5, 11, 25, 1, 43, 24, 32, 10, 50]
73 54 74.33 169.09 10 [59, 7, 30, 1, 41, 43, 25, 23, 57, 33]
74 74 33.83 67.24 2 [28, 49]
53 84 12.23 55.09 3 [55, 19, 31]
62 85 54.04 120.87 5 [3, 26, 20, 4, 19]
71 52 17.03 84.76 4 [22, 14, 34, 4]
80 80 17.37 24.96 6 [12, 32, 41, 18, 8, 35]
96 62 36.05 45.51 6 [58, 50, 19, 33, 26, 13]
64 47 16.53 68.58 9 [41, 51, 36, 13, 25, 46, 59, 1, 39]
96 45 12.05 27.95 9 [57, 42, 52, 53, 2, 5, 32, 0, 26]
70 96 10.23 49.96 2 [6, 21]
79 62 17.78 58.26 9 [4, 17, 26, 25, 7, 50, 38, 34, 52]
56 53 42.59 143.66 3 [36, 49, 57]
53 83 15.68 67.98 8 [55, 20, 19, 5, 36, 38, 24, 40]
59 68 34.26 152.28 10 [52, 50, 39, 4, 15, 7, 36, 38, 33, 32]
68 96 18.94 56.12 8 [44, 15, 42, 38, 58, 27, 56, 22]
59 69 23.49 71.62 9 [24, 29, 57, 3, 41, 34, 30, 36, 39]
89 74 22.18 44.39 2 [55, 50]
78 63 34.85 94.62 8 [30, 28, 48, 44, 54, 27, 1, 15]
62 94 11.89 23.41 2 [26, 38]
78 95 24.62 93.26 6 [52, 54, 43, 22, 28, 3]
64 52 15.96 67.96 5 [39, 14, 30, 12, 22]
55 55 10.13 34.76 4 [50, 29, 20, 57]
66 86 13.42 18.91 6 [17, 29, 44, 18, 20, 59]
71 47 15.89 45.42 10 [39, 42, 10, 19, 16, 25, 41, 0, 48, 18]
64 46 29.36 94.72 8 [33, 5, 24, 21, 48, 38, 57, 52]
62 68 30.21 43.93 7 [44, 28, 34, 31, 12, 10, 54]
91 92 11.6 18.21 6 [28, 14, 56, 50, 22, 7]
50 80 97.85 477.15 8 [12, 53, 58, 17, 40, 36, 25, 30]
50 56 24.72 104.54 7 [28, 16, 54, 21, 11, 36, 23]
93 93 13.86 19.66 3 [35, 58, 27]
63 64 34.77 45.87 4 [11, 30, 3, 28]
77 82 33.04 100.34 3 [52, 45, 42]
90 97 82.93 180.26 1 [25]
75 56 25.06 52.87 3 [18, 3, 5]
93 96 23.6 39.53 5 [57, 49, 21, 2, 5]
71 89 15.04 49.58 10 [35, 44, 45, 33, 43, 16, 11, 46, 34, 8]
92 68 14.34 48.83 5 [47, 44, 53, 30, 6]
93 93 25.02 118.17 6 [38, 46, 44, 36, 18, 31]
72 62 10.16 21.65 7 [50, 36, 47, 55, 21, 59, 53]
82 87 34.79 45.35 7 [21, 10, 45, 3, 12, 43, 39]
58 65 33.95 78.49 7 [56, 23, 28, 49, 38, 7, 4]
95 52 36.33 88.91 4 [41, 35, 54, 49]
83 77 19.03 20.54 3 [33, 21, 27]
82 91 13.68 65.73 5 [6, 29, 52, 10, 23]
51 67 30.1 77.92 5 [20, 57, 49, 45, 34]
58 45 16.77 63.55 3 [15, 6, 20]
82 73 16.52 49.23 7 [34, 22, 33, 39, 43, 35, 57]
66 80 29.48 59.09 7 [49, 35, 3, 4, 42, 50, 13]
47 53 11.62 37.65 2 [37, 18]
74 92 45.82 131.61 9 [2, 52, 8, 0, 14, 15, 1, 37, 40]
89 97 70.11 183.64 6 [45, 32, 0, 44, 4, 50]
61 83 12.89 18.92 3 [42, 15, 45]
74 94 16.14 56.97 1 [54]
86 98 14.04 31.73 9 [3, 4, 32, 21, 25, 29, 14, 18, 54]
78 94 17.47 27.16 1 [2]
46 89 10.49 38.25 8 [56, 35, 31, 39, 12, 36, 4, 25]
54 91 11.64 30.64 2 [31, 6]
86 89 17.69 19.47 9 [34, 27, 46, 11, 31, 14, 42, 38, 16]
74 93 13.4 27.26 9 [46, 14, 55, 23, 34, 5, 44, 48, 8]
59 76 24.21 64.34 10 [26, 41, 10, 5, 59, 14, 25, 56, 15, 12]
69 74 12.69 15.35 9 [51, 29, 56, 11, 57, 6, 46, 31, 12]
96 56 89.51 281.71 5 [46, 51, 7, 59, 11]
78 64 23.9 57.62 2 [49, 10]
91 48 79.56 148.34 3 [32, 16, 14]
70 71 17.85 64.23 6 [8, 53, 31, 23, 43, 56]
97 48 10.03 34.28 2 [2, 35]
84 92 12.61 31.77 5 [33, 27, 1, 7, 54]
65 59 16.9 30.89 5 [59, 45, 53, 0, 3]
98 73 17.37 30.54 4 [0, 4, 11, 31]
77 92 20.3 42.6 2 [15, 3]
53 45 11.11 27.94 7 [20, 17, 36, 35, 4, 5, 13]
52 70 80.97 249.78 6 [36, 3, 22, 33, 44, 24]
72 73 12.08 18.7 4 [38, 45, 8, 52]
86 84 43.3 183.11 8 [21, 33, 38, 23, 4, 0, 26, 30]
85 71 28.64 89.86 4 [35, 41, 3, 54]
78 45 13.9 67.05 6 [36, 29, 56, 7, 27, 51]
69 48 23.12 95.35 7 [10, 0, 8, 53, 36, 13, 19]
98 55 16.76 64.84 6 [4, 34, 31, 20, 55, 23]
84 57 10.94 53.57 8 [28, 38, 11, 25, 17, 58, 34, 56]
89 61 15.65 25.89 5 [20, 41, 6, 7, 15]
77 87 12.38 20.9 3 [10, 5, 28]
65 71 31.67 94.7 8 [28, 38, 8, 46, 23, 57, 36, 1]
73 77 18.39 67.01 5 [47, 27, 18, 53, 38]
92 84 56.63 118.04 9 [56, 34, 47, 2, 44, 38, 0, 10, 17]
87 92 10.37 16.1 2 [6, 19]
95 57 12.13 58.43 6 [15, 34, 25, 38, 53, 42]
58 93 36.66 132.18 4 [3, 47, 27, 29]
53 91 14.71 30.6 3 [39, 28, 57]
67 81 22.74 101.97 2 [59, 23]
54 62 13.96 21.49 10 [59, 32, 27, 35, 31, 17, 55, 42, 24, 23]
78 59 37.08 47.45 1 [58]
60 92 13.01 16.67 5 [38, 16, 55, 6, 12]
51 57 25.66 99.91 7 [4, 20, 11, 45, 50, 58, 49]
82 80 47.76 93.88 7 [32, 21, 15, 49, 33, 40, 10]
62 79 13.38 33.01 9 [50, 53, 28, 49, 6, 44, 4, 34, 56]
67 71 12.75 28.09 9 [10, 2, 21, 48, 27, 51, 44, 16, 29]
49 82 11.91 31.19 6 [42, 37, 46, 52, 14, 31]
77 53 24.06 60.52 3 [10, 14, 16]