91 88 40.74 76.58 3 [16, 43, 40]
51 65 21.67 25.34 7 [26, 4, 6, 8, 20, 30, 37]
73 71 12.37 16.29 6 [21, 27, 5, 40, 33, 51]
98 76 16.03 19.34 4 [2, 12, 6, 5]
57 61 29.3 37.6 5 [10, 39, 7, 57, 1]
62 90 12.74 23.46 10 [15, 3, 0, 51, 41, 39, 19, 17, 8, 44]
86 66 22.99 33.27 3 [59, 40, 17]
80 98 16.75 19.51 2 [44, 8]
94 82 16.63 20.36 10 [3, 33, 12, 27, 11, 55, 53, 5, 7, 50]
63 45 45.26 81.39 7 [29, 33, 48, 57, 46, 3, 53]
87 55 11.2 16.3 6 [0, 4, 36, 47, 6, 5]
66 61 25.49 49.86 5 [42, 2, 50, 1, 12]
59 77 19.01 19.24 1 [59]
87 92 19.76 22.43 5 [55, 8, 26, 17, 6]
69 51 12.51 14.98 4 [6, 19, 8, 35]
69 53 25.83 37.42 1 [11]
57 97 24.95 35.06 2 [58, 53]
63 58 15.1 19.6 2 [0, 17]
48 69 15.29 30.12 7 [53, 57, 29, 51, 6, 4, 36]
75 58 10.09 17.47 2 [59, 48]
80 84 31.29 36.89 5 [38, 54, 6, 0, 2]
58 92 12.35 24.06 10 [5, 37, 54, 23, 50, 18, 28, 3, 51, 41]
53 84 15.35 28.52 7 [25, 16, 0, 51, 49, 29, 5]
82 76 14.18 25.17 5 [28, 56, 21, 24, 13]
84 48 14.76 29.18 6 [1, 48, 7, 30, 15, 34]
54 63 38.9 39.16 6 [22, 33, 9, 1, 14, 27]
78 73 12.95 18.01 7 [44, 34, 53, 59, 18, 32, 38]
86 90 24.14 42.76 8 [17, 22, 47, 8, 29, 42, 57, 15]
76 53 14.87 28.32 9 [9, 40, 47, 44, 46, 43, 54, 34, 48]
52 92 13.28 13.8 4 [23, 25, 13, 34]
77 90 13.96 20.53 3 [57, 8, 17]
46 81 27.25 29.35 3 [21, 17, 15]
94 87 14.16 16.23 5 [6, 8, 19, 4, 31]
47 77 10.42 15.34 9 [47, 42, 6, 41, 8, 52, 45, 19, 32]
80 71 11.86 17.11 9 [30, 53, 9, 11, 12, 55, 18, 7, 54]
73 70 17.74 32.85 5 [40, 34, 7, 51, 13]
91 97 65.89 113.83 4 [32, 18, 27, 54]
75 51 15.09 18.78 3 [35, 36, 23]
97 63 11.6 15.49 7 [9, 18, 32, 55, 46, 8, 57]
49 56 22.74 34.2 1 [7]
62 71 21.21 23.11 4 [38, 53, 57, 43]
73 73 16.09 27.62 3 [53, 11, 52]
96 51 18.66 29.82 5 [10, 15, 17, 14, 7]
51 80 29.17 46.45 7 [21, 50, 15, 34, 46, 10, 32]
48 73 10.88 11.15 1 [57]
61 94 14.97 28.94 9 [25, 40, 57, 55, 43, 4, 56, 23, 0]
48 81 34.08 63.02 3 [14, 40, 4]
91 73 16.43 17.13 10 [48, 13, 24, 34, 35, 51, 29, 5, 18, 59]
74 89 59.05 104.96 9 [18, 21, 6, 28, 12, 9, 39, 40, 7]
92 47 59.15 70.22 4 [11, 14, 18, 0]
52 48 88.95 176.72 10 [24, 42, 17, 39, 21, 41, 49, 38, 34, 8]
65 48 10.1 11.04 9 [33, 30, 11, 52, 9, 13, 35, 56, 22]
53 54 71.0 141.9 5 [50, 6, 10, 35, 58]
64 97 17.7 33.13 2 [9, 1]
84 54 19.11 37.23 5 [23, 47, 53, 1, 16]
90 46 17.1 22.55 5 [44, 30, 52, 29, 50]
64 48 10.23 10.58 1 [32]
64 71 13.48 21.9 5 [5, 52, 41, 56, 27]
90 49 10.23 14.26 1 [16]
92 45 19.71 35.81 1 [52]
65 91 11.03 15.77 6 [33, 1, 46, 0, 43, 7]
81 98 26.56 27.48 10 [14, 28, 15, 22, 23, 35, 4, 45, 33, 7]
90 49 12.91 23.56 10 [28, 53, 29, 31, 2, 55, 51, 58, 52, 48]
86 74 10.82 20.55 10 [33, 39, 13, 35, 58, 50, 38, 36, 15, 12]
60 63 10.39 19.98 10 [53, 47, 46, 38, 29, 57, 20, 28, 31, 0]
64 83 11.2 19.46 5 [49, 55, 9, 38, 37]
90 97 54.14 93.75 9 [11, 3, 55, 50, 57, 14, 16, 59, 33]
47 94 18.91 30.82 2 [12, 6]
75 74 13.36 26.61 1 [27]
60 63 43.3 77.07 5 [15, 22, 31, 27, 42]
49 58 12.31 14.98 8 [29, 53, 41, 20, 9, 59, 42, 34]
70 49 10.23 11.71 4 [36, 37, 47, 32]
48 75 31.45 31.53 9 [29, 2, 14, 7, 42, 50, 1, 8, 4]
59 69 19.62 30.4 4 [16, 41, 46, 35]
62 65 12.5 15.34 7 [3, 16, 41, 34, 39, 47, 0]
78 60 29.16 39.05 6 [47, 23, 5, 57, 39, 25]
75 56 13.29 14.28 3 [2, 8, 47]
59 52 22.65 23.18 2 [21, 15]
47 76 12.67 14.41 7 [6, 29, 16, 51, 53, 35, 13]
98 48 14.18 15.18 8 [27, 26, 35, 7, 40, 52, 47, 14]
81 98 29.01 50.4 10 [45, 15, 20, 6, 34, 54, 1, 12, 0, 32]
98 47 14.54 16.98 7 [21, 3, 14, 9, 16, 19, 30]
87 84 40.22 44.33 2 [14, 40]
82 74 23.27 28.44 5 [0, 42, 41, 13, 24]
98 80 11.21 12.22 8 [25, 57, 30, 52, 39, 32, 26, 13]
53 50 19.46 22.11 8 [43, 37, 56, 53, 33, 32, 34, 45]
79 48 21.27 26.58 7 [20, 4, 56, 5, 39, 50, 23]
53 58 10.38 20.48 3 [1, 6, 43]
53 61 17.99 27.99 5 [10, 49, 55, 29, 11]
53 47 12.16 23.25 6 [29, 30, 20, 52, 46, 54]
48 65 14.38 25.26 2 [56, 51]
46 89 35.63 69.61 2 [40, 33]
94 73 21.17 25.35 10 [47, 40, 42, 27, 39, 12, 59, 53, 43, 10]
67 47 72.99 113.95 3 [41, 19, 45]
67 90 23.2 43.42 9 [15, 24, 31, 3, 38, 0, 1, 42, 45]
89 75 22.81 40.75 9 [23, 34, 42, 14, 25, 5, 45, 50, 32]
75 65 21.53 25.95 9 [58, 28, 42, 6, 25, 5, 38, 44, 56]
95 82 20.85 36.54 7 [25, 9, 47, 19, 8, 36, 37]
89 91 43.03 76.74 6 [36, 41, 11, 27, 23, 21]
97 88 13.39 16.25 6 [7, 0, 54, 18, 31, 8]
66 75 98.68 155.4 9 [23, 47, 36, 19, 14, 57, 21, 18, 51]
73 86 22.4 24.16 5 [55, 6, 18, 13, 31]
98 50 28.85 52.61 5 [30, 8, 24, 5, 59]
47 47 44.74 58.12 3 [2, 33, 10]
66 85 93.26 96.47 5 [43, 59, 1, 16, 27]
88 76 10.42 18.03 3 [41, 2, 35]
53 91 28.19 32.87 1 [24]
62 85 11.12 11.75 3 [3, 6, 17]
63 54 19.31 25.31 10 [34, 26, 7, 14, 6, 4, 10, 47, 2, 58]
90 89 51.1 52.5 1 [25]
67 70 33.69 39.57 3 [48, 43, 1]
96 61 14.29 18.65 8 [49, 53, 58, 16, 35, 39, 48, 19]
84 60 11.21 20.61 2 [10, 17]
50 59 30.48 44.46 5 [43, 19, 15, 5, 17]
47 63 10.82 16.91 10 [29, 17, 55, 52, 27, 4, 5, 42, 23, 50]
75 59 10.73 20.9 8 [43, 18, 22, 47, 56, 4, 44, 16]
70 58 17.23 29.48 6 [42, 19, 24, 0, 22, 37]
75 55 33.44 50.26 1 [29]
73 79 18.25 28.9 8 [28, 31, 20, 51, 22, 47, 56, 19]
81 48 11.03 18.23 6 [0, 5, 30, 32, 40, 44]
67 53 20.45 24.11 3 [37, 7, 1]
76 85 13.0 16.86 5 [9, 8, 13, 38, 31]
85 87 14.2 23.6 9 [10, 39, 5, 53, 31, 27, 26, 43, 51]
96 60 16.64 25.82 1 [17]
69 81 32.47 64.91 6 [3, 51, 49, 5, 28, 11]
51 73 13.02 26.04 4 [41, 50, 49, 2]
83 82 30.06 36.63 6 [5, 2, 31, 21, 9, 54]
46 80 12.88 18.77 8 [26, 1, 5, 19, 29, 25, 33, 57]
91 78 13.97 25.88 6 [14, 50, 54, 29, 6, 19]
88 89 14.7 20.42 7 [34, 29, 53, 59, 51, 23, 50]
48 66 10.65 15.96 10 [38, 20, 11, 40, 32, 48, 23, 27, 19, 17]
72 88 17.62 24.5 4 [55, 3, 58, 2]
71 95 10.53 16.62 9 [3, 37, 49, 33, 51, 10, 46, 7, 32]
98 59 11.54 16.6 1 [52]
96 53 14.73 22.49 10 [13, 3, 53, 33, 16, 28, 55, 42, 0, 25]
51 74 19.32 27.66 6 [32, 55, 11, 6, 49, 23]
68 78 29.95 38.99 6 [29, 36, 18, 55, 51, 31]
98 90 51.14 62.73 8 [50, 26, 18, 5, 56, 1, 10, 34]
50 67 57.31 104.62 10 [40, 23, 3, 7, 13, 59, 50, 25, 10, 27]
85 52 13.12 14.99 6 [7, 43, 15, 42, 19, 56]
84 96 21.17 42.18 4 [32, 57, 56, 25]
85 76 29.63 44.88 7 [27, 3, 11, 29, 7, 58, 12]
60 58 29.46 40.96 4 [44, 10, 37, 43]
91 86 19.04 23.72 2 [36, 40]
94 58 13.52 22.72 4 [7, 19, 41, 31]
54 66 33.53 61.1 3 [2, 37, 47]
46 66 45.48 81.36 10 [40, 31, 23, 56, 11, 58, 42, 4, 27, 45]
87 68 10.02 11.18 10 [4, 16, 32, 39, 35, 6, 18, 12, 13, 53]
48 46 12.6 24.39 9 [18, 47, 54, 26, 52, 15, 32, 27, 21]
71 53 11.99 13.32 2 [52, 49]
80 83 39.47 53.5 2 [55, 44]
52 69 15.35 16.51 9 [34, 30, 39, 16, 24, 33, 9, 10, 41]
55 54 42.63 82.11 4 [52, 59, 29, 43]
86 63 34.56 47.8 7 [2, 30, 6, 41, 44, 45, 25]
50 52 20.75 35.42 1 [45]
59 97 12.85 15.83 6 [3, 25, 0, 14, 38, 30]
66 58 67.27 124.84 1 [22]
60 56 12.66 13.24 6 [45, 31, 53, 27, 33, 22]
57 81 15.7 25.67 7 [23, 6, 50, 18, 52, 47, 32]
55 89 13.28 18.91 2 [56, 59]
79 81 23.86 38.26 10 [58, 15, 44, 49, 8, 35, 17, 22, 40, 51]
68 68 10.29 16.1 3 [44, 25, 28]
92 53 10.79 19.96 5 [27, 48, 46, 35, 25]
65 81 19.5 32.71 10 [3, 10, 22, 23, 39, 44, 48, 20, 14, 13]
85 71 24.46 48.15 10 [35, 12, 19, 1, 32, 15, 52, 24, 6, 5]
47 70 13.13 14.8 7 [52, 7, 28, 54, 51, 46, 45]
55 69 18.41 26.82 5 [47, 7, 16, 48, 59]
94 90 72.3 118.75 3 [17, 56, 29]
45 80 41.67 64.13 5 [48, 9, 57, 6, 2]
53 92 10.13 13.1 10 [48, 30, 50, 13, 16, 42, 10, 43, 58, 28]
56 68 10.26 10.53 10 [46, 1, 16, 3, 15, 58, 17, 2, 19, 7]
53 50 38.07 43.94 9 [14, 34, 27, 30, 55, 7, 56, 58, 40]
49 81 10.59 12.83 4 [56, 52, 58, 53]
94 47 23.39 32.24 8 [16, 35, 12, 24, 30, 27, 6, 22]
69 56 25.17 41.99 9 [58, 43, 49, 39, 26, 54, 20, 22, 42]
98 62 23.89 46.85 6 [26, 14, 44, 57, 3, 46]
87 84 21.18 24.78 6 [6, 32, 46, 51, 39, 1]
66 82 51.81 83.21 1 [57]
95 92 14.13 21.14 5 [29, 23, 36, 52, 35]
90 97 14.17 18.23 5 [52, 29, 38, 13, 39]
91 63 11.22 20.28 3 [43, 52, 30]
73 77 13.03 20.82 9 [20, 41, 0, 58, 49, 7, 4, 39, 19]
68 71 14.59 26.02 2 [50, 31]
81 54 12.79 25.34 3 [50, 47, 45]
71 74 16.24 21.05 5 [41, 12, 44, 52, 36]
46 59 41.6 73.44 3 [31, 5, 33]
64 76 10.82 14.23 1 [51]
84 50 11.59 18.5 10 [28, 45, 24, 30, 15, 31, 54, 59, 43, 11]
52 87 52.65 52.93 7 [33, 43, 15, 29, 32, 31, 54]
52 85 54.84 64.73 3 [9, 31, 13]
90 83 16.97 17.79 8 [14, 59, 42, 6, 22, 43, 7, 36]
82 76 14.25 27.82 3 [53, 8, 48]
45 72 29.85 34.13 9 [9, 37, 19, 1, 56, 38, 11, 4, 57]
54 62 10.15 16.83 10 [4, 17, 56, 49, 15, 10, 57, 27, 45, 1]
87 69 17.03 19.54 1 [34]
56 92 90.15 139.84 3 [13, 48, 34]
62 67 30.24 46.08 1 [45]
50 68 56.81 64.76 10 [19, 18, 10, 16, 41, 14, 13, 45, 9, 40]
98 84 18.3 33.58 7 [44, 59, 33, 20, 2, 45, 4]
79 83 15.79 29.22 5 [40, 55, 50, 21, 51]