0 10
1 14
2 12
3 10
4 12
5 6
6 16
7 8
8 6
9 10
10 12
11 16
12 8
13 12
14 8
15 20
16 18
17 18
18 22
19 20
20 14
21 20
22 10
23 16
24 10
25 14
26 14
27 12
28 8
29 10
30 22
31 24
32 14
33 14
34 8
35 18
36 14
37 22
38 8
39 8
40 6
41 12
42 22
43 18
44 20
45 14
46 10
47 4
48 8
49 6
50 22
51 12
52 6
53 6
54 8
55 6
56 8
57 18
58 8
59 8
60 22
61 20
62 14
63 6
64 14
65 20
66 22
67 10
68 14
69 12
70 6
71 4
72 6
73 16
74 8
75 20
76 10
77 6
78 6
79 6
80 16
81 10
82 20
83 14
84 12
85 6
86 10
87 12
88 6
89 10
90 6
91 6
92 6
93 8
94 18
95 16
96 14
97 10
98 16
99 14
100 20
101 14
102 12
103 16
104 14
105 20
106 6
107 6
108 22
109 14
110 22
111 6
112 8
113 14
114 16
115 20
116 16
117 6
118 12
119 10
120 8
121 4
122 8
123 8
124 8
125 18
126 4
127 14
128 12
129 22
130 20
131 8
132 6
133 20
134 24
135 18
136 24
137 22
138 8
139 6
140 18
141 16
142 20
143 14
144 20
145 6
146 6
147 4
148 16
149 10
150 12
151 22
152 20
153 8
154 8
155 6
156 6
157 8
158 6
159 16
160 22
161 18
162 12
163 8
164 6
165 6
166 16
167 10
168 6
169 14
170 6
171 4
172 16
173 12
174 10
175 14
176 12
177 22
178 22
179 8
180 22
181 12
182 12
183 6
184 4
185 12
186 16
187 20
188 6
189 6
190 18
191 18
192 8
193 22
194 22
195 18
196 12
197 12
198 18
199 8
200 12
201 16
202 6
203 8
204 16
205 8
206 18
207 6
208 10
209 12
210 14
211 20
212 12
213 4
214 12
215 20
216 26
217 10
218 26
219 18
220 20
221 6
222 16
223 10
224 16
225 12
226 6
227 14
228 22
229 18
230 6
231 8
232 18
233 12
234 16
235 6
236 14
237 6
238 6
239 8
240 24
241 22
242 12
243 12
244 16
245 16
246 16
247 10
248 8
249 12
250 12
251 22
252 20
253 6
254 18
255 8
256 22
257 8
258 6
259 20
260 20
261 20
262 6
263 2
264 8
265 10
266 8
267 16
268 6
269 8
270 28
271 6
272 20
273 14
274 10
275 12
276 20
277 20
278 12
279 14
280 6
281 16
282 10
283 14
284 16
285 14
286 18
287 12
288 8
289 18
290 12
291 24
292 6
293 14
294 14
295 8
296 6
297 22
298 14
299 6
300 6
301 16
302 14
303 12
304 20
305 12
306 8
307 12
308 22
309 6
310 20
311 8
312 10
313 6
314 20
315 20
316 18
317 20
318 18
319 4
320 2
321 8
322 20
323 20
324 10
325 6
326 10
327 18
328 20
329 8
330 20
331 16
332 16
333 14
334 10
335 14
336 6
337 8
338 10
339 18
340 24
341 20
342 20
343 12
344 24
345 8
346 12
347 8
348 10
349 10
350 12
351 14
352 16
353 18
354 12
355 14
356 16
357 8
358 20
359 12
360 6
361 8
362 14
363 12
364 22
365 16
366 26
367 6
368 6
369 14
370 6
371 18
372 20
373 14
374 12
375 4
376 22
377 8
378 18
379 14
380 16
381 20
382 2
383 20
384 8
385 22
386 10
387 24
388 18
389 16
390 6
391 30
392 18
393 16
394 6
395 6
396 12
397 12
398 6
399 10
400 16
401 6
402 20
403 6
404 14
405 22
406 18
407 12
408 6
409 20
410 28
411 36
412 12
413 8
414 18
415 20
416 22
417 10
418 10
419 24
420 14
421 20
423 6
424 34
425 14
426 18
427 26
428 14
429 24
430 22
431 20
432 16
433 30
434 14
435 12
436 14
437 20
438 6
439 8
440 8
441 14
442 28
443 8
444 16
445 22
446 22
447 18
448 16
449 12
450 8
451 12
452 18
453 18
454 14
455 18
456 16
457 22
458 16
459 10
460 16
461 12
462 6
463 6
464 16
465 10
466 12
467 30
468 18
469 52
470 12
471 10
472 20
473 20
474 26
475 12
476 18
477 16
478 18
479 10
480 26
481 32
482 28
483 20
484 6
485 20
486 24
487 22
488 26
489 18
490 14
491 10
492 10
493 20
494 30
495 6
496 22
497 8
498 6
499 14
