0 16
1 28
2 22
3 22
4 26
5 14
6 28
7 18
8 16
9 24
10 30
11 36
12 18
13 32
14 22
15 48
16 30
17 32
18 36
19 42
20 38
21 50
22 24
23 38
24 30
25 36
26 38
27 36
28 16
29 26
30 60
31 32
32 38
33 38
34 24
35 32
36 32
37 40
38 22
39 14
40 18
41 28
42 66
43 40
44 54
45 40
46 28
47 12
48 20
49 22
50 56
51 28
52 18
53 12
54 24
55 12
56 24
57 48
58 24
59 22
60 58
61 46
62 26
63 16
64 46
65 54
66 58
67 24
68 38
69 28
70 18
71 18
72 18
73 36
74 24
75 56
76 30
77 12
78 12
79 12
80 48
81 30
82 58
83 40
84 30
85 20
86 30
87 32
88 18
89 24
90 24
91 12
92 16
93 28
94 46
95 40
96 34
97 24
98 46
99 26
100 52
101 42
102 36
103 44
104 38
105 40
106 18
107 14
108 62
109 30
110 54
111 18
112 16
113 42
114 38
115 52
116 32
117 12
118 36
119 26
120 24
121 12
122 24
123 20
124 24
125 54
126 18
128 32
129 60
130 60
131 22
132 12
133 40
134 50
135 54
136 52
137 64
138 20
139 16
140 46
141 46
142 52
143 30
144 56
145 18
146 12
147 18
148 34
149 26
150 30
151 66
152 48
153 18
154 24
155 12
156 14
157 20
158 18
159 38
160 62
161 54
162 28
163 22
164 12
165 14
166 46
167 28
168 16
169 40
170 12
171 18
172 50
173 32
174 30
175 36
176 28
177 62
178 60
179 24
180 64
181 28
182 34
183 12
184 12
185 40
186 42
187 48
188 16
189 10
190 52
191 46
192 22
193 64
194 56
195 46
196 40
197 36
198 52
199 22
200 36
201 46
202 10
203 24
204 46
205 24
206 48
207 18
208 26
209 36
210 36
211 60
212 38
213 12
214 34
215 60
217 26
218 52
219 52
220 58
221 18
222 48
223 30
224 42
225 36
226 28
227 38
228 64
229 46
230 12
231 24
232 54
233 30
234 42
235 20
236 34
237 24
238 12
239 22
240 58
241 66
242 34
243 36
244 48
245 36
246 48
247 30
248 22
249 36
250 34
251 54
252 58
253 16
254 42
255 20
256 60
257 24
258 12
259 54
260 58
261 60
262 18
263 12
264 22
265 30
266 18
267 46
268 12
269 24
270 54
271 12
272 58
273 40
274 30
275 30
276 52
277 52
278 34
279 40
280 28
281 52
282 26
283 38
284 46
285 38
286 52
287 32
288 16
289 54
290 36
291 54
292 18
293 40
294 42
295 22
296 18
297 44
298 16
299 16
300 18
301 44
302 42
303 34
304 52
305 36
306 30
307 28
308 60
309 12
310 60
311 24
312 30
313 18
314 56
315 54
316 50
317 60
318 48
319 22
320 18
321 24
322 58
323 56
324 30
325 24
326 30
327 46
328 60
329 24
330 56
331 48
332 54
333 34
334 28
335 38
336 12
337 24
338 30
339 52
340 54
341 56
342 56
343 36
344 52
345 24
346 34
347 22
348 24
349 32
350 28
351 32
352 44
353 48
354 32
355 38
356 40
357 20
358 58
359 32
360 12
361 24
362 40
363 34
364 64
365 48
366 60
367 20
368 12
369 40
370 14
371 48
372 58
373 42
374 32
375 12
376 48
377 20
378 54
379 36
380 48
381 54
382 12
383 60
384 28
385 60
386 24
387 48
388 50
389 46
390 16
391 56
392 40
393 48
394 12
395 10
396 36
397 34
398 12
399 30
400 46
401 12
402 42
403 12
404 38
405 60
406 52
407 34
408 12
409 54
410 62
412 30
413 30
414 42
415 58
416 44
417 30
418 30
419 64
420 28
421 52
423 12
424 64
425 54
426 46
427 64
428 48
429 58
430 48
431 46
432 46
433 64
434 42
435 32
436 36
437 48
438 12
439 18
440 28
441 36
442 66
443 12
444 40
445 48
446 66
447 52
448 36
449 36
450 18
451 30
452 38
453 54
454 40
455 32
456 38
457 64
458 40
459 30
460 44
461 28
462 12
463 18
464 46
465 26
466 34
467 62
468 32
469 66
470 12
471 30
472 48
473 56
474 52
475 34
476 54
477 46
478 26
479 12
480 42
481 50
482 56
483 46
484 12
485 46
486 50
487 60
488 64
489 48
490 38
491 20
492 30
493 60
494 56
495 18
497 22
498 12
499 42
