0
0
0
0
0
0
0
0
0
0
0
0
0
0
0
0
0
0
0
0
0
0
0
0
0
0
0
0
0
0
0
0
3.544313834321169e-05
3.544313834321169e-05
3.544313834321169e-05
3.544313834321169e-05
3.544313834321169e-05
3.544313834321169e-05
3.544313834321169e-05
3.544313834321169e-05
3.544313834321169e-05
3.544313834321169e-05
3.544313834321169e-05
3.544313834321169e-05
0.000111142890131221
0.000111142890131221
0.00017289462296045854
0.00023941653861133405
0.00023941653861133405
0.0003963494596870994
0.0005779665190191238
0.0005779665190191238
0.0005779665190191238
0.0005779665190191238
0.0005779665190191238
0.0005779665190191238
0.0005779665190191238
0.0005779665190191238
0.0006255145166081281
0.0006740776753867389
0.0006740776753867389
0.0006740776753867389
0.0006740776753867389
0.0006740776753867389
0.0008009216480947019
0.0008009216480947019
0.0008009216480947019
0.0008009216480947019
0.0008009216480947019
0.0012601471588136021
0.0013485294105146759
0.001477884172523414
0.001477884172523414
0.001477884172523414
0.001477884172523414
0.0015958593959723216
0.0016212965978801117
0.004286900188690187
0.004286900188690187
0.006126060096702268
0.006389347837616358
0.0068564006220692975
0.0068564006220692975
0.008641858094617524
0.008641858094617524
0.008641858094617524
0.009136572554615755
0.009927875357519962
0.009927875357519962
0.009927875357519962
0.009927875357519962
0.009927875357519962
0.010133016843604207
0.010133016843604207
0.010208879349323581
0.010503360809714753
0.010503360809714753
0.010681351666842144
0.010902744734457537
0.011040568568059078
0.011229971698054295
0.011333508422219512
0.011333508422219512
0.011333508422219512
0.01148694379369107
0.012137107287706086
0.013039902810947234
0.013281943303711402
0.013281943303711402
0.013281943303711402
0.01340048290925489
0.013917035522277457
0.013917035522277457
0.014303395281612792
0.014559174000003852
0.014559174000003852
0.014972402740685065
0.014972402740685065
0.014972402740685065
0.015210832413895146
0.015210832413895146
0.015263918407284065
0.015917671850750482
0.016492840739203832
0.016638529801773924
0.016741831279596837
0.016752482839930746
0.016827217558873196
0.016846801207322827
0.016846801207322827
0.016934615047788107
0.016934615047788107
0.016934615047788107
0.01720608965998647
0.017474496967584387
0.017474496967584387
0.017965139539753427
0.020255749989607375
0.020255749989607375
0.020255749989607375
0.020255749989607375
0.020674311949387607
0.02078027687993878
0.021237080485112816
0.02166697487126656
0.022030366169065264
0.022095449687667582
0.02247440233273453
0.02247440233273453
0.02284773155658603
0.02292546299419512
0.02335519037692307
0.023858642446392898
0.023858642446392898
0.025083003124546394
0.0253028062165724
0.0253028062165724
0.025891252273280204
0.026710555526806585
0.026710555526806585
0.027067327786132227
0.02724338223911682
0.027469739201837325
0.02798298255316749
0.028390370990543114
0.028634061340961484
0.029485495399630753
0.029485495399630753
0.029598830845710387
0.029598830845710387
0.030035220962509223
0.030035220962509223
0.03060102250232423
0.030699123907136475
0.0343159289582448
0.03450929094464267
0.034683845997577255
0.034683845997577255
0.03550924624329997
0.03550924624329997
0.03622703416259037
0.03709485934949526
0.03709485934949526
0.03828675805332131
0.03839202955915153
0.03869970320651618
0.03869970320651618
0.03890946393450753
0.03890946393450753
0.03890946393450753
0.03890946393450753
0.03913762968352986
0.039279939861080033
0.03961200915745412
0.03961200915745412
0.03993496403091781
0.040393493155563336
0.040393493155563336
0.04072708462695651
0.041399571911640745
0.0415547553191018
0.0415547553191018
0.041648409586672555
0.04216103958564705
0.04253900808945066
0.042873151158101405
0.043159583047698576
0.04362218441894656
0.04369949738437506
0.04405517135301984
0.04450174614192238
0.04532392057680362
0.045683712743880216
0.045683712743880216
0.047046270119072635
0.04765078642503649
0.04858759933758247
0.048787730839298125
0.04903877320236215
0.04903877320236215
0.04927845282000897
0.05025617066620829
0.05059940400258257
0.0515059343893954
0.0517130553078759
0.0517130553078759
0.0517130553078759
0.051841995582731726
0.05212878388472908
0.05212878388472908
0.05231898306261459
0.052331980690348175
0.05260544987026519
0.052675163641452874
0.052675163641452874
0.052881278509353036
0.053809389556217294
0.053809389556217294
0.05455240274074303
0.05455240274074303
0.055321352471433584
0.05581605876645991
0.05794477861756726
0.05860906670734265
0.05860906670734265
0.059422502231630946
0.06023446169476154
0.060600984237705116
0.060913692397100386
0.0610542339730929
0.0610542339730929
0.061143418737532984
0.06132042342070225
0.06329698332894329
0.06329698332894329
0.06382708016338312
0.06415170222915342
0.06506039641876972
0.06506039641876972
0.06537319802383947
0.06547316620550409
0.06671031163670772
0.06696419779545805
0.06696419779545805
0.06696419779545805
0.06764551435089511
0.06821115123263517
0.06831625842647564
0.06847054955764767
0.06908318839597336
0.06940849214745397
0.07000912885647027
0.07000912885647027
0.07020205978601671
0.07029367436626947
0.07029367436626947
0.07054009444179472
0.07066010210901227
0.07177071685623673
0.07177071685623673
0.07202861050197235
0.07256236520521955
0.07405823823053863
0.07405823823053863
0.07436339364509911
0.07436339364509911
0.07436339364509911
0.07468123036576715
0.07468123036576715
0.074943709342815
0.07519538858034099
0.07524092610880734
0.07524092610880734
0.07524092610880734
0.07631732039999546
0.07631732039999546
0.07656615177210967
0.07673436079869321
0.0775351574014813
0.0784165872919112
0.07858834970840951
0.07858834970840951
0.07858834970840951
0.07918632303741444
0.08014844454699623
0.08048984426634635
0.08061601795963033
0.08102154871725827
0.08127563179778977
0.08127563179778977
0.08238648225282097
0.08264998211374026
0.08264998211374026
0.08264998211374026
0.08289629751395527
0.08307232117084745
0.0833347291184078
0.08340208156258169
0.08388865488872929
0.08407293261022991
0.08464171077705822
0.08517673832634483
0.08536126489117822
0.08578154649376268
0.08627899216166361
0.08634418114767026
0.08634418114767026
0.08648753187528989
0.08668205485558426
0.08678699257736629
0.08735563922732345
0.08735563922732345
0.08781249785280325
0.08787182816620705
0.08892054055773699
0.08892054055773699
0.08932607319733761
0.08967132085504505
0.09008008021201477
0.09008008021201477
0.09008008021201477
0.09057238403354691
0.09073038039533536
0.09080823955177621
0.09129806156509129
0.09228289810773226
0.09228289810773226
0.09274540155345432
0.0929930321028447
0.09323860761756181
0.09323860761756181
0.09473840784560535
0.09481571005380088
0.0949886701553956
0.09509568936807279
0.0954635008731659
0.0954635008731659
0.0954635008731659
0.09562901347892762
0.09567703768573024
0.09602079878457784
0.09750933002255668
0.0976526287852955
0.09802453784849112
0.09818480816546081
0.09907710874103473
0.09916676865029668
0.10058868695957161
0.10079356792827708
0.10115801428240292
0.10115801428240292
0.1012967463358314
0.10212772935537268
0.10223855345874377
0.10425875005722428
0.104626999699454
0.10471742809076302
0.1058668547351703
0.1058668547351703
0.1058668547351703
0.10681497877025971
0.10776929299255406
0.10776929299255406
0.10776929299255406
0.10879902821106813
0.1090875203593319
0.10925213728565047
0.10981307453088354
0.11057930031978279
0.11110493403853199
0.1115219068741598
0.1115219068741598
0.11186082063954868
0.1126488125337545
0.1126488125337545
0.11297547792102541
0.11297547792102541
0.11339870307967541
0.11399145532748678
0.11504065621795052
0.11522458594668898
0.11702066377143655
0.11702066377143655
0.11715614975993556
0.11730063381870678
0.11730063381870678
0.11754567100028811
0.11788291711834625
0.11816928151849351
0.11882982763677104
0.11899710033901834
0.11960016984278915
0.11997732027826156
0.12039435308823351
0.12058094734149921
0.12083498959474766
0.12263870111055601
0.12299098494022018
0.12303776458717483
0.12346890042641086
0.12367941245358928
0.12389639947656791
0.12414226260098944
0.12414226260098944
0.12446602131095874
0.12496695346796605
0.12573234125945804
0.12618429366960535
0.12670828121744004
0.12817791403380993
0.12907904412944946
0.12915651603826886
0.1293019868330027
0.12968450470506385
0.1311992373269596
0.1313742882405048
0.13147212706426276
0.13147212706426276
0.13203057642136531
0.1333048626122881
0.13356889321553686
0.13363411467128036
0.13427896934808503
0.13441312233787212
0.1345974695962701
0.13499947220806796
0.13530580743627332
0.13530580743627332
0.13542531190539167
0.13542531190539167
0.13559701119237066
0.1363461171054864
0.13775638069673082
0.13810063414489773
0.1386633815466469
0.1389609805395938
0.1397223318439171
0.14012961946661764
0.14031843659648538
0.14043967847883196
0.14062728205280017
0.14078231101117183
0.1424129207477197
0.1424129207477197
0.14278743388935508
0.14304445574009403
0.14334846840203877
0.1433959744116535
0.14350564002967703
0.14385910235719684
0.144244122720159
0.14440614375978975
0.14469560828847677
0.14478005536252853
0.14516598453757595
0.1457521847797052
0.14603910717868726
0.14607420839714788
0.14646949949839788
0.14646949949839788
0.14671312924892005
0.146881926005582
0.14748528386122042
0.14762021024186067
0.14805968651592905
0.1494729468750578
0.15030111116995315
0.15096318616138632
0.1513247873232751
0.1513247873232751
0.15161863553474136
0.15161863553474136
0.15185621432819202
0.15255119826026328
0.1526410893382697
0.15296880008816696
0.1535795873053781
0.15386361356814762
0.15421597160096848
0.15426617749817817
