0
0
0
0
0
0
0
0
0
0
0
0
0
0
0
0
0
0
0
0
0
0
0
0
0
0
0
0
0
0
0
0
0
0
0
0.00015489842844014135
0.00015489842844014135
0.00015489842844014135
0.00015489842844014135
0.00015489842844014135
0.00015489842844014135
0.00015489842844014135
0.00015489842844014135
0.00015489842844014135
0.00015489842844014135
0.00015489842844014135
0.00015489842844014135
0.00015489842844014135
0.00015489842844014135
0.00015489842844014135
0.00015489842844014135
0.00015489842844014135
0.00015489842844014135
0.00015489842844014135
0.00015489842844014135
0.00015489842844014135
0.00015489842844014135
0.00015489842844014135
0.00015489842844014135
0.00015489842844014135
0.00015489842844014135
0.00015489842844014135
0.00015489842844014135
0.00015489842844014135
0.00015489842844014135
0.00015489842844014135
0.00015489842844014135
0.00015489842844014135
0.00015489842844014135
0.00015489842844014135
0.00015489842844014135
0.00015489842844014135
0.00015489842844014135
0.00015489842844014135
0.0006498006978423513
0.0006498006978423513
0.0006498006978423513
0.0015278479235525083
0.0015278479235525083
0.0018405725170857032
0.0020247875001389976
0.0020247875001389976
0.002684070924027321
0.005024347879505182
0.005024347879505182
0.005024347879505182
0.005024347879505182
0.005024347879505182
0.005337377496334273
0.0055566234249347325
0.0055566234249347325
0.0055566234249347325
0.0055566234249347325
0.0055566234249347325
0.0055566234249347325
0.0055566234249347325
0.006689404311947357
0.006689404311947357
0.0069085144136749885
0.007179944708166403
0.0074456012375155554
0.0078930222988304
0.0078930222988304
0.00861520389230643
0.00861520389230643
0.00861520389230643
0.00889195788977438
0.00889195788977438
0.00889195788977438
0.00889195788977438
0.00889195788977438
0.00889195788977438
0.00889195788977438
0.009180042941542964
0.00935626223726849
0.00935626223726849
0.00945440484748026
0.00945440484748026
0.00945440484748026
0.009655403692398104
0.009761874389972348
0.010178057686795314
0.010204758258950432
0.010204758258950432
0.010300387338074937
0.010692230904021292
0.010757798317967932
0.010757798317967932
0.010757798317967932
0.010757798317967932
0.010757798317967932
0.010757798317967932
0.010757798317967932
0.01093551403701677
0.011018165267169882
0.011018165267169882
0.011334869266821528
0.012350066494889466
0.012350066494889466
0.012438734476864888
0.012438734476864888
0.012438734476864888
0.012438734476864888
0.012438734476864888
0.012438734476864888
0.012438734476864888
0.012734341936195999
0.012734341936195999
0.013049110666419172
0.013049110666419172
0.013049110666419172
0.013049110666419172
0.013049110666419172
0.013049110666419172
0.013763241178045555
0.013942795541621648
0.013942795541621648
0.013942795541621648
0.014095716916952257
0.014785159620611561
0.014785159620611561
0.014985630957536288
0.014985630957536288
0.015223957608354882
0.015223957608354882
0.015223957608354882
0.01609948690192893
0.01609948690192893
0.01609948690192893
0.01609948690192893
0.01609948690192893
0.01609948690192893
0.01609948690192893
0.01609948690192893
0.01609948690192893
0.01609948690192893
0.01609948690192893
0.01609948690192893
0.016532966744208847
0.016532966744208847
0.017123596161156152
0.017357971580143808
0.017357971580143808
0.01827863507914892
0.018376850752293356
0.018456819392042478
0.018456819392042478
0.018456819392042478
0.018456819392042478
0.018837794176484287
0.018837794176484287
0.018837794176484287
0.01887908352854232
0.01887908352854232
0.01887908352854232
0.019121415537297685
0.019121415537297685
0.019369357199452833
0.019687589594565402
0.019687589594565402
0.019687589594565402
0.02030165256388597
0.02030165256388597
0.02030165256388597
0.02030165256388597
0.020601046589205405
0.020601046589205405
0.020891599104220674
0.021095228877946934
0.021095228877946934
0.021282531562283897
0.02149743494994821
0.02149743494994821
0.021647282868941013
0.021647282868941013
0.021647282868941013
0.021863995294682075
0.022079129065897502
0.022079129065897502
0.022460345702950482
0.022460345702950482
0.02272822485263904
0.022996225129734912
0.022996225129734912
0.022996225129734912
0.02344044055005663
0.025132850209582253
0.025132850209582253
0.025132850209582253
0.025446452097018086
0.025519274584734446
0.025670571504466617
0.025771379666581114
0.025771379666581114
0.025771379666581114
0.025834914218906584
0.025863942025639367
0.026383332663270954
0.026982972892666685
0.027271122202991258
0.027271122202991258
0.027477353081046093
0.030203748054011936
0.030448682210538123
0.030448682210538123
0.030629084285638222
0.03089260755634951
0.03089260755634951
0.031046179250802015
0.03117832479138612
0.03117832479138612
0.03117832479138612
0.03117832479138612
0.031693295974082145
0.03243670973656145
0.03266993358276003
0.03284940448163085
0.03311673559763155
0.033385287889206874
0.033385287889206874
0.033385287889206874
0.033385287889206874
0.033385287889206874
0.03370439376714943
0.03370439376714943
0.03370439376714943
0.03388538862095191
0.03399941678606351
0.03423601698695754
0.03423601698695754
0.034313415557003075
0.03463198897924176
0.03486873527008483
0.03501231683090876
0.03501231683090876
0.03584185148734099
0.03596911030657121
0.03599624497677372
0.0369770037594718
0.037053890702440896
0.03867979908412655
0.039227477622920726
0.03982166779330416
0.03998650316886265
0.04022304008073848
0.040451141243693665
0.04081026403719476
0.04081026403719476
0.04092949389722258
0.04136505190279113
0.04137391223285838
0.04145636378895474
0.04145636378895474
0.043271324144318966
0.043933152013606286
0.043933152013606286
0.044191393907240716
0.04429623684305351
0.04440994960756394
0.04493596423670699
0.04500661694426505
0.04519756492370776
0.04587421612983216
0.0464879503843985
0.046691975126450944
0.046691975126450944
0.04756638897783682
0.04785233406553495
0.04811412331052601
0.04811412331052601
0.04846150062093885
0.04868925058500865
0.04902951735869337
0.04902951735869337
0.04917222249407593
0.04927518229610628
0.049566952099293814
0.049566952099293814
0.050112260212288845
0.05026163812481493
0.05042542694183585
0.05042542694183585
0.05073022028281149
0.0510449611575142
0.05134219483800529
0.05141556262214239
0.051458438601658614
0.05158244233113615
0.0516546354221238
0.05205184047349559
0.052521847526421445
0.05266374841185519
0.05271035887450061
0.05292538646330969
0.056699873541466
0.057259639754848574
0.05754609820026702
0.05791659518440279
0.058135513836385
0.05851238119043552
0.05851238119043552
0.05882601837988261
0.05892664299956256
0.059004391377824095
0.059310852893706634
0.06006171194869941
0.06157883519339274
0.06187523731726589
0.06215377415769834
0.062462250147427185
0.06264421074124854
0.06299659467011945
0.06309589522994576
0.06323986784610044
0.06342103924729307
0.06351185502865259
0.06351185502865259
0.06351185502865259
0.06368406556763048
0.06368406556763048
0.06427032801060581
0.06457735445956835
0.06466079363016959
0.06477923242493124
0.0653579753511394
0.06605814878239374
0.06622102232372597
0.06678989477356595
0.06698307271223394
0.0672984528213691
0.0681427276229575
0.06829290405733701
0.06849902548042087
0.06858249746583658
0.06969704418091309
0.07006930412853223
0.07013937476901247
0.07109692936365307
0.07203830446835208
0.07349411353419323
0.074629635620673
0.07509243966363187
0.07591240812603427
0.07608739161121565
0.077147572347042
0.07737611382729467
0.07761059019428865
0.07771041066367075
0.07830107277640279
0.07839990146973541
0.07902205223472075
0.0791872083910248
0.07958393726006095
0.08012747089151799
0.08140566981466829
0.08157595652690038
0.0825960158511687
0.0826598602943011
0.08353965007800858
0.08353965007800858
0.08378895394300008
0.08592176103612863
0.08687553669693152
0.08696449020024713
0.08724131861675843
0.08756117984366212
0.08796556983326292
0.08850660611035431
0.08888575787536211
0.09003848927056862
0.09011998063912731
0.09110363795403964
0.0917156318426612
0.09198882730640433
0.09220452723051713
0.09224872101448275
0.09363390593393711
0.09389829097103178
0.09397064718397014
0.0946574042483217
0.09484214771205594
0.09495357977430707
0.09515971774683177
0.09515971774683177
0.09547061141259493
0.09605429593163944
0.09688256193566432
0.09730625980722162
0.09771416802760172
0.09809887840314417
0.09902133292382258
0.09919963903586987
0.10068047825129577
0.10107944370135416
0.10261439919601818
0.10286819479366185
0.10286819479366185
0.104107205123495
0.10434136896828392
0.1053185548249945
0.10581686183095937
0.10593113173136713
0.10691682153604297
0.10704724812186589
0.10732638912579293
0.10757438589532668
0.10764159641090895
0.10786179110243158
0.10801258652256432
0.10801258652256432
0.10893017490926901
0.1093489450272645
0.11004096254233006
0.11037162170708753
0.1110168567221515
0.1135358371732988
0.1145064959832064
0.11494903178810366
0.1152693629240221
0.11635671418243701
0.11647355060042613
0.11675809738965637
0.11833881078321523
0.1184882099396967
0.11895449011591562
0.11921987986262027
0.11949807564737917
0.11959836448374053
0.11977481238341048
0.12050379561097804
0.12113745616414914
0.12142443605298531
0.12197286758077476
0.12211717345646132
0.1224703120210743
0.12325735253238418
0.1237010751185136
0.1237010751185136
0.1242779565905133
0.1242779565905133
0.12487545589149214
0.12508778479161997
0.12567660827163324
0.12585670746421854
0.12642359024835498
0.12786011106934464
0.1287129346055561
0.1293040834649097
0.12977189669522587
0.13226998207476376
0.13275990522208383
0.13341561964823376
0.1338745429943364
0.1353835106950227
0.13551190275232008
0.1360437629742238
0.13674064561989996
0.13713075188639495
0.13747130733164659
0.13752598150615483
