0
0
0
0
0
0
0.0008880797896341938
0.0008880797896341938
0.0012408740051658195
0.0012408740051658195
0.0024048429563047215
0.0024048429563047215
0.0024048429563047215
0.002856547710791701
0.0032007186513469624
0.0032007186513469624
0.0037207934697383667
0.00523752449445931
0.00523752449445931
0.00523752449445931
0.00523752449445931
0.00523752449445931
0.00523752449445931
0.00523752449445931
0.00523752449445931
0.00523752449445931
0.00523752449445931
0.00523752449445931
0.005514689555653409
0.005514689555653409
0.005514689555653409
0.005909916836573347
0.005909916836573347
0.005995639510024762
0.005995639510024762
0.005995639510024762
0.005995639510024762
0.005995639510024762
0.006267356757060777
0.0065713530610570815
0.0065713530610570815
0.007180804215962782
0.007180804215962782
0.007180804215962782
0.007180804215962782
0.007180804215962782
0.007756159056139134
0.007756159056139134
0.00795701956123473
0.00795701956123473
0.00795701956123473
0.00795701956123473
0.00795701956123473
0.00795701956123473
0.00795701956123473
0.00795701956123473
0.00795701956123473
0.00795701956123473
0.00795701956123473
0.008633981653680792
0.008633981653680792
0.008633981653680792
0.008970004956572585
0.008970004956572585
0.008970004956572585
0.008970004956572585
0.008970004956572585
0.009670137776226594
0.010767485477688805
0.011260546390342898
0.011260546390342898
0.011260546390342898
0.011260546390342898
0.011260546390342898
0.01198274448430109
0.012133148210710282
0.012895068392042752
0.014799241905605552
0.014799241905605552
0.016514089497089542
0.016514089497089542
0.016514089497089542
0.018256022518028533
0.021166558538002186
0.021166558538002186
0.021166558538002186
0.021166558538002186
0.02183879937360649
0.023194450944192826
0.024240557470519435
0.024240557470519435
0.02436600892989719
0.02436600892989719
0.02654333278441224
0.02654333278441224
0.027146305867732937
0.02819327384210062
0.02819327384210062
0.02830209940388751
0.029126009012354966
0.029126009012354966
0.029126009012354966
0.029126009012354966
0.029126009012354966
0.029126009012354966
0.029677231402844933
0.02995512394560264
0.02995512394560264
0.02995512394560264
0.02995512394560264
0.02995512394560264
0.030970917856330115
0.0317259030103872
0.03209381989870513
0.03209381989870513
0.03352802178395118
0.03352802178395118
0.03352802178395118
0.03475124298137167
0.03498627109482416
0.03523261546772542
0.03523261546772542
0.03523261546772542
0.03575891571696338
0.03575891571696338
0.03575891571696338
0.03575891571696338
0.03600442116563462
0.03600442116563462
0.03733085695577696
0.03733085695577696
0.03825596803613918
0.03825596803613918
0.03841879302410579
0.03841879302410579
0.03841879302410579
0.03841879302410579
0.03841879302410579
0.03841879302410579
0.03846984963106291
0.04009605878619547
0.04009605878619547
0.04062594513997355
0.04062594513997355
0.04062594513997355
0.04062594513997355
0.04115509117554991
0.04115509117554991
0.04202440800729248
0.04202440800729248
0.04202440800729248
0.04232638829684742
0.04232638829684742
0.04279989999810045
0.04385628094949864
0.04385628094949864
0.044490522485718643
0.044490522485718643
0.044490522485718643
0.044544504018352214
0.044544504018352214
0.044544504018352214
0.044544504018352214
0.04510098212670121
0.04510098212670121
0.045183791535793015
0.04573862739722152
0.04573862739722152
0.045830545483824606
0.0460620626539512
0.0460620626539512
0.04727641154282461
0.04727641154282461
0.04727641154282461
0.050241020966512305
0.050241020966512305
0.050241020966512305
0.050241020966512305
0.05051061724356939
0.05091917923178947
0.05173169965158053
0.052601045278776105
0.052601045278776105
0.05486915699988531
0.05486915699988531
0.05567124517268816
0.05567124517268816
0.05606639260756222
0.05723081991792841
0.05723081991792841
0.057445235423682496
0.057445235423682496
0.05847764760711046
0.05873464234818807
0.05888389722900752
0.05888389722900752
0.05888389722900752
0.05971055331786115
0.05971055331786115
0.05971055331786115
0.05971055331786115
0.06056488841781104
0.06056488841781104
0.06056488841781104
0.06056488841781104
0.06084838341911182
0.06084838341911182
0.060988050272361254
0.061217844324861374
0.06168402843234333
0.06231947834395276
0.06329012935106008
0.06329012935106008
0.06436670836382082
0.06532224396122085
0.06565032357877379
0.0683465984560947
0.06869604258587154
0.06869604258587154
0.06869604258587154
0.06869604258587154
0.06869604258587154
0.069095108691159
0.06993270336566842
0.06993270336566842
0.07057830293244821
0.0726333206604032
0.0726333206604032
0.0726333206604032
0.0726333206604032
0.07279373825311007
0.07279373825311007
0.07279373825311007
0.07279373825311007
0.07290095429775452
0.07290095429775452
0.0733806642258526
0.07441809627195016
0.0750253354133851
0.0750253354133851
0.07569316833852797
0.07607293797666317
0.07921625144787535
0.07938970863364443
0.07956684949362061
0.08006468252781052
0.08040456137780044
0.08040456137780044
0.08079901860932509
0.08092111268433416
0.08092111268433416
0.08092111268433416
0.08092111268433416
0.0822548548438697
0.08346557127135529
0.08400879292831076
0.08400879292831076
0.08400879292831076
0.08400879292831076
0.08400879292831076
0.08400879292831076
0.08514520157271352
0.08558983563667455
0.08659674859394496
0.08659674859394496
0.08659674859394496
0.08702949243819856
0.08702949243819856
0.08746724822138398
0.08746724822138398
0.08793239902688774
0.08847783604103819
0.08924125903260956
0.08940080681217445
0.08940080681217445
0.089673635735022
0.089673635735022
0.089673635735022
0.09061017985399392
0.09078112247898701
0.09306113028394711
0.09306113028394711
0.09399821286479937
0.09399821286479937
0.09494375182444995
0.09513088721927208
0.09513088721927208
0.09544461433145363
0.09558849057516948
0.09579815275233279
0.09625716970324792
0.09634938442317223
0.09634938442317223
0.09754004286244597
0.09885695570235957
0.09885695570235957
0.09925131972315089
0.0994537002741955
0.10034426107802338
0.10149296079821386
0.10169107744761809
0.10169107744761809
0.10223255390836246
0.10330977375988523
0.10330977375988523
0.10330977375988523
0.1039071138489299
0.1039071138489299
0.1039071138489299
0.10395720928349875
0.10395720928349875
0.10399932904275244
0.10458601430527772
0.10458601430527772
0.10458601430527772
0.10480965056592235
0.10503240646276037
0.10503240646276037
0.10503240646276037
0.10535423221696313
0.10535423221696313
0.10535423221696313
0.1055247399759967
0.10584975983794354
0.10584975983794354
0.1058855596933858
0.1058855596933858
0.1058855596933858
0.10598449080050915
0.10625011681976278
0.10625011681976278
0.10646288469391661
0.1069615760798221
0.1069615760798221
0.1069615760798221
0.10771094423825789
0.10771094423825789
0.10771094423825789
0.10771094423825789
0.10771094423825789
0.10779411226809614
0.10821869327368273
0.10838800135465716
0.10838800135465716
0.10889790075936237
0.10982009166324427
0.10982009166324427
0.10982009166324427
0.1101642492723614
0.11033354267242355
0.11093226871919977
0.11148202979015392
0.11154157478466378
0.11154157478466378
0.11154157478466378
0.11154157478466378
0.11154157478466378
0.11269117109624141
0.1130000576089635
0.1130000576089635
0.11340005902922819
0.11438535295670622
0.1145232448908486
0.11466295822307337
0.11514337458943488
0.11603111540048963
0.11612424623724664
0.1170939759241756
0.1170939759241756
0.1170939759241756
0.1181625851258113
0.11833713254358537
0.1186836306620319
0.1186836306620319
0.12065961965652368
0.12093565112552979
0.12093565112552979
0.12093565112552979
0.12181518555206622
0.12181518555206622
0.12260204251048851
0.12377393476357605
0.1246601003290925
0.12498943559423807
0.12551232368339124
0.12551232368339124
0.12579877932719583
0.1263511875819005
0.12701028602501258
0.12760918691382073
0.12788925151598865
0.12788925151598865
0.12834139991545784
0.12893507612607463
0.13022507001990657
0.1302970316822524
0.13101371421828678
0.13101371421828678
0.1315034753674007
0.13253282148658715
0.13272387535525462
0.13432638950098272
0.13432638950098272
0.13443679515841495
0.1345857698663747
0.13501683279015944
0.13501683279015944
0.13508797048760096
0.13604847638622766
0.13642721357609802
0.13662826161947192
0.137272106430856
0.137272106430856
0.137272106430856
0.1375178334554236
0.1375178334554236
0.13927338000882766
0.13927338000882766
0.13931543611038882
0.13981026085760756
0.14008014349242393
0.14008014349242393
0.14008014349242393
0.14008014349242393
0.14042488217091137
0.14042488217091137
0.14093128183670736
0.14093128183670736
0.14093128183670736
0.14181744953907843
0.14284650401910215
0.14284650401910215
0.14284650401910215
0.14311514170577716
0.14486470304718954
0.14508063834187876
0.14508063834187876
0.14611354342451235
0.14611354342451235
0.1474346912021207
0.1478704319442009
0.1478704319442009
0.149010469981695
0.1491349972632899
0.1491349972632899
0.1491349972632899
0.1491349972632899
0.14935869523468728
0.14935869523468728
0.14935869523468728
0.1498128443737686
0.1501105804393727
0.15084555270360236
0.15084555270360236
0.15115088104384095
0.15115088104384095
0.15115088104384095
0.1517273665848782
0.15201919934653577
0.15306773615866037
0.1532038651907841
0.1532038651907841
0.15458839205169325
0.15482887622417218
0.15482887622417218
0.15518069791933803
0.15518069791933803
0.15523311769142606
0.15523311769142606
0.1555752530488628
0.15607993415049856
0.15607993415049856
0.15607993415049856
0.15614588258376985
0.15614588258376985
0.1567313400471062
0.15730140717563837
0.15730140717563837
0.1578607245442043
0.1578607245442043
0.15832668604098932
0.15865615814243733
0.15949784783844995
0.15975719745512462
0.16048831557617133
0.16210002773972126
0.16300542467894633
0.16308529173166111
0.1634326055089533
0.1655766650455476
0.16620949161928028
0.16620949161928028
0.16620949161928028
0.16744332066481743
0.16744332066481743
0.1678582299076615
0.1680173203802854
0.16828318211709956
0.16888713511580905
0.16888713511580905
