0 271 133 3.32 [3317, 3573, 3340, 3184] [271, 271, 271, 271]
1 292 332 3.09 [2141, 2227, 2477, 2290, 2126, 2313] [292, 292, 292, 292, 292, 292]
2 345 160 2.53 [4974, 4835, 4418, 4619, 4341] [345, 345, 345, 345, 345]
3 300 202 1.54 [5325, 5521, 5253, 4860] [300, 300, 300, 300]
4 274 126 1.78 [2589, 2495, 2716, 2784, 2427] [274, 274, 274, 274, 274]
5 205 295 2.75 [4276, 4221] [205, 205]
6 208 341 4.37 [3580, 3417, 4120, 3781, 3630, 4045, 3869] [208, 208, 208, 208, 208, 208, 208]
7 293 143 4.43 [3920, 4080, 3907] [293, 293, 293]
8 358 278 4.86 [2303, 2164] [358, 358]
9 331 173 2.66 [3498, 3207, 3118, 3453] [331, 331, 331, 331]
10 258 170 2.07 [11518, 12834, 12793, 13245, 11559] [258, 258, 258, 258, 258]
11 324 170 2.39 [3433, 3264, 3675, 3808, 3288, 3518, 3506] [324, 324, 324, 324, 324, 324, 324]
12 187 145 2.62 [2584, 2883, 2856] [187, 187, 187]
13 251 297 3.95 [15470, 15316, 15725, 15368, 13989] [251, 251, 251, 250, 250]
14 167 250 4.6 [5473, 5620, 5676] [167, 167, 167]
15 214 262 3.81 [3104, 2875, 3083, 3364, 2833, 2812, 3426, 3166, 2854] [214, 214, 214, 214, 214, 214, 214, 214, 214]
16 137 214 1.44 [2354, 2340, 2194, 2026, 2179, 2165, 2325, 2201] [137, 137, 137, 137, 137, 137, 137, 137]
17 361 239 2.04 [2903, 2845, 3040, 2962, 3187, 2727, 3099, 2786] [361, 361, 361, 361, 361, 361, 361, 361]
18 207 283 1.79 [2104, 2221, 2131, 2062, 1863, 2207, 1904, 1980, 2042, 1959] [207, 207, 207, 207, 207, 207, 207, 207, 207, 207]
19 308 199 1.19 [15649, 13539, 15796, 14128, 13735, 15305, 14716, 13686, 14373] [308, 308, 308, 308, 308, 308, 305, 305, 305]
20 277 227 1.77 [18524, 18128, 20238, 18590, 19579, 18656] [277, 277, 277, 277, 275, 275]
21 149 300 2.86 [15358, 14435, 14483, 15164, 15407, 14824, 13754, 13949, 14969] [149, 149, 149, 149, 145, 145, 145, 145, 146]
22 218 154 3.51 [4857, 5054, 4841, 5315] [218, 218, 218, 218]
23 222 348 1.8 [9785, 8382, 9815, 8322, 8901, 8718, 8931] [222, 222, 222, 222, 222, 222, 222]
24 241 233 3.52 [7278, 7643, 7010, 7351, 7327] [241, 241, 241, 241, 241]
25 254 357 2.77 [2572, 2783, 2528, 2642, 2625, 2854] [254, 254, 254, 254, 254, 254]
26 247 275 3.76 [3878, 3818, 3564, 3866, 3383, 3721] [247, 247, 247, 247, 247, 247]
27 231 309 3.39 [3845, 4356, 4115, 4413, 3888] [231, 231, 231, 231, 231]
28 314 226 2.13 [4475, 4396, 4538] [314, 314, 314]
29 149 267 4.75 [8450, 8754, 7567, 8174] [149, 145, 146, 146]
30 174 270 2.76 [3907, 4252, 4065, 4195, 4670, 4411, 4714, 4368, 4627, 4685] [174, 174, 174, 174, 174, 174, 174, 174, 174, 174]
31 320 322 1.2 [2609, 2599, 2924, 2800, 3105, 2819, 2771, 2943, 2962, 2675] [320, 320, 320, 320, 320, 320, 320, 320, 320, 320]
32 322 165 4.16 [2091, 2024, 2360, 2270, 2255, 2397] [322, 322, 322, 322, 322, 322]
33 214 147 3.32 [2885, 2949, 3435, 3149, 3329, 3170] [214, 214, 214, 214, 214, 214]
34 281 240 4.95 [6245, 6887, 6352] [281, 281, 281]
35 335 336 3.24 [2874, 2757, 2698, 2903, 3040, 2727, 2659, 2747] [335, 335, 335, 335, 335, 335, 335, 335]
36 288 287 2.72 [2463, 2374, 2205, 2487, 2640, 2261] [288, 288, 288, 288, 288, 288]
37 204 369 1.71 [2046, 2255, 1962, 2018, 2262, 1899, 2060, 2150, 2220, 2074] [204, 204, 204, 204, 204, 204, 204, 204, 204, 204]
38 144 213 2.97 [7185, 7818, 7745] [144, 144, 144]
39 371 244 1.15 [2940, 3016, 2834] [371, 371, 371]
40 164 256 3.79 [5002, 5459] [164, 164]
41 155 185 3.89 [2335, 2128, 2246, 2298, 2394] [155, 155, 155, 155, 155]
42 353 150 4.63 [2940, 3019, 2793, 2980, 2823, 2646, 3058, 2744, 3068, 2882] [353, 353, 353, 353, 353, 353, 353, 353, 353, 353]
43 302 183 3.55 [2019, 2238, 2392, 2158, 2246, 2070, 2107, 2136] [302, 302, 302, 302, 302, 302, 302, 302]
44 142 373 3.49 [14161, 12665, 12805, 13787, 15002, 12712, 15329, 14535, 13880] [142, 142, 142, 142, 140, 140, 140, 140, 141]
45 211 338 3.91 [18912, 20217, 19564, 20869, 18260, 17673] [211, 211, 210, 212, 212, 213]
46 177 157 4.29 [2974, 2592, 2674, 2810] [177, 177, 177, 177]
47 264 274 4.5 [4221] [264]
48 126 156 1.23 [1895, 2148, 2011] [126, 126, 126]
49 142 128 3.96 [5523, 5291, 5845] [142, 142, 141]
50 137 266 3.82 [2361, 2597, 2297, 2219, 2147, 2329, 2447, 2590, 2376, 2487] [137, 137, 137, 137, 137, 137, 137, 137, 137, 137]
51 307 218 1.56 [5077, 4969, 5402, 4878, 5041] [307, 307, 307, 307, 307]
52 196 145 2.24 [18032, 16430] [196, 196]
53 198 305 2.34 [4896] [198]
54 191 287 4.51 [4074, 3531, 4010] [191, 191, 191]
55 139 280 1.85 [1997] [139]
56 162 203 4.37 [12937, 10821, 11699] [162, 162, 162]
57 257 296 2.92 [6655, 6142, 5772, 6368, 5731, 5567, 6060, 6327] [257, 257, 257, 257, 257, 257, 257, 257]
58 164 240 3.81 [5124, 5318, 5494] [164, 164, 164]
59 245 164 3.37 [2082, 2180, 1992] [245, 245, 245]
60 179 251 3.62 [4143, 4208, 3961, 3819, 3624, 4039, 3767, 4117, 4195, 3611] [179, 179, 179, 179, 179, 179, 179, 179, 179, 179]
61 139 242 2.34 [2124, 1913, 2060, 2166, 2236, 2243, 1927, 2201, 2215] [139, 139, 139, 139, 139, 139, 139, 139, 139]
62 134 157 1.04 [2042, 1953, 2145, 2062, 2221, 2104] [134, 134, 134, 134, 134, 134]
63 359 294 1.37 [6277, 6876] [359, 359]
64 241 234 4.0 [2846, 2940, 3080, 2640, 2930, 2968, 2668] [241, 241, 241, 241, 241, 241, 241]
65 309 164 1.88 [10764, 10519, 10939, 11288, 11253, 10904, 10275, 11183, 9855] [309, 309, 309, 309, 309, 309, 309, 309, 305]
66 142 262 1.62 [6718, 6652, 6083, 5996, 6827, 6455, 6543, 6017, 6193, 5908] [141, 141, 141, 141, 141, 141, 141, 143, 143, 143]
67 241 170 2.47 [5123, 5231, 5195, 5518] [241, 241, 241, 241]
68 191 164 2.67 [1903, 2044, 2206, 2030, 2129, 2248] [191, 191, 191, 191, 191, 191]
69 303 349 2.63 [4468, 4184, 4856, 4811, 4139] [303, 303, 303, 303, 303]
70 353 339 4.97 [3262, 3054] [353, 353]
71 349 327 2.52 [1930, 2166] [349, 349]
72 336 310 3.29 [4085, 3823] [336, 336]
73 317 229 4.27 [12298, 10192, 11207, 11245, 11659, 11508, 11847] [317, 317, 317, 317, 317, 315, 315]
74 251 303 3.25 [3259, 3062, 3106] [251, 251, 250]
75 245 252 2.62 [4735, 4302, 4446, 4590, 3912, 4359, 4388, 4229, 4475] [245, 245, 245, 245, 245, 245, 245, 245, 245]
76 305 333 1.74 [3444, 3621, 3291, 3562] [305, 305, 305, 305]
77 324 338 3.27 [1866] [324]
78 167 232 4.08 [2608] [167]
79 244 205 1.99 [1937] [244]
80 298 250 2.41 [3584, 3619, 3376, 3307, 3133, 3226, 3769] [298, 298, 298, 298, 298, 298, 298]
81 135 161 3.66 [4844, 5281, 5509, 5754] [135, 135, 135, 135]
82 246 323 2.41 [7420, 7969, 8119, 7844, 7270, 7694, 8044, 7195, 8219] [246, 246, 246, 246, 246, 246, 246, 246, 246]
83 139 152 3.9 [3651, 3833, 3602, 3639, 3541, 3323] [139, 139, 139, 139, 139, 139]
84 165 273 4.04 [2279, 2182, 2554, 2481, 2400] [165, 165, 165, 165, 165]
85 310 321 3.94 [2219, 2080, 2032] [310, 310, 310]
86 225 155 4.17 [3412, 3193, 3381, 2859] [225, 225, 225, 225]
87 250 334 3.2 [13409, 12251, 14211, 14122, 14612] [250, 252, 252, 252, 252]
88 293 281 1.98 [5503, 5857, 5798] [293, 293, 293]
89 353 305 3.75 [4176, 4162, 3965, 3994] [353, 353, 353, 353]
90 310 304 2.45 [12051, 12467, 12164] [310, 310, 310]
91 175 330 4.41 [4545] [175]
92 300 258 1.75 [6325, 5904] [300, 300]
93 288 299 3.42 [4329, 4424, 4248, 4261] [288, 288, 288, 288]
94 355 270 2.32 [14018, 14104, 13201, 13330, 12083, 13803, 13932, 12900] [355, 355, 355, 355, 355, 355, 356, 356]
95 187 221 3.04 [3265, 3212, 3350, 2915, 3021, 2894, 2926] [187, 187, 187, 187, 187, 187, 187]
96 310 141 2.11 [2824, 2558, 2700, 2602, 2860, 2469] [310, 310, 310, 310, 310, 310]
97 214 322 3.56 [15577, 13593, 16321] [210, 213, 213]
98 128 318 3.59 [7826, 8333, 6864, 7092, 7801, 7041, 7497] [128, 128, 128, 128, 128, 128, 128]
99 186 246 1.69 [3639, 3651, 3358, 3733, 3265, 3627] [186, 186, 186, 186, 186, 186]
100 346 351 3.82 [2300, 1914, 2195, 1921, 2307, 2096, 2132, 2082, 2146] [346, 346, 346, 346, 346, 346, 346, 346, 346]
101 262 204 3.31 [6600, 7035, 6370, 6852, 7241, 6668] [262, 262, 262, 262, 262, 262]
102 216 142 3.83 [14806, 13902, 14949, 14521, 13140] [216, 216, 216, 216, 215]
103 366 189 2.26 [4819, 4574, 4688, 4525, 4557, 4982, 5047] [366, 366, 366, 366, 366, 366, 366]
104 168 341 4.04 [1986, 2180, 1920, 1873, 1940, 1886] [168, 168, 168, 168, 168, 168]
105 299 288 1.2 [5119, 5594, 5558, 5576, 5101, 4991, 5996, 5265, 5338, 5466] [299, 299, 299, 299, 299, 299, 299, 299, 299, 299]
106 319 218 4.91 [2627, 2897] [319, 319]
107 373 330 1.29 [3147, 3038] [373, 373]
108 188 238 3.73 [8249, 7661, 8142, 8356, 7688, 7288, 8062, 7928, 8329, 8436] [188, 188, 188, 188, 188, 188, 188, 188, 188, 185]
109 211 244 1.23 [4600, 4616, 4416, 4953, 4662, 5030] [210, 214, 214, 214, 214, 214]
110 363 125 4.57 [3171, 3058, 2865, 3283, 3324, 3313, 3262, 2895, 2997, 3028] [363, 363, 363, 363, 363, 363, 363, 363, 363, 363]
111 207 299 2.37 [2462, 2891] [207, 207]
112 190 236 3.19 [2712, 2771, 2763] [190, 190, 190]
113 126 253 3.57 [4244, 3911, 4535, 4258, 4382, 4355] [126, 126, 126, 126, 126, 126]
114 156 167 2.37 [2651, 2802, 2567, 2896, 2999, 2820, 2877, 2614] [156, 156, 156, 156, 156, 156, 156, 156]
115 129 345 3.04 [4296, 3863, 3905, 4212, 4338, 4492, 4436, 4045, 4282] [129, 129, 129, 129, 129, 129, 129, 129, 129]
116 201 137 1.67 [3254, 3442, 3390, 2825, 3138, 3107, 3097] [201, 201, 201, 201, 201, 201, 201]
117 280 270 3.56 [5382] [280]
118 362 341 4.89 [4359, 4167, 4536, 4462, 4551] [362, 362, 362, 362, 362]
119 307 248 2.37 [3020, 3154, 3340, 3165] [307, 307, 307, 307]
120 134 347 4.86 [3883, 3998, 4070] [134, 134, 134]
121 194 187 2.96 [7386] [194]
122 240 219 3.51 [6129, 6069, 6387] [240, 240, 240]
123 177 302 1.12 [7764, 7238, 7644] [177, 177, 177]
124 279 372 2.54 [19284, 17613, 18577] [279, 279, 279]
125 295 368 4.1 [2308, 2549, 2613, 2188, 2404, 2637, 2180, 2348] [295, 295, 295, 295, 295, 295, 295, 295]
126 142 145 2.72 [3208, 3099] [140, 143]
127 267 367 4.77 [17811, 17427, 20502] [267, 265, 266]
128 183 296 1.21 [3552, 3497, 3595, 2973, 3235] [183, 183, 183, 183, 183]
129 342 219 3.06 [3153, 2979, 2777, 2835, 2758, 3143, 2603, 2941, 2931, 3114] [342, 342, 342, 342, 342, 342, 342, 342, 342, 342]
130 244 183 2.51 [4382, 4075, 4507, 4005, 4354, 4242, 3796, 3810, 4047] [244, 244, 244, 244, 244, 244, 244, 244, 244]
131 274 350 2.25 [5012, 5227, 5872] [274, 274, 274]
132 251 149 1.89 [7089] [250]
133 203 358 1.03 [15944, 15335, 17550, 18103, 17439, 16221, 15114, 15391, 16941] [203, 203, 203, 203, 203, 200, 200, 200, 200]
134 349 346 1.92 [1858, 2111, 1981, 2084, 2146, 2015, 2139, 2159, 2235] [349, 349, 349, 349, 349, 349, 349, 349, 349]
135 287 335 3.5 [13814, 12364, 13473, 11511, 14027, 13302, 11853, 12279] [287, 287, 287, 287, 285, 285, 285, 285]
136 372 370 4.84 [2643, 2328, 2392, 2538, 2231, 2408, 2255, 2295, 2376] [372, 372, 372, 372, 372, 372, 372, 372, 372]
137 262 209 2.21 [5772, 5477, 4998, 5920, 5053, 5237, 5422, 5883, 5791, 5219] [262, 262, 262, 262, 262, 262, 262, 260, 260, 260]
138 165 137 1.44 [3185, 3296, 3135] [165, 165, 165]
139 341 278 1.24 [4844, 5291] [341, 341]
140 185 304 3.69 [2033, 1969, 1926, 2161, 1962, 2303, 2282, 2005] [185, 185, 185, 185, 185, 185, 185, 185]
141 270 328 4.42 [5039, 4634, 4439, 4698, 4990, 4488, 4682] [270, 270, 270, 270, 270, 270, 270]
142 307 184 4.36 [2671, 2740, 2483, 2723, 2466, 2414, 2543, 2337] [307, 307, 307, 307, 307, 307, 307, 307]
143 236 157 2.02 [3663, 3125, 3428, 3540, 3573, 3596] [236, 236, 236, 236, 236, 236]
144 331 198 4.88 [5486, 5307, 5864, 5091, 5414, 5900, 5666, 4965, 5145] [331, 331, 331, 331, 331, 331, 331, 331, 331]
145 137 165 3.73 [2930, 3182] [137, 137]
146 310 182 1.45 [2801] [310]
147 232 227 3.82 [5765, 4886] [232, 232]
148 233 203 1.89 [2025, 2011, 2081, 2157, 2122, 2074, 2248] [233, 233, 233, 233, 233, 233, 233]
149 130 369 4.72 [4280, 4249, 4827, 4358] [130, 130, 130, 130]
150 365 280 2.29 [2695, 2740, 2926, 2597, 2766] [365, 365, 365, 365, 365]
151 342 137 3.19 [5261, 5484, 5316, 5595, 5521, 5688, 6097, 5818, 5539, 5428] [342, 342, 342, 342, 342, 342, 342, 342, 342, 342]
152 231 207 1.91 [4160, 3836, 3822, 4484, 4428, 4245, 4216, 3948, 4625] [231, 231, 231, 231, 231, 231, 231, 231, 231]
153 239 318 2.91 [2350, 2444, 2693] [239, 239, 239]
154 290 306 1.43 [5349, 4979, 5419] [290, 290, 290]
155 220 281 1.65 [9680] [220]
156 244 186 3.69 [2442, 2381] [244, 244]
157 187 251 1.7 [2041, 2269, 2092] [187, 187, 187]
158 144 243 4.22 [1897, 2229] [144, 144]
159 304 321 1.25 [13999, 12916, 11876, 13349, 14129, 13306, 12266, 13739] [304, 304, 304, 304, 304, 304, 304, 300]
160 320 346 1.81 [8408, 8331, 8075, 7998, 7511, 7178, 7767, 7357, 7434, 7229] [320, 320, 320, 320, 320, 320, 320, 320, 321, 321]
161 253 263 2.75 [2458, 2656, 2466, 2532, 2507, 2615, 2384, 2573, 2714] [253, 253, 253, 253, 253, 253, 253, 253, 253]
162 321 125 2.05 [2702, 3025, 2897, 2829, 2907] [321, 321, 321, 321, 321]
163 144 201 4.09 [2544, 2168, 2145] [144, 144, 144]
164 221 287 1.97 [2579] [221]
165 338 190 2.6 [7915, 7890] [338, 338]
166 192 310 2.37 [6263, 6834, 5933, 6966, 6329, 6241, 6351] [192, 192, 192, 192, 192, 192, 192]
167 186 129 4.71 [2220, 2277, 2351, 2466] [186, 186, 186, 186]
168 153 356 4.9 [9360, 9512] [153, 153]
169 372 266 2.62 [5592, 5977, 5997, 6018, 6565, 6443] [372, 372, 372, 372, 372, 372]
170 232 276 4.38 [8653] [232]
171 216 210 3.41 [1984, 2031] [215, 215]
172 272 256 2.76 [2136, 1955, 2283, 2053, 2241, 1913, 1997, 1934] [272, 272, 272, 272, 272, 272, 272, 272]
173 160 304 2.07 [6854, 6495, 6411, 6748, 6010] [160, 160, 160, 160, 160]
174 296 149 4.55 [3278, 3668, 3055, 3445] [296, 296, 296, 296]
175 235 155 2.96 [2398, 2091, 2293, 2039, 2031, 2271] [235, 235, 235, 235, 235, 235]
176 301 247 4.65 [4714, 4697, 4984, 4883, 5406] [301, 301, 301, 301, 301]
177 140 341 4.28 [4308, 4380, 4539, 4222, 4322, 3890, 4409, 4150, 4020, 4351] [143, 143, 143, 143, 143, 143, 143, 143, 143, 143]
178 335 342 2.07 [8247, 8801, 9325, 9005, 8101, 7985, 8218, 8014, 8742, 8480] [335, 335, 335, 335, 335, 335, 335, 335, 336, 336]
179 207 318 1.49 [3552, 3112, 3529] [207, 207, 207]
180 262 133 3.65 [9387, 9026, 9617, 10109, 10700, 10372, 9485, 10043, 10733, 9124] [260, 260, 260, 260, 260, 261, 261, 261, 261, 261]
181 322 242 3.59 [2284, 2067, 2161, 2320, 2147] [322, 322, 322, 322, 322]
182 335 326 1.37 [2136, 2114, 2072, 2093, 2306, 2207] [336, 336, 336, 336, 336, 336]
183 165 220 4.25 [5221] [165]
184 333 341 2.53 [2553] [333]
185 149 137 4.68 [6179, 6076, 6651, 6466, 5543, 6138] [146, 146, 146, 146, 146, 146]
186 232 127 2.13 [1944, 2274, 2282, 2038, 2253, 2131, 2325] [232, 232, 232, 232, 232, 232, 232]
187 172 258 1.13 [4214, 4781, 4856, 4348, 4811, 4423, 4722, 4408, 4647] [172, 172, 172, 172, 172, 172, 172, 172, 172]
188 371 263 3.08 [3292, 3245] [371, 371]
189 182 340 1.01 [4652] [182]
190 230 206 2.1 [4717, 4444, 4487, 4343, 4185, 4401, 4588, 3941] [230, 230, 230, 230, 230, 230, 230, 230]
191 318 344 2.27 [3980, 3966, 3926, 4127, 4394, 3806, 4287, 3993] [318, 318, 318, 318, 318, 318, 318, 318]
192 299 196 1.61 [12474, 14545, 14453] [299, 299, 295]
193 215 187 4.91 [2279, 1905, 2148, 2044, 1912, 2065, 1947, 2134, 1885, 2231] [215, 215, 215, 215, 215, 215, 215, 215, 215, 215]
194 315 250 1.38 [10761, 10492, 9416, 9584, 10526, 9887, 9786, 9214, 10660] [315, 315, 315, 316, 316, 316, 316, 316, 316]
195 319 264 1.82 [3221, 3582, 3374, 3593, 3308, 3199, 3276, 3560] [319, 319, 319, 319, 319, 319, 319, 319]
196 348 343 3.37 [3362, 3618, 3451, 3607, 3250, 3630] [348, 348, 348, 348, 348, 348]
197 265 214 1.88 [5453, 5354, 4608, 5437, 5420] [265, 265, 265, 267, 267]
198 144 204 2.75 [2811, 2888, 2897, 2916, 2620, 2830, 2878, 2725] [144, 144, 144, 144, 144, 144, 144, 144]
199 317 165 3.55 [3882, 4032, 4264] [315, 316, 316]
200 304 227 4.49 [6295, 6723, 6520, 6678, 7197] [300, 300, 300, 300, 301]
201 276 359 3.68 [1911, 2239, 2176, 2197, 1918, 1890, 2058] [276, 276, 276, 276, 276, 276, 276]
202 374 235 1.75 [4289] [374]
203 223 256 4.67 [2567, 2473, 2284] [223, 223, 223]
204 237 278 3.6 [3558, 3642, 3679, 3958, 3630, 3946, 3849] [237, 237, 237, 237, 237, 237, 237]
205 135 188 2.78 [4094, 3736, 3974] [135, 135, 135]
206 349 239 2.2 [2289, 2472, 2576, 2400, 2305, 2233, 2568, 2624] [349, 349, 349, 349, 349, 349, 349, 349]
207 139 232 2.24 [2828, 2628] [139, 139]
208 330 320 1.97 [10037, 9046, 10070, 9871] [330, 330, 330, 330]
209 371 152 1.79 [5223, 5730, 6031, 5392, 5975] [371, 371, 371, 371, 371]
210 337 141 3.83 [2657, 2592, 2341, 2455, 2398, 2293] [337, 337, 337, 337, 337, 337]
211 201 136 4.15 [3428, 3538, 3373, 3119, 3251, 3483, 3626, 2987, 3406] [201, 201, 201, 201, 201, 201, 201, 201, 201]
212 366 364 1.75 [8222, 8652, 9368, 8938, 9225, 9253] [366, 366, 366, 366, 366, 366]
213 134 148 2.64 [3469] [134]
214 373 140 2.33 [2166, 2195, 2210, 2325, 1979] [373, 373, 373, 373, 373]
215 193 231 4.16 [3211, 2968, 2936, 3390, 3316, 3242, 2957, 3274, 3411] [193, 193, 193, 193, 193, 193, 193, 193, 193]
216 270 323 4.91 [17258, 17641, 15074, 16439, 17750, 15838, 15784] []
217 148 272 3.51 [5067, 4540, 5098, 4494] [148, 148, 148, 148]
218 314 358 3.28 [11003, 11444, 11123, 12287, 12368, 12167, 12127, 11765, 12890, 12970] [314, 314, 314, 314, 314, 311, 311, 311, 311, 311]
219 302 250 4.63 [2117, 1921, 2103, 2076, 2211, 2002, 2198, 1969] [302, 302, 302, 302, 302, 302, 302, 302]
220 182 223 3.05 [4605, 4683, 5121, 4276, 4871, 4761, 4698, 4792, 4839] [182, 182, 182, 182, 182, 182, 182, 182, 182]
221 301 243 2.01 [4806, 4732] [301, 301]
222 258 343 3.99 [11633, 10940, 11962, 10868, 11597, 11451, 10831] [255, 255, 255, 255, 255, 256, 256]
223 131 369 4.11 [2563, 2390, 2554, 2658] [131, 131, 131, 131]
224 257 328 3.79 [5286, 5318, 5138, 4793, 4892, 4481] [257, 257, 257, 257, 257, 257]
225 204 153 4.26 [3288, 3022, 3192, 3001, 3107] [204, 204, 204, 204, 204]
226 167 166 3.44 [2162, 2020, 1959, 2209] [167, 167, 167, 167]
227 209 289 1.41 [2568, 2676, 2810, 2577, 2595, 2944] [209, 209, 209, 209, 209, 209]
228 231 133 2.86 [3274, 3306, 2967, 3062, 3030, 3126, 3295, 2861, 3369, 3051] [231, 231, 231, 231, 231, 231, 231, 231, 231, 230]
229 203 131 3.23 [5931, 5383, 5755, 5696, 6225, 6029, 6401, 6303] [200, 200, 200, 200, 201, 201, 201, 201]
230 374 195 4.77 [3257] [374]
231 222 302 3.0 [3220, 3634, 3646] [222, 222, 222]
232 163 245 4.61 [2178, 2500, 2454, 2239, 2124, 2109, 2339, 2086] [163, 163, 163, 163, 163, 163, 163, 163]
233 373 317 1.8 [5473, 5402, 5208, 5296, 4855] [373, 373, 373, 373, 373]
234 369 171 4.23 [4912, 4714, 5340, 4796, 4631, 5043, 4829] [369, 369, 369, 369, 369, 369, 369]
235 320 317 1.42 [2819, 3031, 2745] [321, 321, 321]
236 355 200 3.37 [2899, 2629, 2619, 2796, 2545, 2778] [356, 356, 356, 356, 356, 356]
237 255 273 3.04 [7093, 6939, 6873] [255, 256, 256]
238 308 362 2.44 [9710] [305]
239 246 169 2.11 [4812, 4561, 4595] [246, 246, 246]
240 318 365 1.16 [8752, 8421, 9504, 9323, 8632, 9594, 9895, 8180, 8271, 8902] [318, 318, 318, 318, 318, 318, 316, 316, 319, 319]
241 302 217 2.69 [8191, 8432, 8459, 8137, 8406, 7681, 7546, 8486, 8164, 7466] [302, 302, 302, 302, 302, 302, 301, 301, 301, 301]
242 313 220 3.41 [3031, 3002, 3088, 2868, 2639] [313, 313, 313, 313, 313]
243 318 320 4.73 [5138, 5271, 5238, 5105, 4804, 5021] [319, 319, 319, 319, 319, 319]
244 236 195 2.14 [2168, 2073, 2148, 2202, 1972, 2229, 2188] [236, 236, 236, 236, 236, 236, 236]
245 274 293 1.31 [6750, 6495, 7306, 6332, 6541, 7260, 7167] [274, 274, 274, 274, 274, 274, 274]
246 177 208 2.32 [7379, 6632, 6745, 7221, 6972, 6270, 6202] [177, 177, 177, 177, 177, 177, 177]
247 327 155 2.45 [7533, 7388, 7848, 7727] [327, 327, 327, 327]
248 277 253 1.08 [3845, 3692, 3768] [277, 277, 275]
249 273 312 4.81 [2518, 2727, 2937, 2554, 2673] [273, 273, 273, 273, 273]
250 150 216 2.59 [5820, 6562, 6402, 6321, 6101] [150, 150, 150, 150, 150]
251 180 358 3.59 [2121, 1898, 1925, 1864, 1959, 2074, 2013, 2155, 2006, 1831] [180, 180, 180, 180, 180, 180, 180, 180, 180, 180]
252 251 193 3.14 [6117, 6196, 6037, 5998, 5760, 6473, 6216, 6334, 5661] [252, 252, 253, 253, 253, 253, 253, 253, 253]
253 179 374 3.22 [3393, 3480] [179, 179]
254 361 177 1.52 [2105, 1912, 1898, 2119, 1988, 2064, 2188, 2222] [361, 361, 361, 361, 361, 361, 361, 361]
255 324 244 1.14 [2139, 2250, 2258] [324, 324, 324]
256 129 274 4.31 [4929, 5063, 4896, 5263, 5046, 4511, 5246, 4578, 5347, 4779] [129, 129, 129, 129, 129, 129, 129, 129, 125, 125]
257 279 187 2.45 [10567, 9652, 10668] [279, 275, 275]
258 242 321 3.53 [3487] [242]
259 363 289 4.05 [11625, 11129, 11093, 10774, 9676, 9711, 10703, 10314, 10455] [363, 363, 363, 360, 360, 360, 360, 360, 360]
260 243 181 4.58 [2882, 2701, 2485, 2512, 2584, 2458, 2927, 2449, 2837] [243, 243, 243, 243, 243, 243, 243, 243, 243]
261 138 325 2.77 [5378, 5843, 5521, 5039, 5468, 4896, 5771, 5271, 4985] [138, 138, 138, 138, 138, 138, 138, 138, 138]
262 311 164 3.37 [2796, 2564] [311, 311]
263 367 365 2.87 [4891] [367]
264 318 253 4.71 [4030, 3802, 4177] []
265 280 189 4.05 [3362, 3444, 3574, 3715] [280, 280, 280, 280]
266 183 345 1.34 [2871, 3043, 3123] [183, 183, 183]
267 131 231 4.24 [2586, 2328, 2287, 2461, 2361, 2453, 2719] [131, 131, 131, 131, 131, 131, 131]
268 337 188 2.87 [2461] [337]
269 334 255 4.52 [8319, 9917, 9525] [334, 334, 334]
270 252 176 1.69 [9305, 8320, 9160, 9537, 8030, 8146, 8783, 8378, 8957] [253, 253, 254, 254, 254, 254, 254, 254, 254]
271 273 215 4.11 [4116] [273]
272 279 180 4.34 [2186, 2170, 2254, 2483, 2262, 2292, 2361, 2377, 2399] [279, 275, 275, 275, 275, 275, 275, 275, 275]
273 207 160 2.44 [11463, 11253, 9541, 9436, 11114, 10764] [207, 207, 207, 207, 205, 205]
274 182 155 3.5 [2256, 2035, 2083, 1993] [182, 182, 182, 182]
275 257 233 4.42 [2021, 1865, 1919, 1851] [257, 257, 257, 256]
276 304 194 1.24 [10368, 11096, 9778, 11339, 11373, 10957, 11304, 9362] []
277 141 172 4.44 [3542, 3517, 3922, 3358, 3493, 3346, 3407, 3309, 3382] [143, 143, 143, 143, 143, 143, 144, 144, 144]
278 312 221 2.52 [3819, 3807, 3420, 3432, 3532] [312, 312, 312, 312, 312]
279 153 225 3.09 [16518, 14737, 15763, 16356, 16950, 15871] [153, 153, 150, 150, 151, 151]
280 236 238 1.55 [2481, 2537, 2239, 2594] [236, 236, 236, 236]
281 289 283 4.23 [8401, 8747, 8891, 8458, 7910, 7794, 8545, 8660] [289, 289, 289, 289, 289, 289, 289, 289]
282 286 230 3.14 [5824, 5939, 5213, 6187] [286, 286, 286, 286]
283 260 125 4.83 [2836, 2771, 3021, 2567, 2753, 2975] [260, 260, 261, 261, 261, 261]
284 224 140 4.13 [4316, 4162, 4285, 4979, 4717, 4362, 4455] [224, 224, 224, 224, 224, 224, 224]
285 339 168 3.87 [3062, 3397, 3364, 3241, 3632, 3274] [339, 339, 339, 339, 339, 339]
286 282 176 4.9 [2174, 2247, 2050, 2152, 2094, 2393, 2218, 2378] [282, 282, 282, 282, 282, 282, 282, 282]
287 303 369 4.9 [2516, 2698, 2394, 2403, 2472] [303, 303, 303, 303, 303]
288 253 294 1.69 [2311, 2270, 2460] [253, 254, 254]
289 353 208 3.0 [6292, 6503, 5870, 6672, 6187, 6905, 6461, 5722] [353, 353, 353, 353, 353, 350, 350, 350]
290 238 256 3.65 [3887, 3642, 3531, 3960, 3777] [238, 238, 238, 238, 238]
291 314 284 2.09 [12308, 11478, 11968, 10269, 11855, 11629, 10194, 10571, 10836] [310, 312, 312, 312, 312, 312, 312, 313, 313]
292 293 315 1.56 [1909, 1998] [293, 293]
293 326 175 4.82 [2305, 2459, 2386, 2491, 2612, 2524] [326, 326, 326, 326, 326, 326]
294 349 177 2.79 [8025, 8050, 6994, 6700, 7780, 7289] [349, 349, 349, 349, 349, 345]
295 242 158 2.37 [6655, 5975, 6570] [242, 242, 242]
296 240 354 4.2 [4696, 4183] [240, 240]
297 163 193 1.54 [3062, 2811, 2765, 2839, 2802, 2672, 3025, 2904, 2737, 2727] [163, 163, 163, 163, 163, 163, 163, 163, 163, 163]
298 260 348 4.06 [16663, 16929] [263, 263]
299 130 357 2.01 [2804, 2446] [130, 130]
300 279 190 1.43 [12949, 11202] [276, 276]
301 368 171 3.9 [4688, 4961, 4807, 5389, 5475, 5611, 5458] [368, 368, 368, 368, 368, 368, 368]
302 341 274 1.9 [4152, 4251, 4096, 4011, 4490, 4265] [341, 341, 341, 341, 341, 341]
303 287 167 4.99 [2455, 2616, 2411, 2696, 2857] [287, 287, 287, 287, 287]
304 340 240 3.81 [8380, 7670, 7775, 7486, 8537, 7592, 7513, 8012, 7355] [340, 340, 340, 340, 340, 340, 340, 340, 340]
305 135 209 4.24 [8012, 7440, 6818, 7639, 6992] [135, 135, 135, 135, 135]
306 248 228 3.69 [3621, 3633, 3344, 3957] [248, 248, 248, 248]
307 310 283 1.64 [2086, 2106, 2187, 2053, 2160] [310, 310, 310, 311, 313]
308 319 192 3.87 [1974, 2022, 1852, 1838, 1866, 1934, 1981, 2233, 1906, 2111] []
309 174 139 1.21 [13580] [174]
310 340 230 1.04 [2953, 2874, 2893, 2735, 2745, 3071, 2844, 3180, 3140] [340, 341, 341, 341, 341, 341, 341, 341, 341]
311 226 224 2.97 [6960, 6169, 7157] [226, 226, 226]
312 153 195 2.94 [3585, 4101, 3817, 3804] [153, 153, 153, 151]
313 187 130 1.75 [2102, 2316] [187, 187]
314 260 362 4.3 [4743, 5056, 5212, 5421, 4726, 5230, 5143, 4900, 4691] [261, 261, 263, 263, 264, 264, 264, 264, 264]
315 196 360 4.58 [2627, 2432, 2368, 2441, 2303, 2400, 2635, 2230, 2287] [196, 196, 196, 196, 196, 196, 196, 196, 196]
316 280 172 3.38 [4120, 4341, 4003, 3973, 4032, 4606, 4826, 4562] [280, 280, 280, 280, 280, 280, 280, 280]
317 195 147 3.97 [2852, 2816, 2764, 2561, 2825, 2860, 2482, 2464, 2658] [195, 195, 195, 195, 195, 195, 195, 195, 195]
318 169 358 3.17 [4085, 4248, 3880, 4003, 3962, 4234, 3676, 3785] [169, 169, 169, 169, 169, 169, 169, 169]
319 189 187 3.94 [2798, 3083, 2808] [189, 189, 189]
320 225 227 1.1 [4711, 4741] [225, 225]
321 270 244 2.63 [3000, 3345, 3081] [270, 270, 270]
322 136 204 1.92 [2651, 2333, 2626, 2385, 2582, 2436, 2600, 2789, 2505] [136, 136, 136, 136, 136, 136, 136, 136, 136]
323 271 217 1.89 [15124, 17543, 17048, 17213, 15234, 16389, 15014, 15784, 17653] [271, 271, 271, 271, 270, 270, 272, 272, 272]
324 192 325 3.19 [18696, 19892, 19829, 18318] [190, 190, 191, 193]
325 140 145 2.49 [2334, 2488, 2458] [144, 144, 144]
326 215 162 1.82 [3114, 3373, 2942, 3502] [215, 215, 215, 215]
327 156 249 1.16 [2203, 2366, 2084, 2069, 2024, 2106, 2433, 2441] [156, 156, 156, 156, 156, 156, 156, 156]
328 157 185 4.05 [5967, 5834, 5513, 6155, 5230, 6004, 5910, 5891, 5853] [157, 157, 157, 157, 157, 157, 157, 157, 157]
329 235 286 4.1 [2873, 2727, 2974] [235, 235, 235]
330 210 287 1.43 [5469, 5431, 5679, 5909, 6004, 5851, 5813, 5832, 5450] []
331 287 169 2.24 [6826, 6181, 7293, 6582, 7226, 6204, 6092] [285, 285, 286, 286, 286, 286, 286]
332 131 135 2.86 [5732, 5276, 5136, 5767, 5662, 5083, 5504, 5679] [131, 131, 131, 131, 131, 131, 131, 131]
333 212 309 4.27 [7386, 7361, 8032, 7013, 7485, 8107] []
334 309 278 4.37 [5123, 5674, 5052, 5835] [305, 306, 306, 306]
335 241 152 3.57 [2185, 2350, 2078, 2214, 2278, 2221] [241, 240, 240, 240, 240, 240]
336 222 126 4.5 [2374] [222]
337 235 161 2.48 [11628, 12038, 11963] [235, 235, 235]
338 321 353 4.57 [2592, 2228, 2617, 2657] [321, 321, 321, 321]
339 321 135 1.13 [3648, 3600, 3780, 3612, 3588, 3684, 3936, 3456] [321, 321, 321, 321, 321, 321, 321, 321]
340 251 136 3.14 [6674, 7936, 7426, 7596, 6844, 6989, 6577, 6552, 7790] []
341 374 294 3.4 [3436, 3545, 2965, 3479, 3097, 3020, 3293, 3458, 3053] [374, 374, 374, 374, 374, 374, 374, 374, 374]
342 133 238 4.75 [5105, 5496, 4868, 4902, 5462, 5021, 5445, 5546, 4817] [133, 133, 133, 133, 133, 133, 133, 133, 133]
343 172 145 4.64 [7669, 7243, 6892, 6917, 7468] [172, 172, 172, 172, 170]
344 266 129 1.93 [6338, 5826, 6040, 6189, 6659, 5805, 6787, 6509, 6488] [268, 268, 268, 268, 268, 268, 268, 268, 268]
345 316 153 2.08 [5608, 5719, 5756] []
346 216 179 3.44 [7110, 8027, 6912, 7482, 8151] [215, 217, 217, 217, 217]
347 176 310 2.31 [2382, 2587, 2422] [176, 176, 176]
348 135 191 4.01 [10574, 9900, 10237] [136, 136, 136]
349 150 159 1.27 [3842, 4009, 4137, 3636, 3687] [151, 151, 151, 151, 151]
350 236 151 1.35 [3247, 3213, 3573, 3472, 3427] [236, 236, 236, 236, 236]
351 247 257 2.67 [10597, 10060, 10740, 11098, 11743] [247, 247, 247, 247, 247]
352 160 297 1.94 [3271, 3369, 3141, 3217, 3293, 3402, 3076] [160, 160, 160, 160, 160, 160, 160]
353 235 218 3.43 [3484, 3869, 3792, 3921, 3651, 4062, 3741, 4178] [235, 235, 235, 235, 235, 235, 236, 236]
354 370 173 4.59 [7127, 7018, 6865, 6733, 6318] [370, 370, 370, 370, 370]
355 167 346 1.84 [5787, 6445, 6146, 5528, 5508, 6545] [167, 167, 167, 167, 167, 167]
356 179 330 1.61 [3348, 4040, 3719, 3855, 3521, 4003, 3496] [179, 179, 179, 179, 179, 179, 179]
357 260 302 4.78 [2743, 2762, 3144] [262, 263, 264]
358 160 130 3.3 [4695, 4966, 5322, 5169, 4796, 4881, 5084, 5068, 5152] [160, 160, 160, 160, 160, 160, 161, 161, 161]
359 270 288 3.04 [3635, 3887, 4152, 3648, 3938] [270, 270, 272, 272, 272]
360 150 187 2.57 [2806] [151]
361 273 290 1.26 [5199, 5056, 4705] [273, 273, 273]
362 213 132 4.51 [5716, 4942, 5681, 4854, 5118, 5101] []
363 137 336 4.49 [2189, 2228, 2150, 2382, 2197] [137, 137, 137, 137, 137]
364 280 207 1.34 [7598, 6866, 7446, 7345, 7270, 7572, 7118, 7547, 7421, 7522] [280, 280, 280, 280, 281, 281, 281, 281, 281, 281]
365 229 280 3.29 [6669, 7284, 7449, 7473, 7780, 7662, 6740] [229, 229, 229, 229, 229, 229, 229]
366 163 184 2.59 [3436, 3097, 3282, 3381, 3075, 3184, 3414, 3392, 3009, 3479] [163, 163, 163, 163, 163, 163, 163, 163, 163, 163]
367 217 210 5.0 [2274, 2230, 2194] [217, 217, 217]
368 142 348 1.38 [2115] [144]
369 167 324 1.38 [8969, 8212, 8268, 8240, 7652, 8380] [167, 165, 165, 165, 165, 165]
370 262 287 1.78 [2619, 2602] [264, 264]
371 331 302 2.32 [4036, 4324, 4238, 3892, 3979, 3993, 4152] [331, 331, 331, 330, 330, 330, 330]
372 214 161 3.78 [2426, 2395, 2365, 2510, 2304, 2174, 2288, 2205, 2487] [214, 214, 214, 214, 214, 214, 214, 214, 210]
373 139 221 2.05 [2554, 2582, 2777, 2991, 2694, 2749] [139, 139, 139, 139, 139, 139]
374 294 200 3.58 [3475, 3606, 3310, 3212, 3562] [294, 294, 294, 294, 294]
375 361 374 2.51 [11377] [361]
376 314 351 4.08 [7043, 7425, 7616, 7473, 6733, 6613, 7544, 6661] []
377 148 324 4.96 [5233, 5504, 5436] [148, 148, 148]
378 148 354 4.0 [4336, 5140, 4257, 4415, 4794, 5109, 4730, 4526] [148, 148, 148, 148, 148, 148, 148, 148]
379 193 360 4.24 [2440, 2186, 2337, 2369, 2218, 2520] [193, 193, 193, 193, 193, 190]
380 284 369 3.86 [2252, 2153, 1947, 1962, 2330, 2096, 1919] [284, 284, 284, 284, 284, 284, 284]
381 147 270 1.54 [2716, 3068, 3116, 2735, 2668, 2649, 2592, 3078, 2830] [147, 147, 147, 147, 147, 147, 147, 147, 147]
382 320 324 1.22 [2915] [321]
383 183 170 1.84 [4245, 4074, 4192, 3995, 4324, 3745, 3627, 3653, 3588] [183, 183, 183, 183, 183, 183, 183, 183, 183]
384 266 270 1.42 [2836, 2707, 2670, 2551] [267, 268, 268, 268]
385 316 324 3.37 [3505, 3898, 3430, 4037, 3809, 3518, 3721, 3581, 3657] []
386 168 320 3.25 [10500, 9558, 9087] [168, 168, 168]
387 339 300 1.84 [17114, 15741, 15952, 15160, 14896, 16480, 15318] [339, 339, 339, 339, 336, 336, 336]
388 139 331 4.56 [2469, 2198, 2454, 2402, 2093, 2176, 2386, 2447] [139, 139, 139, 139, 139, 139, 139, 139]
389 307 174 3.28 [3273, 3228, 3082, 3531, 3553, 3374, 3396] [307, 307, 307, 307, 307, 307, 307]
390 239 369 1.68 [14691, 14538] [239, 239]
391 319 213 3.32 [4590, 4770, 4123, 4214, 4334, 4785, 4078, 4349, 4710] []
392 227 324 1.49 [6396, 6375, 6544, 6818, 6290, 6797, 6121] [227, 227, 227, 227, 227, 227, 227]
393 325 171 1.15 [5561, 5385, 6109, 5953, 5835, 5816, 6070] [325, 325, 325, 325, 325, 325, 325]
394 167 344 2.18 [4328] [167]
395 130 275 3.4 [3531] [130]
396 194 218 4.36 [6144, 6501, 6211, 6837, 6278] [194, 194, 194, 194, 194]
397 148 176 1.89 [4080, 3780, 4210, 4158, 3819] [148, 147, 147, 147, 147]
398 127 328 3.98 [2957] [127]
399 372 183 4.41 [7417, 8391, 8608, 8851] [372, 370, 370, 370]
400 314 183 2.99 [2362, 2471, 2646, 2429, 2512, 2370, 2420] [313, 313, 313, 313, 313, 313, 313]
401 364 141 2.0 [2532, 2337] [364, 364]
402 266 322 2.03 [4622, 4830, 4117, 4444, 4518, 4191] [268, 268, 268, 268, 268, 268]
403 330 319 1.82 [3045] [330]
404 139 176 2.6 [2108, 2252, 2191, 2427, 2404, 2465] [139, 139, 135, 136, 136, 136]
405 230 306 2.09 [4789, 4756, 5155, 5138, 5171, 5038, 5304, 4806, 5454, 4656] [230, 230, 230, 230, 230, 230, 230, 230, 230, 230]
406 161 307 2.95 [7053, 6426, 6837, 6253, 6404, 6015, 6966, 6469] [161, 161, 161, 161, 161, 161, 161, 161]
407 272 370 2.3 [2158, 2025, 2098, 1911, 2091] [272, 272, 272, 271, 271]
408 319 142 3.88 [3437] []
409 200 161 4.99 [2391, 2808, 2539, 2765, 2626, 2635, 2513, 2426, 2643] [201, 201, 201, 202, 202, 202, 202, 202, 202]
410 313 218 3.2 [3458, 3107, 3359, 3206, 3468, 3414, 3129, 3173, 3031, 3567] []
411 254 248 4.89 [14108, 14155, 13968, 13456, 13410, 15319, 15226, 13317] []
412 146 200 1.84 [2385, 2350, 2677, 2669, 2479] [147, 147, 147, 147, 147]
413 248 248 3.15 [3855, 4279, 3802, 3882] [248, 248, 248, 248]
414 342 307 3.63 [7846, 7466, 7792, 7439, 7602, 7927] [341, 341, 343, 343, 343, 343]
415 264 178 2.49 [4813, 4843, 4338, 4442, 4055, 4575, 4664, 4234, 4605] [264, 264, 264, 264, 264, 264, 264, 264, 264]
416 373 345 4.91 [13035, 11114, 12095, 11850, 11155, 12871, 11972] []
417 206 359 1.79 [2279, 2265, 2142, 1990] [206, 206, 206, 206]
418 287 198 3.43 [2847, 2857, 2949, 2773] [286, 286, 286, 286]
419 182 275 4.09 [11654, 12313, 12972, 13096, 12684, 11902, 13384, 13178, 12643, 12519] [180, 180, 180, 181, 181, 181, 181, 184, 184, 184]
420 272 307 2.9 [3305, 3340, 3528, 3587, 3481] [273, 273, 273, 273, 273]
421 188 277 3.28 [10721, 10394, 10902, 9849, 9812, 10466, 11775, 10612] [185, 185, 185, 185, 185, 186, 186, 186]
422 265 315 4.25 [20202, 19503, 17534, 18423, 19630, 17661, 18487, 19058] []
423 302 165 1.72 [2978] [300]
424 312 216 2.42 [11274, 11979, 12808, 11315, 12144, 13098, 12559, 12849, 11896, 11937] []
425 247 333 3.8 [18363, 17967, 19684, 21534, 19750, 19090, 20345, 19222, 18033] []
426 336 366 2.81 [1928, 2183, 2148, 1971, 2098, 2325, 2297] [337, 337, 337, 337, 337, 337, 337]
427 265 255 2.07 [4542, 3905, 4307, 3947, 3822, 3739, 3864, 3933, 4528, 4404] [269, 269, 269, 269, 269, 269, 269, 269, 269, 269]
428 353 359 2.73 [3406, 3416, 3052, 3124, 2812, 3426, 3041] [353, 350, 350, 350, 350, 350, 350]
429 254 180 2.51 [2567, 2489, 2465, 2200, 2161, 2145, 2153, 2317, 2520] []
430 207 267 2.33 [4639, 4523, 5340, 5057, 5090, 5023, 4689, 4656] [207, 205, 205, 205, 205, 205, 205, 205]
431 157 257 1.2 [3587, 4064, 3574, 3638, 3909, 3819, 3651] [157, 157, 157, 157, 157, 157, 157]
432 155 237 3.11 [4003, 3779, 3740, 4319, 4201, 4227, 4056] [155, 155, 155, 155, 155, 155, 155]
433 305 330 4.64 [2448, 2050, 2418, 2440, 2125, 2237, 2170, 2395, 2403, 2350] [306, 306, 306, 306, 306, 306, 306, 306, 306, 306]
434 140 232 2.11 [8817, 8733, 9124, 7589, 8315, 7617] []
435 277 332 3.08 [2094, 2073, 2128, 1984, 2005] [275, 276, 276, 276, 276]
436 240 258 2.52 [3392, 3030, 3102, 2906, 3278, 2937] [240, 240, 240, 240, 240, 240]
437 230 324 3.1 [13081, 13266, 12619, 15114, 13589, 14514, 14791] [232, 232, 233, 233, 233, 234, 234]
438 272 127 4.25 [2083] [273]
439 180 304 1.83 [2612, 2594] [180, 181]
440 239 232 1.97 [3324, 3418, 3116, 2981] [239, 239, 239, 239]
441 143 168 3.59 [2286, 2229, 2159, 2131, 2116, 2314] []
442 235 212 1.87 [2701, 3186, 3148, 2982, 2817, 2914, 3041, 3118, 3196, 3177] [236, 236, 236, 236, 236, 236, 237, 237, 237, 237]
443 311 342 4.95 [7672] [313]
444 236 236 4.35 [7650, 7442, 7546, 7859, 7520, 8535] [237, 237, 237, 237, 238, 238]
445 316 262 2.74 [3104, 2838, 2691, 3064, 2770, 2868, 3113] []
446 261 187 4.14 [2160, 2341, 2168, 2349, 2137, 2207, 2506, 2270, 2482, 2176] []
447 280 125 3.57 [2097, 2128, 2359, 2289, 2351, 2451, 2235, 2390] [280, 281, 281, 281, 282, 282, 282, 282]
448 143 303 4.48 [5438, 5455, 5296, 4890, 5155] []
449 195 152 1.69 [6701, 7084, 6408, 6362, 7220] [195, 195, 195, 195, 195]
450 256 250 3.11 [2345, 2242] [256, 256]
451 313 350 1.69 [5004, 5800, 5729, 5163] []
452 258 363 2.76 [3898, 3964, 3977, 3937, 3674, 4161] [258, 258, 258, 258, 258, 258]
453 311 243 2.04 [2293, 2180, 2032, 2046, 2208, 2004, 2300, 2201] []
454 276 174 2.53 [2263, 2505, 2287, 2513, 2239, 2538] [276, 276, 276, 276, 276, 276]
455 214 270 3.45 [4938, 4529, 4302, 4287, 4226] []
456 320 350 1.51 [2178, 2142, 2055, 2199, 2344, 2250] [320, 321, 321, 321, 321, 322]
457 196 330 2.95 [3411, 3328, 3225, 3028, 2986, 3048, 3214, 2955, 3110, 3131] [196, 196, 196, 196, 196, 196, 195, 195, 195, 195]
458 369 293 1.85 [2166, 2363, 2061, 2476, 2408, 2174, 2068] [369, 369, 369, 369, 369, 369, 369]
459 327 234 3.42 [4862, 4987, 5881, 5845] [327, 327, 327, 327]
460 208 292 2.36 [1978, 2180, 1937, 2145, 2228, 1985, 2013] [208, 208, 208, 208, 208, 208, 208]
461 225 211 1.06 [2620, 2322, 2556, 2612] [225, 225, 225, 225]
462 370 197 2.47 [3231] [370]
463 350 356 4.04 [6093, 5903] [350, 350]
464 242 358 4.08 [2968, 2479, 2669, 2950, 2796, 2841, 2886] [242, 242, 242, 242, 242, 242, 242]
465 168 179 2.07 [2039, 1963, 2122, 2164] [168, 168, 168, 168]
466 247 328 1.5 [4822, 5032, 4774, 4597, 4935] [245, 245, 245, 245, 245]
467 190 314 1.29 [5168, 4666, 5265, 4634, 5282, 4877, 4763, 4439, 4407, 4925] [190, 191, 191, 192, 192, 192, 192, 192, 192, 192]
468 215 260 1.63 [14143, 15076, 15420, 15027, 14045] [217, 217, 218, 218, 218]
469 263 237 3.99 [13125, 12432, 11699, 13247, 11209, 12840, 12188, 12677, 12595, 13329] []
470 259 303 1.84 [17763] [259]
471 282 152 4.64 [3946, 3827, 4251, 3999] [282, 282, 282, 282]
472 321 370 4.46 [2294, 1993, 2301, 2081, 2030, 2213, 2147] [322, 322, 322, 322, 322, 322, 322]
473 290 368 1.4 [2379, 2247, 2330, 2668, 2594, 2586, 2677, 2644, 2578] [290, 290, 290, 290, 290, 290, 290, 290, 290]
474 268 188 2.72 [11566, 10707, 11527, 11879, 12660, 11293, 11801, 11058] []
475 186 298 3.52 [4161, 4374, 4303, 4089, 4531] [186, 186, 187, 187, 187]
476 331 264 2.16 [4927, 4616, 5205, 4501, 4419, 4714, 5058, 4583] [330, 330, 330, 330, 330, 330, 332, 332]
477 169 363 2.88 [2176, 2002, 2143, 1809, 1989, 1909, 1902] [169, 169, 169, 169, 169, 169, 169]
478 181 318 2.57 [6844, 6917, 6722, 7940] [182, 182, 182, 182]
479 341 182 4.35 [5074] [341]
480 184 274 2.4 [10566, 10792, 12145, 12258, 11017, 11769] []
481 186 161 3.81 [12638, 12108, 11048, 11782, 12190, 11007, 13413, 11701] []
482 347 306 2.66 [6309, 6133, 6507, 6858, 6397, 6045, 6726, 6573, 6419] [347, 347, 347, 347, 347, 347, 347, 347, 347]
483 134 301 1.11 [7947, 8565, 8404, 7518, 8269, 7491, 8779] [134, 134, 134, 134, 134, 134, 130]
484 292 367 4.75 [3147] [292]
485 169 253 2.1 [2836, 2707, 2796, 2786, 2677, 2905, 3262] [169, 169, 169, 169, 169, 169, 169]
486 263 332 1.05 [2843, 3072, 2753, 2703, 3102, 2713, 3062, 2733] []
487 146 249 4.44 [7628, 7445, 8254, 8516, 8019, 7392, 7288, 7053, 7366] []
488 362 324 4.38 [2387, 2141, 2007, 2208, 2327, 2112, 2357, 2349, 2342, 2067] [362, 362, 362, 362, 362, 362, 362, 362, 362, 362]
489 353 371 2.99 [2953, 2891, 2880, 2817, 2849, 2995, 3381, 3078, 3099] [350, 350, 350, 350, 350, 350, 350, 350, 350]
490 364 130 3.21 [2130, 2047, 1895, 2081, 1867, 1992] [364, 364, 364, 364, 364, 364]
491 317 169 3.49 [2496, 2231, 2169] [317, 315, 316]
492 169 241 2.45 [2058, 2367, 2109, 2338] [169, 169, 169, 169]
493 240 171 3.76 [6741, 5808, 6782, 6222, 5663, 5974, 6679, 5683, 6720] [240, 240, 240, 240, 242, 242, 242, 242, 242]
494 254 146 4.8 [2117, 2056, 2043, 1838, 1940, 1988, 1859, 2179, 1968] []
495 146 162 1.71 [2138, 2011] [147, 147]
496 290 353 4.75 [10329, 11109, 11852, 11927, 10255] [290, 291, 291, 291, 291]
497 329 224 4.07 [2252, 2388, 2358] [329, 329, 329]
498 360 352 3.53 [9761] [361]
499 233 160 3.91 [4596, 4245, 4498, 4357, 4273, 4301] [233, 233, 232, 232, 234, 234]
