0 14
1 14
2 22
3 16
4 18
5 16
6 26
7 14
8 34
9 30
10 30
11 20
12 30
13 20
14 12
15 24
16 30
17 12
18 12
19 12
20 34
21 30
22 22
23 28
24 24
25 28
26 34
27 36
28 38
29 18
30 22
31 14
32 36
33 36
34 24
35 18
36 14
37 26
38 10
39 12
40 12
41 14
42 16
43 30
44 20
45 12
46 34
47 28
48 14
49 20
50 52
51 48
52 32
53 20
54 8
55 20
56 12
57 26
58 8
59 12
60 44
61 46
62 10
63 44
64 60
65 18
66 24
67 14
68 32
69 18
70 32
71 14
72 8
73 28
74 40
75 26
76 18
77 16
78 38
79 40
80 44
81 34
82 44
83 46
84 34
85 46
86 18
87 34
88 16
89 10
90 12
91 40
92 30
93 58
94 48
95 36
96 14
97 24
98 24
99 14
100 26
101 28
102 36
103 12
104 18
105 10
106 24
107 12
108 20
109 48
110 30
111 32
112 56
113 30
114 34
115 18
116 26
117 34
118 48
119 36
120 20
121 24
122 24
123 26
124 44
125 12
126 34
127 32
128 22
129 34
130 60
131 12
132 48
133 12
134 54
135 36
136 28
137 36
138 48
139 28
140 28
141 40
142 30
143 12
144 30
145 20
146 54
147 38
148 46
149 16
150 16
151 54
152 32
153 38
154 46
155 12
156 28
157 36
158 48
159 38
160 36
161 12
162 42
163 12
164 40
165 16
166 22
167 24
168 36
169 50
170 44
171 28
172 40
173 52
174 28
175 48
176 40
177 36
178 50
179 34
180 24
181 34
182 20
183 12
184 46
185 44
186 20
187 26
188 36
189 54
190 46
191 12
192 42
193 46
194 48
195 20
196 30
197 30
198 44
199 54
200 34
201 18
202 32
203 42
204 44
205 50
206 34
207 12
208 58
209 38
210 12
211 24
212 16
213 52
214 64
215 30
216 18
217 44
218 56
219 48
220 24
221 16
222 52
223 12
224 60
225 28
226 14
227 16
228 14
229 36
230 50
231 54
232 40
233 26
234 32
235 36
236 24
237 54
238 44
239 22
240 56
241 58
242 62
243 12
244 40
245 46
246 12
247 12
248 46
249 34
250 12
251 38
252 42
253 48
254 22
255 30
256 50
257 54
258 20
259 12
260 12
261 32
262 34
263 38
264 36
265 48
266 46
267 46
268 38
269 24
270 34
271 18
272 6
273 12
274 24
275 46
276 40
277 62
278 36
279 24
280 16
281 42
282 12
283 36
284 52
285 12
286 46
287 44
288 40
289 42
290 48
291 12
292 18
293 52
294 38
295 12
296 18
297 44
298 48
299 44
300 46
301 36
302 36
303 30
304 26
305 56
306 52
307 24
308 64
309 52
310 12
311 30
312 30
313 24
314 24
315 46
316 50
317 16
318 44
319 38
320 52
321 32
322 24
323 24
324 16
325 52
326 18
327 18
328 12
329 36
330 62
331 40
332 44
333 50
334 34
335 62
336 30
337 30
338 62
339 18
340 8
341 28
342 34
343 38
344 10
345 54
346 12
347 40
348 18
349 48
350 18
351 36
352 22
353 36
354 10
355 20
356 48
357 10
358 18
359 32
360 28
361 14
362 34
363 42
364 24
365 52
366 36
367 12
368 42
369 48
370 12
371 42
372 48
373 18
374 14
375 12
376 60
377 22
378 46
379 42
380 52
381 28
382 32
383 24
384 32
385 28
386 56
387 12
388 34
389 46
390 32
391 30
392 56
393 12
394 42
395 38
396 38
397 30
398 50
399 50
400 42
401 14
402 20
403 54
404 56
405 54
406 62
407 38
408 28
409 48
410 46
411 32
412 56
413 16
414 46
415 12
416 18
417 24
418 24
419 48
420 36
421 14
422 22
423 32
424 58
425 22
426 18
427 30
428 24
429 52
430 18
431 44
432 46
433 32
434 12
435 12
436 46
437 24
438 50
439 18
440 12
441 42
442 18
443 16
444 48
445 34
446 58
447 42
448 50
449 26
450 14
451 40
452 30
453 38
454 12
455 36
456 18
457 52
458 12
459 42
460 24
461 8
462 42
463 54
464 56
465 22
466 16
467 34
468 24
469 24
470 30
471 24
472 18
473 12
474 44
475 46
476 36
477 10
478 30
479 46
480 56
481 24
482 58
483 56
484 58
485 48
486 46
487 24
488 36
489 30
490 60
491 48
492 14
493 60
494 58
495 22
496 62
497 40
498 58
499 36
