0 6
1 6
2 6
3 6
4 6
5 6
6 6
7 6
8 6
9 6
10 6
11 6
12 6
13 6
14 6
15 6
16 6
17 6
18 6
19 6
20 6
21 8
22 6
23 6
24 6
25 6
26 6
27 6
28 6
29 6
30 6
31 6
32 6
33 6
34 6
35 6
36 6
37 6
38 6
39 6
40 6
41 6
42 6
43 6
44 8
45 6
46 6
47 6
48 6
49 6
50 14
51 6
52 14
53 6
54 6
55 6
56 6
57 6
58 6
59 6
60 6
61 6
62 6
63 6
64 6
65 6
66 6
67 6
68 8
69 6
70 6
71 6
72 6
73 6
74 10
75 6
76 6
77 6
78 6
79 6
80 6
81 8
82 6
83 6
84 14
85 6
86 10
87 8
88 8
89 6
90 6
91 6
92 6
93 12
94 14
95 6
96 10
97 6
98 6
99 6
100 6
101 6
102 6
103 6
104 6
105 6
106 6
107 10
108 6
109 6
110 6
111 8
112 6
113 6
114 12
115 6
116 6
117 8
118 10
119 6
120 6
121 6
122 10
123 6
124 12
125 6
126 10
127 10
128 6
129 6
130 6
131 6
132 10
133 6
134 6
135 10
136 6
137 8
138 18
139 6
140 6
141 8
142 6
143 6
144 6
145 10
146 12
147 12
148 10
149 6
150 6
151 10
152 10
153 6
154 12
155 8
156 6
157 6
158 8
159 10
160 6
161 6
162 6
163 6
164 6
165 10
166 6
167 10
168 10
169 8
170 16
171 14
172 12
173 6
174 20
175 8
176 10
177 18
178 10
179 8
180 6
181 10
182 10
183 6
184 6
185 12
186 6
187 12
188 12
189 14
190 14
191 10
192 12
193 14
194 10
195 10
196 10
197 12
198 20
199 12
200 10
201 6
202 12
203 20
204 10
205 24
206 12
207 10
208 14
209 12
210 12
211 14
212 12
213 8
214 14
215 12
216 12
217 10
218 14
219 10
220 10
221 12
222 18
223 12
224 16
225 12
226 14
227 14
228 12
229 12
230 10
231 14
232 12
233 12
234 12
235 12
236 12
237 14
238 12
239 16
240 18
241 20
242 14
243 12
244 22
245 14
246 12
247 12
248 12
249 12
250 12
251 14
252 12
253 12
254 12
255 18
256 14
257 12
258 12
259 12
260 12
261 12
262 12
263 12
264 12
265 12
266 14
267 12
268 12
269 12
270 12
271 12
272 12
273 12
274 14
275 12
276 12
277 14
278 12
279 12
280 12
281 14
282 12
283 16
284 12
285 12
286 14
287 12
288 14
289 14
290 14
291 12
292 14
293 12
294 14
295 12
296 12
297 12
298 14
299 12
300 16
301 16
302 12
303 14
304 12
305 16
306 16
307 12
308 14
309 12
310 12
311 16
312 12
313 16
314 14
315 20
316 12
317 12
318 12
319 14
320 20
321 12
322 18
323 12
324 12
325 16
326 14
327 12
328 12
329 22
330 12
331 12
332 12
333 14
334 14
335 12
336 14
337 12
338 12
339 12
340 12
341 12
342 12
343 14
344 12
345 16
346 12
347 12
348 12
349 12
350 12
351 14
352 12
353 12
354 12
355 12
356 12
357 12
358 12
359 12
360 14
361 12
362 14
363 12
364 14
365 16
366 14
367 12
368 14
369 16
370 12
371 12
372 16
373 12
374 12
375 12
376 12
377 12
378 14
379 12
380 18
381 16
382 12
383 20
384 12
385 12
386 12
387 12
388 12
389 12
390 14
391 14
392 14
393 12
394 12
395 16
396 18
397 12
398 12
399 12
400 14
401 12
402 12
403 16
404 14
405 14
406 12
407 16
408 12
409 16
410 14
411 12
412 12
413 12
414 14
415 12
416 12
417 12
418 14
419 20
420 12
421 12
422 14
423 12
424 12
425 12
426 12
427 16
428 12
429 12
430 12
431 14
432 16
433 12
434 12
435 12
436 12
437 12
438 16
439 12
440 12
441 20
442 12
443 12
444 12
445 12
446 12
447 14
448 12
449 12
450 12
451 12
452 12
453 16
454 14
455 12
456 16
457 18
458 12
459 12
460 14
461 12
462 12
463 12
464 14
465 14
466 14
467 12
468 12
469 12
470 12
471 14
472 16
473 12
474 12
475 12
476 14
477 12
478 14
479 18
480 18
481 12
482 14
483 12
484 12
485 12
486 12
487 12
488 12
489 12
490 12
491 12
492 12
493 14
494 12
495 16
496 12
497 12
498 12
499 14
