0 6
1 6
2 14
3 10
4 12
5 10
6 14
7 6
8 22
9 14
10 18
11 12
12 20
13 10
14 6
15 12
16 16
17 6
18 6
19 6
20 22
21 16
22 12
23 14
24 14
25 16
26 18
27 20
28 14
29 8
30 12
31 6
32 20
33 20
34 12
35 10
36 8
37 16
38 6
39 6
40 6
41 6
42 10
43 20
44 12
45 6
46 18
47 18
48 6
49 10
50 22
51 20
52 12
53 8
54 6
55 12
56 6
57 12
58 6
59 6
60 20
61 20
62 6
63 22
64 22
65 10
66 10
67 6
68 16
69 10
70 16
71 6
72 6
73 14
74 16
75 14
76 8
77 6
78 16
79 18
80 20
81 16
82 22
83 16
84 18
85 16
86 8
87 12
88 6
89 6
90 6
91 18
92 14
93 22
94 18
95 18
96 6
97 12
98 14
99 6
100 10
101 12
102 12
103 6
104 8
105 6
106 8
107 6
108 8
109 22
110 14
111 14
112 22
113 10
114 12
115 8
116 10
117 14
118 22
119 14
120 8
121 8
122 8
123 10
124 20
125 6
126 14
127 16
128 10
129 16
130 22
131 6
132 20
133 6
134 22
135 14
136 12
137 12
138 22
139 14
140 10
141 16
142 10
143 6
144 10
145 8
146 22
147 22
148 20
149 6
150 6
151 22
152 12
153 16
154 16
155 6
156 14
157 14
158 20
159 14
160 22
161 6
162 14
163 6
164 16
165 8
166 8
167 8
168 18
169 22
170 26
171 10
172 18
173 20
174 14
175 20
176 18
177 18
178 20
179 16
180 8
181 12
182 8
183 6
184 22
185 18
186 8
187 10
188 14
189 20
190 22
191 6
192 14
193 32
194 20
195 8
196 10
197 10
198 22
199 18
200 16
201 6
202 12
203 18
204 16
205 18
206 14
207 6
208 24
209 20
210 6
211 8
212 8
213 18
214 22
215 10
216 6
217 18
218 22
219 18
220 10
221 6
222 18
223 6
224 22
225 12
226 6
227 8
228 8
229 14
230 18
231 22
232 18
233 10
234 12
235 14
236 8
237 22
238 16
239 8
240 24
241 22
242 22
243 6
244 14
245 20
246 6
247 6
248 20
249 16
250 6
251 22
252 14
253 18
254 8
255 12
256 18
257 26
258 8
259 6
260 6
261 12
262 12
263 14
264 14
265 16
266 18
267 18
268 16
269 8
270 12
271 6
272 6
273 6
274 8
275 20
276 16
277 22
278 14
279 10
280 6
281 14
282 6
283 12
284 28
285 6
286 20
287 20
288 18
289 24
290 20
291 6
292 6
293 30
294 14
295 10
296 6
297 28
298 20
299 18
300 20
301 14
302 12
303 10
304 14
305 30
306 24
307 8
308 22
309 18
310 6
311 12
312 16
313 8
314 12
315 18
316 28
317 6
318 26
319 26
320 28
321 12
322 18
323 8
324 6
325 26
326 8
327 8
328 8
329 14
330 32
331 14
332 20
333 32
334 12
335 26
336 12
337 12
338 28
339 12
340 8
341 12
342 14
343 20
344 6
345 24
346 10
347 18
348 8
349 20
350 8
351 12
352 14
353 24
354 10
355 14
356 24
357 8
358 10
359 20
360 18
361 10
362 14
363 26
364 10
365 22
366 22
367 6
368 22
369 30
370 10
371 24
372 28
373 8
374 10
375 6
376 28
377 10
378 28
379 34
380 34
381 12
382 16
383 14
384 26
385 14
386 30
387 10
388 20
389 28
390 26
391 16
392 34
393 10
394 26
395 28
396 22
397 18
398 22
399 30
400 30
401 8
402 12
403 34
404 32
405 32
406 30
407 28
408 14
409 22
410 26
411 22
412 38
413 14
414 26
415 12
416 14
417 16
418 22
419 32
420 22
421 12
422 20
423 22
424 30
425 16
426 12
427 18
428 16
429 32
430 16
431 30
432 32
433 22
434 8
435 12
436 36
437 20
438 30
439 12
440 12
441 40
442 18
443 18
444 34
445 14
446 48
447 46
448 34
449 18
450 14
451 36
452 18
453 30
454 14
455 32
456 18
457 34
458 10
459 26
460 26
461 10
462 26
463 26
464 52
465 22
466 12
467 30
468 18
469 24
470 22
471 18
472 14
473 12
474 46
475 32
476 30
477 6
478 22
479 42
480 46
481 22
482 46
483 50
484 60
485 36
486 34
487 20
488 18
489 20
490 60
491 44
492 16
493 42
494 46
495 20
496 52
497 26
498 62
499 30
