0
0
0
0
0
0
0
0
0
0
0
0
0
0
0
0
0
0
0
0
0
0
0
0
0
0
0
0
0
0
0
0
0
0
0
0
8.767519879500397e-05
8.767519879500397e-05
8.767519879500397e-05
8.767519879500397e-05
8.767519879500397e-05
8.767519879500397e-05
8.767519879500397e-05
8.767519879500397e-05
8.767519879500397e-05
8.767519879500397e-05
8.767519879500397e-05
8.767519879500397e-05
8.767519879500397e-05
8.767519879500397e-05
8.767519879500397e-05
8.767519879500397e-05
8.767519879500397e-05
8.767519879500397e-05
8.767519879500397e-05
8.767519879500397e-05
8.767519879500397e-05
0.000181081845863594
0.000181081845863594
0.000181081845863594
0.000181081845863594
0.000181081845863594
0.00023471299849927508
0.00023471299849927508
0.00023471299849927508
0.0003130961960903547
0.00031333618169121865
0.00041407959707435337
0.00041407959707435337
0.00041407959707435337
0.00041407959707435337
0.00041407959707435337
0.00041407959707435337
0.00041407959707435337
0.00041407959707435337
0.00041407959707435337
0.000512998582317688
0.000512998582317688
0.000512998582317688
0.000989237704163318
0.002080947062465779
0.002080947062465779
0.002080947062465779
0.002277000955945412
0.002277000955945412
0.002277000955945412
0.002277000955945412
0.002277000955945412
0.002277000955945412
0.0030182335623332823
0.0034780528634076892
0.0034780528634076892
0.0034780528634076892
0.0037656929098785455
0.0037656929098785455
0.00436038310775177
0.004498463859198263
0.004498463859198263
0.004498463859198263
0.004498463859198263
0.004498463859198263
0.004498463859198263
0.004498463859198263
0.004951980869808447
0.004951980869808447
0.005033486761534305
0.005033486761534305
0.005328504395298731
0.005328504395298731
0.006073563625822525
0.006454137864059587
0.006454137864059587
0.006454137864059587
0.006953602911032816
0.006953602911032816
0.006953602911032816
0.007024365025826243
0.007024365025826243
0.007024365025826243
0.007024365025826243
0.007024365025826243
0.007024365025826243
0.007422566226495477
0.007422566226495477
0.007586531830497142
0.008399571252282715
0.008399571252282715
0.008399571252282715
0.008572230705125571
0.008756070391804654
0.008756070391804654
0.008978812172069804
0.008978812172069804
0.009233904613585534
0.009233904613585534
0.009233904613585534
0.009398025390004519
0.009484743991886362
0.009558980185465775
0.009558980185465775
0.009903938638769347
0.009903938638769347
0.009903938638769347
0.009903938638769347
0.010199090909692336
0.010199090909692336
0.010361834775625826
0.010773464817130603
0.010773464817130603
0.011231075816342665
0.011488290911091275
0.0116170694949888
0.011693692602672024
0.01195612640544438
0.01195612640544438
0.01195612640544438
0.01208854520197328
0.01208854520197328
0.012182365663886807
0.012716214244901054
0.012925393949001707
0.012925393949001707
0.013069081306653641
0.013252108519716541
0.013441078321504518
0.013441078321504518
0.013467778893659636
0.013557917266434969
0.013557917266434969
0.013557917266434969
0.013557917266434969
0.014082602393772884
0.014409655118952704
0.014409655118952704
0.014602986487527687
0.014602986487527687
0.01472396470300794
0.015591070559273456
0.01567618851391816
0.01567618851391816
0.016063130644818725
0.016099634444820706
0.016099634444820706
0.016099634444820706
0.016268387374627456
0.016536541628310895
0.016536541628310895
0.017181857718206198
0.017910805109809493
0.018061077503868473
0.018262093902966216
0.018262093902966216
0.0184004392574814
0.018947341838564058
0.01980558707680337
0.01980558707680337
0.01980558707680337
0.01980558707680337
0.01980558707680337
0.02005697906118731
0.02005697906118731
0.02005697906118731
0.02005697906118731
0.020338190844762745
0.020338190844762745
0.02043825057086248
0.020801664227942662
0.02084850911601896
0.021121897238404706
0.021121897238404706
0.021302260485859873
0.021758429969782694
0.021758429969782694
0.021977290639411923
0.021977290639411923
0.022038702968099087
0.022647604489056405
0.022969996385306897
0.023087192188735305
0.0234932472865678
0.024134653952961934
0.024134653952961934
0.024826497344645676
0.025065209064255554
0.025065209064255554
0.025209619481613984
0.025840680347654212
0.026090573012519193
0.026359347406493736
0.02662973799415521
0.026867050682877494
0.026867050682877494
0.026867050682877494
0.026867050682877494
0.027244372104670643
0.027244372104670643
0.027345949072755015
0.027494657307644756
0.029232905152107705
0.029289287240505814
0.029795068222623688
0.03068638853896531
0.03149513019764956
0.03149513019764956
0.03149513019764956
0.03149513019764956
0.03149513019764956
0.03198079257131536
0.03216290256916271
0.0324533869042681
0.0324533869042681
0.0324533869042681
0.033103084606036774
0.03398136925931203
0.034383639538411906
0.034906174359404935
0.034906174359404935
0.0352838015155648
0.035743590812334976
0.036519683915041026
0.036519683915041026
0.03678543492782414
0.03702334894458247
0.03744996865803771
0.03753709911331693
0.037639109501459246
0.03810759555306295
0.038233465013404355
0.038463871581159124
0.03917381134303093
0.04100292430131886
0.04193542193972449
0.042582594409852986
0.04320325540589737
0.04320325540589737
0.04320325540589737
0.04320325540589737
0.043600866514077186
0.044056175943343906
0.04458974294799428
0.04458974294799428
0.04477969556141636
0.044961414435914435
0.04530835594927953
0.0456647312738025
0.0456647312738025
0.04607892508568841
0.04631792891772004
0.046794381507263005
0.04764162671466444
0.047985768722937944
0.04877287547384176
0.04877287547384176
0.049371946045019155
0.049487401145220884
0.050246840580392305
0.050304683367424774
0.050304683367424774
0.05059255622739344
0.050596951392711594
0.050931206158151304
0.050931206158151304
0.053166829036749144
0.05327880887717486
0.053682535034080395
0.05382153227456915
0.05441297682124877
0.05441297682124877
0.05483806521190278
0.05483806521190278
0.05577231973148263
0.056513798586003236
0.0565764335837481
0.0565764335837481
0.056944100794819236
0.05717708155137282
0.058038429210966934
0.05832536075596414
0.05876293432057583
0.05915608352798698
0.05915608352798698
0.05972313277118916
0.060670945425761645
0.06076663448347431
0.06076663448347431
0.06157823596384423
0.062292935008403584
0.06268611266284982
0.06283708284434625
0.06283708284434625
0.0629394695020798
0.0629394695020798
0.063544724644316
0.06388873926408012
0.06419998808502587
0.0642066968143606
0.06493616903498738
0.06500293320303505
0.06570240501617051
0.06666974863629387
0.06892370625662268
0.06940079531442624
0.07017355654998175
0.07092098383326285
0.07141124407145526
0.07168296271761544
0.07188441957650406
0.07188441957650406
0.07223952413475578
0.07223952413475578
0.07246164210915443
0.07246164210915443
0.07246164210915443
0.07254771287020474
0.07254771287020474
0.0730544982503455
0.07392126129158816
0.07424619981857564
0.07424619981857564
0.0744920368059046
0.07502969133756872
0.0752028714628978
0.07599877623787561
0.07608410074926358
0.07649388392485264
0.07703886980818822
0.0773041016450084
0.07808324310033034
0.07925100154059078
0.07974606889014767
0.08010782642753607
0.08049216487879804
0.08113276033110525
0.08174849562915937
0.08180594497927635
0.08191084542421583
0.08207181593087173
0.08223086730304746
0.08245133382921056
0.08263578247458163
0.08379448663886876
0.08614652477997238
0.08648828287033129
0.08684521665060986
0.08684521665060986
0.08703121138532822
0.08802987423855091
0.08812620729715201
0.08906859214277713
0.08934668510882984
0.09023346706453442
0.09085263159351287
0.09085263159351287
0.09103930521796998
0.09103930521796998
0.09103930521796998
0.09167233737803449
0.09186172248148368
0.09238278592062825
0.09261250921625044
0.094298262850699
0.09445654871873753
0.09495487811596459
0.09555077075547651
0.09555077075547651
0.09612174180125205
0.09616822550644126
0.09726009047983827
0.09835026836143937
0.09835026836143937
0.09858337038659239
0.10076199010291192
0.10122667892823717
0.10207417671015653
0.10250821581495452
0.10392406012123215
0.1042400305668557
0.10469271717088315
0.10491370374416546
0.10523225435334294
0.10640804616177053
0.10693587791800332
0.10735827235472356
0.10767441819650275
0.10792237766921241
0.10826964757402861
0.10826964757402861
0.10841524159216975
0.10854032429544251
0.1088707930045249
0.1088707930045249
0.10929988750027442
0.10990335378036224
0.11007169357356109
0.11018332379164832
0.11156964222741465
0.11195224241702555
0.11239035179194583
0.11243510243325518
0.1127124806944021
0.11311058928991378
0.11311058928991378
0.11399498772343149
0.11418624112695805
0.11449568531225843
0.11505071621614807
0.11505071621614807
0.11539161841296969
0.11575982193271711
0.11575982193271711
0.11637758721819247
0.11666093392292033
0.11677750451486693
0.11814731244131799
0.11850648038921541
0.11980729133071275
0.1199412067686611
0.1199412067686611
0.12027503652214275
0.12073572989987798
0.12073572989987798
0.12073572989987798
0.12089436718704105
0.12131761039625882
0.12165856855009961
0.12296333777918311
0.12429646802558227
0.1250879219561885
0.1252119166957851
0.12550468560315345
0.12568192364324277
0.12568192364324277
0.12672201331897748
0.12695159174335616
0.12749000143737108
0.12766028168672794
0.12766028168672794
0.1279518632027067
0.12808686969233193
0.12846929477857977
0.12873772732718844
0.12931138336682454
0.1295574211171975
0.1295574211171975
0.1295574211171975
0.129628645359171
0.12974221340980863
0.129974063307746
0.129974063307746
0.13059974734377608
0.13059974734377608
0.13059974734377608
0.13095554982060184
0.13119351495787054
0.1319861873708283
0.1319861873708283
0.13252505084617608
0.13314518804131817
0.1337703733455468
0.13420600983373102
