0
0
0
0
0
0
0
0
0
0
0
0
0
0
0
0
0
0
0
0
0
0
7.346482472251058e-06
7.346482472251058e-06
7.346482472251058e-06
7.346482472251058e-06
7.346482472251058e-06
7.346482472251058e-06
7.346482472251058e-06
7.346482472251058e-06
7.346482472251058e-06
6.855529748692306e-05
6.855529748692306e-05
6.855529748692306e-05
6.855529748692306e-05
6.855529748692306e-05
6.855529748692306e-05
9.565050815019951e-05
9.565050815019951e-05
0.0003275239579612359
0.0003275239579612359
0.0005680757786777171
0.0005680757786777171
0.0005680757786777171
0.0005680757786777171
0.0007010402429536389
0.0007010402429536389
0.0007010402429536389
0.0007547492631882459
0.0007547492631882459
0.0009322340781856925
0.0009322340781856925
0.0009322340781856925
0.001398988044083101
0.0014582566443353078
0.001591392767610928
0.001591392767610928
0.0018949102122881782
0.002281012732234355
0.00239021819042918
0.00239021819042918
0.0024501854881577513
0.0024501854881577513
0.0025792788891649014
0.0025792788891649014
0.0025792788891649014
0.0025792788891649014
0.0025792788891649014
0.0025792788891649014
0.0025792788891649014
0.0026606757037358837
0.002701847516879193
0.002701847516879193
0.002795289611524016
0.002795289611524016
0.002795289611524016
0.002795289611524016
0.002795289611524016
0.002795289611524016
0.002795289611524016
0.0070488594428732695
0.007748006854922421
0.00794954493211283
0.008250801204903799
0.008250801204903799
0.008250801204903799
0.008596923761512375
0.008596923761512375
0.009159724831987844
0.009164359455824193
0.00962307029270877
0.00962307029270877
0.00962307029270877
0.009718094135288624
0.00983746236843698
0.01195697132573591
0.01195697132573591
0.011981895053959945
0.012119325286293517
0.012515083700883452
0.012515083700883452
0.012581699184222483
0.012581699184222483
0.012581699184222483
0.012581699184222483
0.01281676422606745
0.012822436171904362
0.012822436171904362
0.013552876462889928
0.013664012870932732
0.013664012870932732
0.013664012870932732
0.01390990681743672
0.014852190548436695
0.014852190548436695
0.014897784846183672
0.014983049476369194
0.014983049476369194
0.015174143278804657
0.015273402533180987
0.015273402533180987
0.015430702201234872
0.015430702201234872
0.015430702201234872
0.015556033211705891
0.015854456897368675
0.016140908972127763
0.016420726915778807
0.0164975904546177
0.016630236145962686
0.016630236145962686
0.016676924753507582
0.016731490114564165
0.016731490114564165
0.01712622584868824
0.01712622584868824
0.017316366783289364
0.017485258586909334
0.017788535675461743
0.017852820100021975
0.017852820100021975
0.017852820100021975
0.01804099275923376
0.01826653431218112
0.018826455932456142
0.018979185045334142
0.018979185045334142
0.019182039163542722
0.019182039163542722
0.019537780709845003
0.02021741200933076
0.02021741200933076
0.020490115198633745
0.020553794686872576
0.020553794686872576
0.020553794686872576
0.020553794686872576
0.021138777218712487
0.021229183666338265
0.021407199507654733
0.021516970441725975
0.022669771331434656
0.02280951832328094
0.02297650595524827
0.02297650595524827
0.02384625943674544
0.02384625943674544
0.02414753285456932
0.02454037770464622
0.02454037770464622
0.02454037770464622
0.02454037770464622
0.02477387507054817
0.02477387507054817
0.025047545343378254
0.02523403126501339
0.025358198566428822
0.02633005703558073
0.026649656733972345
0.02696035884978546
0.027087521586598225
0.02750628800031563
0.028216009539840634
0.02840695732725743
0.02853112606000435
0.02887756716962212
0.029174948185923706
0.02941272972438758
0.031793897431694126
0.03195162344446329
0.03223043977526483
0.03318073158199929
0.03318073158199929
0.03370993325613085
0.03444805934829102
0.034866808996180845
0.03509280515190924
0.03534017831312209
0.03540739852965044
0.035823618798389564
0.03601344093015754
0.036211233965501605
0.0370211449657638
0.037380859024378946
0.037770848919752464
0.037770848919752464
0.038251944960796154
0.038559493691761995
0.039274679884282154
0.039274679884282154
0.039564373274665485
0.039761350293195837
0.040773243247059894
0.04103236715701632
0.0432180659450233
0.0432180659450233
0.043730412718213325
0.04393689861122851
0.04408308675521102
0.04437900958215092
0.04499718900450704
0.04612142368735846
0.04612142368735846
0.04658345107542987
0.046645351495283954
0.04679747643710213
0.047336170144938364
0.04862431285933535
0.04946019874801265
0.049691678656881774
0.049933466478280564
0.05215058756687437
0.052486666609091466
0.05292109424901379
0.05340329215424086
0.05340329215424086
0.05346402571904608
0.0535845837982843
0.05461442396482057
0.05461442396482057
0.055086240814941824
0.05596717446485437
0.056495735415379514
0.056495735415379514
0.05704583385461111
0.060411103351810665
0.060411103351810665
0.06053033224988853
0.06053033224988853
0.06081501175321961
0.06102420423493628
0.06102420423493628
0.06120176721594544
0.06180784705260064
0.061938214957872044
0.06268939274023487
0.06268939274023487
0.06303389655283852
0.063607468711837
0.0640273010670182
0.0640273010670182
0.06430583752459089
0.06468047246302802
0.0647580602666793
0.0647580602666793
0.06485093998573803
0.06537912716314877
0.06537912716314877
0.0654946117142422
0.06619369373903505
0.06782737944898971
0.06867572149456823
0.06912771877392569
0.0695592751213066
0.07156342693834046
0.07209123791011374
0.07236914439755657
0.07296557448715628
0.0733733425853719
0.07391316905673023
0.07539258715937656
0.07585624406590792
0.0760897172923398
0.07641559690133043
0.07669312449933245
0.07669312449933245
0.07721051643729573
0.07773031792575924
0.07773031792575924
0.07848708278042316
0.07848708278042316
0.07935944304790869
0.08051834078595452
0.08116993778581233
0.08126834186083204
0.08204566210679416
0.08208644754874887
0.08329626377311183
0.08358088917488889
0.08413727264882352
0.08474510899392623
0.08508130647126595
0.08811661813687552
0.08819329667827559
0.08848859598802118
0.08862789196579324
0.08862789196579324
0.08862789196579324
0.08862789196579324
0.08873771175319489
0.08950772899460566
0.09012114001866493
0.09020846048073088
0.09085696622670908
0.09129088235610486
0.09170655260177132
0.09237691036391493
0.09269920707991766
0.09320796256340626
0.09355062249132307
0.09360098222929801
0.09367879291290086
0.094459138180203
0.09451406990283853
0.09451406990283853
0.0951459139223073
0.09588087532854246
0.09607399785877001
0.09640653673133319
0.09640653673133319
0.09654045770867796
0.09671594061466832
0.09711750284988335
0.0976360334760667
0.09796992004196843
0.09796992004196843
0.09849727447615308
0.09849727447615308
0.09884611923201878
0.09884611923201878
0.09922671125187345
0.09942967381959611
0.09997304780601125
0.10043271660610324
0.1007717932745456
0.10098286890133766
0.10116900981178267
0.10170666313358677
0.1022682832940728
0.1022682832940728
0.10238900771177935
0.10267251565356479
0.10280969488937408
0.10288268037199283
0.10672585637782567
0.10746912227767771
0.1084274446653288
0.10864087638303167
0.10864087638303167
0.1089764463918839
0.10949064081281337
0.10972207192518217
0.11051001585497558
0.1105859116161694
0.11098160518807756
0.11098160518807756
0.11130367945370703
0.11186029684620782
0.11294082039481046
0.11294082039481046
0.1133326140824736
0.1133326140824736
0.11390878624761652
0.11390878624761652
0.11400355875601446
0.11410043261770465
0.11433424917243955
0.11433424917243955
0.11458914690798759
0.11491291242786751
0.11586015780546016
0.11777129540726171
0.11819457903645714
0.11845331835568014
0.11932602778949673
0.11954308176758224
0.12036624114720482
0.12052610344820353
0.12138090745522875
0.12165136027541046
0.12234528671144691
0.12283764394695128
0.12303430681730129
0.12318888880561846
0.1237081319877245
0.1237081319877245
0.1237081319877245
0.1239362195653126
0.12424261895844749
0.12462856687932658
0.12462856687932658
0.12475939749383015
0.12519052947430212
0.1257063054486914
0.12660128627283307
0.12699439026632786
0.12704567985323384
0.12804612531073983
0.12900165000747552
0.12973499436248914
0.12973499436248914
0.1317788358286896
0.13224338585484002
0.13311257425433728
0.13346206614989747
0.13515629573797996
0.13549346568498122
0.13595192906322065
0.13614095208360255
0.13651114512378504
0.13757197364272583
0.13810629444090347
0.13850812554098121
0.13862597139391922
0.13893210362969893
0.13929700126688008
0.14084909734150164
0.14096995176746488
0.14114717220612352
0.14167750223023023
0.1417626731137514
0.14216540407443873
0.14281232009813785
0.1428902884292792
0.1430122878834897
0.1430122878834897
0.14339216438276908
0.14339216438276908
0.14344364365645187
0.14391427784541677
0.14432281229566074
0.14432281229566074
0.14432281229566074
0.14453351227859887
0.14490292109029598
0.1453624132144443
0.1469873198257511
0.14732140416814152
0.14791398938227648
0.14833169219097506
0.14862369184290466
0.14890840266513936
0.14908556542272136
0.1508302943594256
0.15122826190594074
0.15161291760864798
0.15174335007873446
0.1520720619429741
0.1523909490847767
0.15262684663605125
0.15328129372758545
0.15367211945384868
0.15367211945384868
0.15416027654983708
0.15416027654983708
0.15543502274430354
0.1566821040488676
0.15733053501647654
0.15747050185090597
0.15778266480166406
0.15778266480166406
0.1580397468643438
0.15899396365567114
0.15899396365567114
0.1595903965143877
0.1595903965143877
0.16195353632969517
0.16225437120405056
0.162413012716464
0.16261665190256916
0.16274919525494147
0.163277417856248
0.16360824809795835
0.1639292204028685
0.16433802585628376
0.16447397572665745
0.1645430793340761
0.1647698918690234
0.16695410284593554
0.16794381701471384
0.1681367719039823
0.1681367719039823
0.1681367719039823
0.1683799111288811
0.16926729775019683
0.16952288211567884
0.16995706057986845
0.17042299239699885
0.17042299239699885
0.17093825110070326
