0 182 330 2.91 [2691, 2652] [125, 126]
1 161 332 2.23 [2056, 2057] [128, 127]
2 145 371 1.63 [3498, 3524, 3502, 3471, 3521, 3479] [129, 130, 131, 134, 133, 132]
3 130 373 1.62 [3209, 3223, 3215, 3213] [138, 136, 137, 135]
4 137 343 1.86 [5885, 5956, 5878, 6000, 5863] [139, 140, 141, 142, 143]
5 142 340 1.66 [11895, 11880, 12133, 12083] [144, 147, 146, 145]
6 164 349 3.09 [2737, 2746, 2726, 2705, 2739, 2714] [148, 149, 150, 153, 152, 151]
7 160 366 2.22 [2379, 2344] [154, 155]
8 174 365 1.35 [2942, 2979, 2953, 2972, 2952, 3006, 3003, 2945, 2947, 3000] [165, 157, 158, 159, 160, 161, 162, 163, 164, 156]
9 181 348 2.96 [2040, 2043, 2025, 2029, 2032, 2045] [166, 167, 171, 169, 170, 168]
10 173 317 1.5 [10487, 10427, 10336, 10354, 10492, 10539, 10362, 10358] [172, 173, 179, 175, 176, 177, 178, 174]
11 146 343 3.87 [5188, 5103, 5205, 5101, 5124] [180, 184, 182, 183, 181]
12 139 312 3.78 [2390, 2342, 2392, 2353, 2388, 2391, 2360, 2351, 2340] [185, 186, 187, 188, 189, 190, 191, 192, 193]
13 149 323 1.6 [2509, 2522, 2511, 2539] [197, 195, 196, 194]
14 149 328 2.35 [5190] [198]
15 137 350 3.55 [3224, 3237, 3259, 3232, 3219] [199, 200, 201, 202, 203]
16 168 323 1.19 [2028, 2048, 2024, 2029, 2053, 2033, 2051] [204, 205, 210, 207, 208, 209, 206]
17 131 319 1.64 [4459] [211]
18 171 319 3.91 [4127] [212]
19 142 348 3.9 [4702] [213]
20 138 337 2.22 [4810, 4874, 4908, 4846, 4900, 4836, 4856, 4806, 4902, 4882] [214, 215, 216, 217, 218, 219, 220, 223, 222, 221]
21 133 359 2.69 [16242, 16134, 16477, 16464, 16329, 16168, 16383] [224, 230, 226, 227, 228, 229, 225]
22 180 373 3.33 [2870, 2903, 2861, 2865, 2852] [231, 232, 233, 234, 235]
23 164 317 3.94 [2954, 3012, 2961, 2989, 2971, 2994] [241, 237, 238, 239, 240, 236]
24 134 348 1.03 [7852, 7887, 7810, 7784, 7826, 7868] [242, 243, 244, 247, 246, 245]
25 158 368 2.18 [2638, 2627, 2648, 2654, 2610, 2625, 2632] [248, 249, 250, 251, 254, 253, 252]
26 166 348 3.32 [4863, 4873, 4923, 4845, 4887, 4913, 4943, 4859] [255, 256, 257, 262, 259, 260, 261, 258]
27 156 327 3.72 [2986, 3024, 3033, 3029, 3032, 3028, 3041, 3017, 3034] [271, 264, 265, 266, 267, 268, 269, 270, 263]
28 132 345 2.59 [5186, 5160, 5205, 5201, 5229, 5173] [272, 277, 274, 275, 276, 273]
29 177 371 3.82 [4959, 4978, 5058] [280, 279, 278]
30 126 320 1.52 [14012, 14209, 14168, 14041, 13954] [281, 282, 283, 284, 285]
31 134 344 1.4 [2660, 2629] [286, 287]
32 157 316 2.18 [3667, 3659, 3605, 3658, 3608, 3674, 3664, 3625, 3644] [288, 289, 296, 291, 292, 293, 294, 295, 290]
33 160 364 2.33 [2402, 2425, 2381, 2383, 2384, 2427, 2390, 2379, 2426] [297, 298, 299, 300, 301, 302, 303, 305, 304]
34 153 362 3.56 [3608, 3599, 3559, 3624, 3568] [306, 307, 310, 309, 308]
35 171 337 3.61 [6609, 6571, 6596, 6669] [311, 314, 313, 312]
36 155 323 1.74 [3063, 3064, 3047] [315, 316, 317]
37 177 348 2.01 [2329, 2338, 2351, 2374, 2365, 2328, 2376] [318, 319, 320, 321, 322, 324, 323]
38 129 333 2.52 [4562] [325]
39 180 346 2.69 [13546, 13423] [326, 327]
40 163 367 3.81 [3476] [328]
41 168 333 3.48 [10227, 10286] [330, 329]
42 163 349 3.89 [2347, 2346, 2375, 2383] [334, 332, 333, 331]
43 159 368 3.35 [3409, 3358, 3389, 3349, 3384, 3351, 3424, 3346, 3370] [335, 336, 337, 338, 339, 340, 341, 343, 342]
44 126 343 1.79 [7651, 7623, 7670, 7727, 7724] [344, 348, 346, 347, 345]
45 180 319 2.1 [5658] [349]
46 172 333 2.92 [2364, 2390, 2340, 2338, 2376, 2385, 2351, 2362] [350, 351, 352, 357, 354, 355, 356, 353]
47 159 370 3.3 [2238, 2227, 2236, 2225, 2231, 2234, 2217, 2203] [358, 359, 360, 361, 362, 363, 364, 365]
48 146 324 1.45 [3485, 3421] [366, 367]
49 179 356 1.61 [2433, 2414, 2422, 2418] [368, 371, 370, 369]
50 187 339 3.97 [17968, 18102, 17917, 18080, 17946, 18094, 18154, 18072, 18043, 17850] [168, 128, 154, 166, 155, 167, 372, 373, 374, 127]
51 145 317 1.28 [2048, 2046, 2030, 2064, 2028, 2031, 2050, 2068, 2039] [204, 205, 206, 207, 244, 209, 210, 247, 208]
52 133 329 4.0 [14496, 14236, 14260, 14408, 14544] [169, 358, 185, 170, 171]
53 144 370 1.26 [2460, 2498, 2468] [204, 209, 210]
54 157 356 3.25 [3043] [359]
55 170 314 1.96 [3483, 3463, 3495, 3462, 3492] [318, 319, 320, 322, 324]
56 144 317 1.11 [2074] [246]
57 179 350 2.38 [3295, 3360, 3345, 3365, 3325] [321, 357, 350, 352, 356]
58 180 320 2.19 [2060] [323]
59 172 312 3.46 [4028] [360]
60 145 324 1.32 [3722, 3792, 3721, 3787, 3731, 3776, 3803, 3786, 3783] [159, 160, 157, 163, 164, 165, 286, 287, 158]
61 127 340 2.05 [3460, 3519, 3502, 3529, 3465, 3538, 3539, 3476, 3478] [302, 298, 369, 300, 301, 303, 305, 297, 299]
62 162 368 2.5 [10689] [361]
63 180 370 3.7 [2194, 2200, 2176, 2196, 2217, 2210, 2199, 2197, 2178, 2175] [304, 351, 353, 354, 355, 362, 371, 364, 365, 363]
64 140 347 3.78 [2124, 2119, 2118, 2111, 2104, 2128, 2096, 2103, 2105, 2078] [194, 195, 196, 254, 248, 368, 126, 249, 370, 197]
65 183 349 2.09 [4776, 4706, 4766, 4778] [252, 251, 253, 250]
66 134 333 3.36 [2129, 2124, 2144, 2116] [156, 161, 162, 315]
67 174 312 1.33 [4998, 4996] [367, 366]
68 185 345 3.72 [2544, 2547, 2582, 2580, 2551, 2549, 2591] [187, 188, 191, 192, 332, 193, 186]
69 147 373 1.2 [3336, 3396, 3382, 3361] [208, 207, 205, 206]
70 154 352 2.99 [2322, 2319, 2365, 2327, 2347, 2331, 2353] [135, 129, 136, 137, 138, 316, 317]
71 162 317 1.78 [3691, 3687] [134, 132]
72 127 339 3.36 [2252] [125]
73 184 320 1.09 [3143, 3147, 3180, 3186, 3172, 3149] [247, 243, 244, 245, 246, 242]
74 186 351 1.69 [2504, 2517, 2543, 2536, 2541, 2549, 2500] [164, 204, 209, 210, 286, 287, 157]
75 158 341 2.02 [5947, 5888, 5845, 5971, 5927, 5893] [148, 149, 150, 151, 152, 153]
76 155 333 1.23 [2661, 2667, 2711] [245, 243, 242]
77 139 326 1.08 [4570, 4559] [246, 244]
78 127 373 1.42 [2541, 2565, 2551, 2588, 2590, 2571, 2548] [242, 206, 207, 208, 243, 247, 205]
79 178 317 1.22 [2868, 2867, 2878, 2845, 2884, 2898, 2892, 2853] [205, 206, 207, 159, 208, 244, 245, 246]
80 161 342 3.64 [2880, 2818, 2831, 2816, 2881, 2854, 2879, 2819, 2841] [233, 190, 231, 234, 232, 331, 333, 334, 189]
81 183 332 3.48 [12695, 12600, 12658, 12632, 12668, 12684, 12742] [235, 239, 237, 199, 240, 236, 238]
82 167 347 1.23 [2233, 2241, 2236, 2219, 2223, 2206, 2245, 2244, 2218, 2229] [205, 206, 207, 208, 242, 165, 244, 245, 246, 247]
83 178 326 3.46 [2531, 2503, 2526, 2513, 2505, 2499, 2486] [130, 295, 133, 292, 131, 290, 296]
84 133 322 1.41 [3962, 3953, 3983, 3978, 3946, 3944, 3948, 3965] [158, 157, 159, 160, 163, 165, 366, 367]
85 159 318 1.75 [4290, 4262, 4354, 4263, 4324, 4343, 4295] [132, 286, 211, 287, 319, 323, 134]
86 133 338 3.93 [2077, 2082, 2114] [291, 289, 288]
87 133 344 2.67 [3613, 3672, 3681, 3642, 3615] [362, 294, 365, 363, 293]
88 183 328 1.14 [16727, 16557] [204, 210]
89 147 370 3.17 [2892] [364]
90 146 360 3.67 [15994] [241]
91 169 367 2.58 [2166, 2142, 2145, 2152, 2169, 2176, 2170, 2172] [209, 164, 211, 318, 320, 322, 323, 324]
92 152 335 3.04 [6962, 7119, 7081, 7058, 7061, 6983] [266, 264, 271, 270, 265, 263]
93 187 349 3.99 [6282, 6383, 6251, 6376, 6347, 6331, 6279, 6303, 6321, 6248] [335, 201, 336, 203, 267, 268, 328, 200, 202, 269]
94 187 312 3.92 [2075, 2077, 2085, 2070, 2071, 2062, 2089, 2078] [368, 197, 351, 354, 370, 195, 353, 196]
95 139 361 3.38 [2174, 2189, 2168, 2195, 2185, 2182, 2194, 2162] [135, 156, 161, 162, 315, 316, 317, 137]
96 186 362 2.82 [2220, 2223] [297, 299]
97 162 334 1.44 [3334, 3372, 3374, 3383, 3386] [243, 206, 207, 208, 205]
98 184 347 3.35 [8736, 8754, 8646, 8703, 8689, 8682] [337, 338, 341, 340, 342, 339]
99 177 346 1.73 [10980, 11228] [325, 343]
100 143 373 2.42 [2315, 2331, 2324, 2314] [163, 319, 318, 158]
101 148 349 2.01 [2567, 2560, 2536, 2549, 2545] [160, 165, 157, 366, 367]
102 165 321 3.63 [2345, 2363, 2384, 2337, 2375] [194, 304, 355, 126, 371]
103 171 346 2.14 [3644] [301]
104 176 349 1.1 [2700, 2721, 2741] [244, 245, 246]
105 168 315 1.76 [4994] [302]
106 152 374 3.2 [2120, 2086, 2115] [138, 356, 321]
107 186 328 3.37 [6416] [306]
108 142 325 3.83 [2550, 2553, 2565] [254, 249, 248]
109 143 329 1.94 [3917, 3904, 3874, 3885, 3872, 3869, 3879, 3938, 3866, 3956] [298, 300, 303, 305, 318, 320, 322, 324, 211, 369]
110 170 360 1.16 [2074, 2093, 2062, 2084, 2059, 2094] [242, 244, 206, 245, 246, 247]
111 168 314 1.77 [11902, 11997, 12056, 12116, 12041, 12145] [214, 307, 308, 223, 309, 310]
112 178 343 3.26 [4207, 4193, 4261, 4273, 4282, 4198, 4210, 4189, 4205, 4278] [187, 221, 217, 188, 193, 186, 219, 125, 215, 220]
113 170 369 3.06 [5289, 5316, 5283, 5318] [191, 216, 192, 218]
114 130 349 2.76 [4342, 4336, 4292, 4252, 4253] [222, 198, 334, 190, 332]
115 179 358 1.7 [8141, 8185, 8101] [136, 350, 352]
116 147 319 2.2 [5903, 5900, 5944, 5949] [349, 289, 357, 359]
117 173 351 2.13 [5551, 5535, 5489, 5574, 5519, 5539] [139, 143, 141, 288, 291, 129]
118 181 314 2.62 [3520, 3507, 3550, 3511, 3495, 3540, 3498, 3534, 3544, 3494] [140, 142, 156, 161, 162, 251, 253, 252, 315, 250]
119 161 318 2.96 [2206, 2211, 2234, 2236, 2243, 2247] [303, 299, 300, 301, 305, 297]
120 147 327 1.54 [4154, 4102, 4092] [159, 205, 208]
121 156 343 1.89 [2625, 2652, 2644] [243, 207, 159]
122 165 351 2.94 [15366, 15152, 15454] [212, 255, 213]
123 156 365 3.42 [3259, 3222, 3269, 3283] [189, 231, 331, 333]
124 187 316 2.13 [2699, 2678, 2731, 2729, 2680, 2706, 2687, 2681, 2735] [287, 286, 157, 160, 165, 366, 367, 132, 134]
125 141 350 3.39 [2495] [195]
126 181 311 3.48 [2508, 2505, 2535, 2524, 2512, 2559] [296, 295, 133, 130, 292, 131]
127 126 342 3.58 [4923, 4931, 4959, 4980, 4972, 4988, 5039] [261, 257, 258, 259, 262, 256, 260]
128 171 350 3.12 [2551, 2555, 2529, 2505] [316, 317, 138, 135]
129 144 355 1.8 [2743, 2737, 2764, 2771, 2762, 2730, 2761] [159, 205, 206, 208, 242, 245, 247]
130 128 353 2.5 [2164, 2148, 2140, 2166, 2159, 2173, 2151, 2154, 2147, 2146] [323, 134, 158, 163, 209, 319, 286, 287, 132, 164]
131 152 370 2.85 [7551] [280]
132 127 363 2.74 [2109, 2139, 2149, 2135, 2151, 2115, 2147, 2113, 2135] [164, 298, 302, 320, 322, 209, 323, 324, 369]
133 178 340 2.32 [2359] [160]
134 176 327 2.58 [2962, 2950, 3012, 2987, 2966, 2981, 3014, 2998, 2946, 2977] [303, 298, 299, 301, 305, 321, 300, 356, 369, 297]
135 131 370 2.3 [3916, 3953, 3882, 3874, 3943, 3902] [137, 179, 175, 321, 356, 174]
136 148 349 2.4 [7250, 7239, 7227, 7168, 7233] [272, 273, 275, 277, 274]
137 170 340 3.37 [3303, 3298, 3310, 3343, 3327] [232, 370, 234, 290, 233]
138 179 365 2.93 [9943, 9874, 9793, 9809, 9833, 10021, 9984, 9882, 9821, 9891] [180, 181, 314, 183, 184, 276, 278, 279, 360, 182]
139 165 325 1.43 [2632, 2672, 2641, 2670, 2645, 2686] [205, 206, 242, 244, 246, 247]
140 164 338 3.98 [4291, 4335, 4333, 4279] [353, 196, 368, 354]
141 165 374 2.55 [5993, 5934, 5954, 5998, 5944, 6070, 5956] [194, 126, 197, 304, 351, 355, 371]
142 140 337 2.18 [6001, 5917, 5983, 5998] [293, 344, 364, 294]
143 171 331 3.54 [2625, 2630] [348, 346]
144 174 338 3.05 [2712, 2726, 2751, 2739] [135, 316, 142, 317]
145 134 354 3.47 [6712, 6810, 6838] [249, 248, 254]
146 126 354 3.37 [9248, 9214, 9184, 9309, 9138, 9316, 9256, 9112, 9199, 9267] [311, 312, 313, 345, 130, 347, 362, 189, 363, 365]
147 167 358 1.35 [2008, 2018, 2031, 2037, 2034, 2010, 2020, 2015, 2015, 2049] [159, 206, 207, 208, 242, 243, 244, 245, 246, 247]
148 128 314 3.81 [2539, 2570, 2577, 2548, 2575, 2536, 2554, 2549, 2543] [131, 133, 150, 295, 296, 149, 292, 152, 153]
149 151 328 1.34 [2450, 2447] [244, 246]
150 160 356 1.28 [2087, 2083] [244, 246]
151 129 314 2.42 [4001, 4014, 4029, 3989, 3991, 4042, 4066, 4067, 4059, 4047] [162, 140, 161, 250, 172, 173, 176, 177, 178, 138]
152 184 339 2.4 [9493, 9481, 9404, 9524, 9318] [148, 151, 331, 333, 231]
153 155 323 3.73 [5205, 5210, 5270, 5266, 5292, 5314, 5199] [125, 221, 219, 217, 215, 234, 186]
154 170 340 3.76 [9751, 9683, 9771, 9670, 9727, 9824, 9791] [233, 188, 232, 195, 220, 187, 193]
155 146 337 3.57 [13578] [190]
156 140 333 1.14 [2580, 2565, 2588, 2561, 2567, 2556] [208, 207, 244, 245, 246, 247]
157 137 361 2.8 [2681, 2730, 2695, 2732, 2727, 2710] [324, 299, 302, 320, 322, 297]
158 135 345 1.44 [2447, 2450, 2468, 2449, 2454, 2448, 2426, 2455, 2460] [159, 205, 206, 210, 242, 243, 204, 244, 246]
159 133 345 2.89 [2971, 2944, 2989, 2987, 2996, 2955] [251, 135, 252, 253, 137, 316]
160 169 361 1.41 [3512, 3447, 3493, 3506, 3460, 3473, 3503, 3500, 3485, 3470] [206, 205, 207, 208, 242, 243, 244, 245, 246, 247]
161 145 352 2.87 [5622] [332]
162 147 357 3.1 [4780, 4778, 4859, 4832, 4804, 4863] [348, 222, 290, 334, 370, 198]
163 173 335 1.57 [4794] [367]
164 140 360 1.13 [2239, 2215, 2233, 2208, 2218, 2225, 2248] [159, 207, 210, 244, 246, 247, 204]
165 132 368 3.19 [11502, 11536, 11616] [269, 268, 267]
166 154 340 1.37 [2653, 2696, 2666] [210, 244, 246]
167 125 336 1.85 [9538, 9340, 9324] [156, 346, 315]
168 133 312 1.09 [3090, 3043, 3047, 3079, 3039, 3081, 3064, 3062] [159, 205, 208, 242, 243, 244, 245, 246]
169 136 357 1.08 [2092, 2053, 2066, 2055, 2065, 2102, 2067, 2054, 2069, 2058] [204, 245, 207, 208, 210, 243, 244, 246, 247, 206]
170 133 321 1.47 [7659, 7722, 7700, 7710, 7789, 7637, 7792, 7799, 7741] [132, 134, 158, 163, 209, 211, 318, 319, 164]
171 129 318 1.66 [2563, 2559, 2565, 2560] [242, 204, 206, 159]
172 174 315 2.14 [4710, 4747, 4702, 4725, 4737, 4731, 4690, 4721] [174, 175, 179, 298, 301, 321, 303, 356]
173 149 334 3.01 [5156, 5125, 5137, 5116, 5089, 5148, 5076, 5081, 5123] [131, 296, 149, 150, 153, 292, 295, 152, 133]
174 178 346 3.89 [4830, 4806, 4866, 4892, 4784, 4870] [260, 257, 258, 259, 262, 256]
175 167 355 1.96 [2414, 2419, 2407, 2369, 2422, 2389, 2405, 2375, 2406] [159, 366, 204, 205, 207, 210, 243, 247, 165]
176 154 313 3.22 [15354, 15117, 15192, 15154, 15236, 15336, 15229, 15292] [200, 201, 335, 336, 328, 261, 202, 203]
177 177 351 2.52 [3399, 3365, 3401, 3425, 3411, 3372, 3356, 3420] [297, 299, 300, 302, 305, 323, 324, 369]
178 176 334 2.45 [5741, 5710, 5691, 5762, 5675, 5750, 5720, 5769, 5672] [129, 139, 141, 143, 289, 291, 349, 359, 288]
179 166 325 1.9 [2149, 2147, 2175, 2141, 2137, 2181, 2158] [204, 206, 207, 208, 210, 242, 245]
180 161 330 3.95 [2612, 2609, 2606] [142, 357, 317]
181 151 369 1.89 [3304, 3265, 3308, 3319, 3297] [157, 367, 165, 366, 160]
182 126 340 3.3 [8428, 8338, 8435] [263, 266, 264]
183 144 374 1.95 [2210] [206]
184 164 322 2.79 [2346, 2362, 2342, 2347, 2333, 2348, 2371, 2375, 2360, 2329] [157, 158, 160, 163, 211, 286, 287, 318, 319, 164]
185 180 326 3.22 [5619, 5564, 5580, 5603, 5539, 5571, 5578, 5576] [144, 145, 147, 191, 146, 192, 216, 218]
186 156 325 2.68 [4907, 4952, 4915] [294, 293, 364]
187 170 367 1.81 [6800, 6879, 6777, 6822] [136, 140, 253, 352]
188 168 325 2.76 [10062, 10041, 10208, 10078, 10258, 10070] [196, 265, 270, 271, 306, 353]
189 173 312 3.83 [3377, 3416, 3391, 3366, 3443, 3418, 3380, 3370, 3444] [126, 194, 197, 251, 304, 344, 351, 355, 371]
190 134 346 2.98 [2034, 2045, 2078, 2072, 2043, 2039, 2079, 2053, 2069, 2031] [132, 134, 157, 160, 165, 209, 286, 287, 366, 367]
191 179 360 1.45 [3455] [246]
192 136 366 2.62 [2531, 2525, 2519, 2492, 2488, 2546] [209, 366, 287, 132, 165, 286]
193 130 357 1.43 [11452, 11448, 11410, 11438, 11557, 11429, 11424, 11576, 11405, 11552] [297, 299, 302, 305, 320, 322, 323, 324, 369, 300]
194 178 373 2.28 [2340, 2322, 2375, 2364, 2324, 2353, 2357, 2345, 2342] [159, 242, 205, 207, 208, 210, 243, 247, 204]
195 175 346 3.38 [4991, 4983, 5033] [272, 273, 277]
196 128 328 1.87 [2679, 2700, 2718, 2708] [243, 206, 245, 159]
197 143 348 2.9 [3231, 3254, 3304, 3258] [173, 252, 350, 138]
198 125 317 1.85 [2311, 2283, 2303, 2317, 2325, 2300, 2284, 2291, 2278, 2316] [204, 208, 206, 207, 210, 244, 245, 246, 247, 205]
199 187 324 2.13 [3345, 3284, 3340, 3315, 3295, 3318, 3330, 3306] [134, 319, 163, 211, 286, 318, 367, 164]
200 182 326 1.17 [4098, 4183, 4181, 4127, 4147, 4149, 4113] [207, 206, 243, 244, 245, 246, 159]
201 158 361 1.8 [2108, 2132] [206, 245]
202 179 374 3.89 [9035, 9204, 9196, 9136, 9106] [337, 330, 354, 368, 329]
203 143 332 3.74 [11212, 11254, 11408, 11469, 11315, 11347, 11202, 11357] [274, 275, 338, 339, 340, 341, 280, 342]
204 129 313 3.47 [2035, 2074, 2047, 2071, 2038, 2042, 2051] [250, 137, 172, 174, 179, 316, 135]
205 125 358 2.72 [2245, 2249, 2236, 2267, 2233, 2257, 2237, 2275] [132, 157, 366, 160, 165, 209, 287, 158]
206 140 345 2.13 [2039, 2050, 2053, 2048, 2026, 2054] [205, 206, 210, 242, 245, 204]
207 186 370 3.37 [6599] [222]
208 132 353 3.71 [2033, 2004, 2041, 2009, 2037, 2031, 2013, 2021, 2049, 2025] [172, 301, 162, 321, 176, 177, 178, 135, 161, 175]
209 160 314 1.29 [2444, 2489, 2492, 2432, 2461, 2479, 2487, 2477, 2484] [204, 206, 208, 205, 210, 242, 244, 245, 247]
210 134 366 1.97 [2335] [245]
211 125 363 1.78 [2587, 2595, 2599] [243, 159, 134]
212 129 316 3.79 [2225, 2230, 2244] [177, 178, 176]
213 156 353 3.3 [2238, 2261, 2253, 2276, 2259, 2272, 2241, 2264] [250, 174, 179, 298, 303, 316, 356, 137]
214 156 320 3.17 [2524, 2515, 2535, 2558, 2504, 2522, 2510, 2526, 2521, 2551] [175, 161, 137, 316, 356, 172, 301, 321, 162, 135]
215 157 348 3.66 [2013, 2020, 2010, 2046] [179, 250, 298, 303]
216 145 318 3.35 [2969, 2964] [285, 252]
217 168 335 1.97 [2137, 2089, 2138, 2100, 2135, 2111, 2132, 2094] [287, 132, 207, 206, 208, 211, 247, 158]
218 178 314 1.08 [5294, 5266, 5366, 5362, 5310, 5345, 5281, 5371, 5288, 5279] [157, 209, 163, 164, 165, 286, 318, 319, 367, 160]
219 165 329 3.0 [2473, 2422, 2458, 2456, 2454, 2468, 2441, 2469] [162, 366, 174, 287, 320, 322, 211, 158]
220 186 347 1.94 [6814, 6775, 6769] [138, 350, 173]
221 138 314 1.15 [2987, 3043] [246, 244]
222 151 349 2.41 [3927, 3965, 3909, 3989, 3973, 3970, 4000, 3935] [135, 250, 140, 161, 172, 253, 352, 136]
223 128 313 1.53 [2730] [242]
224 166 345 3.04 [2433, 2467, 2421, 2454, 2447, 2428, 2469, 2473, 2431, 2458] [322, 137, 320, 298, 321, 303, 356, 175, 179, 301]
225 166 345 1.68 [2979, 3016, 2995, 2965, 2968] [132, 134, 204, 205, 210]
226 157 311 3.56 [5945, 5918] [281, 284]
227 127 350 3.36 [2814, 2809, 2832] [176, 177, 178]
228 140 338 3.53 [5604, 5694] [283, 282]
229 133 360 2.15 [2368, 2356, 2362, 2367, 2396] [159, 243, 208, 247, 207]
230 178 331 1.76 [3574, 3598, 3582, 3649, 3576, 3585, 3623, 3577] [367, 134, 157, 160, 165, 242, 132, 318]
231 128 326 2.26 [2553, 2551, 2526, 2566, 2522, 2516, 2527, 2508, 2560, 2523] [160, 132, 163, 164, 205, 207, 209, 286, 319, 134]
232 131 324 2.93 [3764, 3756, 3835, 3748, 3809, 3790] [142, 252, 285, 178, 317, 357]
233 159 358 1.31 [2520, 2505, 2512, 2524] [247, 244, 245, 206]
234 138 364 1.47 [4492, 4520, 4548, 4530, 4511] [243, 204, 208, 210, 159]
235 148 353 2.44 [3553, 3543, 3560, 3527, 3488, 3548] [162, 174, 298, 303, 316, 323]
236 157 313 3.42 [5368, 5426, 5330] [290, 198, 334]
237 129 316 1.16 [4458, 4441, 4474, 4434, 4491, 4423, 4443, 4509, 4452, 4469] [157, 165, 164, 209, 245, 246, 286, 318, 319, 163]
238 171 363 3.69 [2867, 2860, 2886, 2855, 2843, 2831, 2884] [142, 285, 317, 325, 343, 176, 357]
239 153 312 1.38 [2281, 2331, 2316] [242, 247, 206]
240 178 344 2.79 [14898, 15045, 14781, 15088, 14762, 15009, 15033, 14769, 15082] [221, 248, 254, 326, 327, 361, 186, 249, 219]
241 162 352 3.17 [2444, 2413, 2436, 2433, 2434, 2424, 2451, 2456, 2423, 2414] [137, 305, 175, 179, 253, 301, 321, 356, 369, 161]
242 181 326 1.82 [5072, 5093, 5087, 5104, 5068, 5028, 5049, 5045, 5064, 5039] [134, 287, 163, 286, 164, 132, 319, 366, 367, 160]
243 154 313 1.46 [6228] [207]
244 156 327 2.97 [2130, 2158, 2173, 2131, 2149, 2144] [209, 158, 300, 318, 157, 211]
245 129 371 3.59 [2490, 2455, 2511, 2465, 2507, 2479, 2480, 2453, 2486] [136, 138, 140, 172, 173, 177, 350, 250, 352]
246 170 322 1.6 [3924] [204]
247 159 357 2.16 [4569] [135]
248 132 313 1.96 [5948, 5889, 5987, 5972, 5980, 5963, 5936] [137, 321, 162, 175, 253, 316, 161]
249 181 365 2.99 [2334, 2370, 2332, 2372, 2320, 2333, 2338] [211, 297, 299, 302, 320, 322, 324]
250 146 314 3.04 [2361] [158]
251 133 343 1.04 [3474, 3420, 3475, 3448, 3451, 3400, 3478, 3404] [159, 205, 208, 210, 243, 242, 244, 247]
252 155 315 3.35 [2242, 2291, 2256, 2255, 2271, 2258] [303, 179, 298, 301, 356, 174]
253 149 327 3.08 [3188, 3244, 3215, 3226, 3219, 3195, 3192, 3202] [172, 138, 140, 173, 177, 350, 352, 136]
254 153 370 1.19 [3558, 3551, 3516] [165, 206, 318]
255 173 336 3.65 [2111, 2132, 2096, 2103] [135, 301, 174, 356]
256 158 313 1.93 [3104, 3092, 3125, 3111, 3103, 3085, 3081, 3102] [322, 160, 205, 209, 299, 300, 367, 157]
257 185 332 2.63 [6452, 6487, 6503, 6425, 6447, 6444, 6495, 6457, 6422, 6436] [197, 307, 308, 153, 309, 310, 332, 348, 351, 370]
258 166 357 3.2 [2417, 2378, 2409] [305, 302, 369]
259 176 318 3.65 [2207] [162]
260 187 370 3.04 [2556] [297]
261 128 373 2.91 [2894, 2846, 2859, 2899, 2895] [179, 324, 303, 323, 298]
262 145 329 3.28 [2235, 2196, 2245, 2226, 2235] [299, 287, 300, 158, 320]
263 168 315 2.89 [3613, 3634, 3612, 3697, 3610, 3672] [177, 325, 250, 252, 350, 178]
264 187 368 3.1 [3148, 3078, 3076, 3099, 3088] [140, 161, 316, 352, 136]
265 158 347 2.43 [3759, 3691, 3771, 3737, 3716, 3773, 3725] [356, 174, 302, 297, 305, 369, 135]
266 141 326 3.78 [2298, 2300, 2311, 2299, 2292, 2322, 2326, 2304] [137, 138, 162, 172, 175, 253, 301, 173]
267 172 319 2.45 [3830, 3806, 3792, 3856, 3798, 3847, 3803, 3827] [179, 211, 298, 303, 321, 135, 323, 324]
268 157 347 1.08 [2281, 2291, 2293, 2275, 2285, 2264, 2297] [243, 208, 210, 245, 246, 247, 159]
269 143 366 1.72 [9293, 9397, 9305] [288, 357, 142]
270 136 352 2.8 [5262, 5161, 5270, 5249, 5234] [214, 291, 355, 223, 359]
271 178 354 3.79 [7429, 7405] [234, 125]
272 127 366 1.59 [3545] [366]
273 177 339 1.04 [4029] [165]
274 141 332 1.46 [15154, 15254, 15273] [289, 343, 141]
275 173 316 2.43 [3142, 3201, 3189, 3215, 3190, 3184, 3160, 3168, 3151] [286, 287, 299, 300, 319, 320, 322, 366, 158]
276 157 360 2.66 [3589, 3519, 3582, 3550, 3521, 3540, 3537] [137, 174, 303, 305, 321, 356, 369]
277 160 370 3.0 [4849, 4899, 4855, 4871, 4859, 4879, 4867, 4943, 4861, 4913] [349, 129, 139, 143, 194, 251, 304, 344, 371, 126]
278 126 370 3.26 [3448, 3388, 3450, 3398, 3429, 3373] [294, 315, 317, 285, 346, 364]
279 147 351 2.57 [2881, 2929, 2868, 2907] [134, 163, 164, 322]
280 153 351 3.75 [3387, 3424] [156, 293]
281 169 323 2.06 [2496, 2548, 2512, 2536, 2486, 2538] [367, 157, 204, 242, 318, 132]
282 176 361 2.87 [13002] [215]
283 149 370 2.67 [2674, 2684, 2680, 2658, 2662] [300, 209, 287, 320, 160]
284 127 347 2.22 [3404, 3430, 3411, 3439, 3451, 3402, 3440, 3394, 3392, 3409] [302, 157, 158, 165, 297, 299, 318, 366, 367, 132]
285 165 369 1.42 [5263] [207]
286 164 359 1.89 [2589, 2619, 2573, 2597, 2587, 2575, 2569, 2567, 2622] [159, 205, 206, 208, 210, 243, 245, 204, 247]
287 150 358 1.3 [2907, 2947, 2910, 2917, 2953, 2934, 2961, 2968, 2963] [245, 206, 210, 242, 243, 244, 246, 247, 159]
288 176 323 3.79 [2037, 2014, 2025, 2015, 2017, 2039, 2058, 2024] [177, 179, 211, 298, 302, 323, 324, 135]
289 143 340 1.52 [8451, 8392, 8289, 8385, 8437, 8327, 8410, 8347, 8454] [134, 164, 163, 286, 287, 300, 319, 320, 322]
290 173 370 1.5 [7155, 7073, 7102, 7126, 7067, 6994, 7038, 7082, 7085] [132, 157, 158, 160, 209, 297, 299, 318, 367]
291 173 337 3.15 [3296] [252]
292 168 316 1.04 [2164, 2153] [208, 244]
293 129 346 1.2 [4774, 4863, 4867, 4840, 4778, 4782, 4776, 4764] [207, 179, 204, 205, 242, 298, 366, 165]
294 137 317 1.25 [2049, 2046, 2088, 2050, 2068, 2043] [247, 208, 210, 243, 246, 159]
295 187 335 3.87 [7772] [217]
296 181 334 1.05 [4159, 4207] [250, 172]
297 132 343 1.64 [2745, 2737, 2777, 2740, 2748, 2788, 2751, 2793, 2750] [135, 138, 136, 161, 173, 174, 244, 323, 352]
298 125 359 2.55 [2152, 2164, 2187, 2179, 2155, 2151, 2145] [176, 162, 211, 253, 316, 356, 140]
299 180 360 2.3 [3237, 3278, 3235, 3265, 3271, 3257, 3248, 3236] [325, 177, 178, 301, 321, 324, 369, 175]
300 184 368 1.2 [11858, 11804, 11809, 11818, 12024, 11823, 12019] [317, 294, 315, 346, 350, 364, 176]
301 179 343 1.59 [2876, 2871, 2875, 2905, 2913, 2862] [140, 206, 208, 245, 302, 305]
302 174 363 3.08 [2767, 2722, 2777, 2779, 2776] [137, 356, 173, 316, 253]
303 165 351 2.5 [2608, 2567, 2587, 2570] [366, 303, 161, 211]
304 154 352 3.69 [5629, 5587, 5574, 5532, 5604, 5569] [256, 257, 258, 260, 262, 259]
305 134 372 1.19 [18797, 18681, 18936, 18712, 18905, 18512, 18928, 18735, 18527, 18574] [136, 138, 162, 178, 250, 288, 285, 325, 352, 252]
306 165 327 2.37 [5358, 5338, 5286, 5347, 5310, 5273, 5295, 5319, 5303] [140, 142, 172, 173, 177, 301, 293, 357, 291]
307 156 363 3.12 [6568, 6420, 6469] [192, 218, 191]
308 159 374 3.11 [3412, 3422, 3394, 3379, 3368, 3384, 3365, 3398, 3439, 3391] [152, 355, 161, 175, 253, 316, 359, 223, 295, 214]
309 148 355 2.12 [2722, 2690, 2706, 2704, 2709, 2700, 2699, 2720] [179, 243, 205, 210, 298, 323, 135, 174]
310 130 318 2.98 [7782] [216]
311 126 351 2.42 [5070, 5110, 5152, 5097] [156, 357, 133, 150]
312 137 355 1.97 [4385, 4355, 4339, 4349, 4373, 4394, 4392] [302, 305, 320, 321, 322, 324, 369]
313 140 363 2.14 [3796, 3743, 3766] [209, 160, 286]
314 155 317 2.33 [16192, 16286, 16367, 16347, 16307] [279, 180, 183, 184, 181]
315 143 311 1.07 [2137, 2131, 2129, 2143, 2153, 2159, 2122, 2123] [132, 318, 165, 204, 242, 246, 247, 159]
316 133 355 3.21 [2223, 2204, 2199, 2180, 2221, 2212, 2185, 2210, 2213, 2180] [137, 158, 211, 174, 287, 297, 299, 300, 303, 356]
317 173 327 3.36 [5305, 5396] [149, 131]
318 178 345 1.22 [6823, 6734, 6773, 6720, 6790, 6759, 6751] [135, 134, 164, 179, 298, 319, 323]
319 128 355 2.99 [19215, 18972, 18933, 19003, 18941, 18988] [239, 199, 235, 276, 278, 182]
320 137 340 1.46 [4888, 4842, 4836, 4846, 4800, 4868, 4890, 4798, 4804, 4886] [137, 157, 163, 211, 158, 297, 303, 356, 366, 367]
321 167 359 1.01 [6557, 6530, 6481, 6503, 6546] [174, 287, 299, 165, 300]
322 186 349 2.02 [4482, 4486, 4501, 4420] [305, 321, 324, 369]
323 171 361 1.06 [3554, 3527, 3503] [132, 207, 159]
324 145 317 1.64 [6489, 6574] [292, 296]
325 151 317 3.4 [14650, 14595, 14728, 14553, 14758, 14783, 14692, 14680, 14541, 14637] [236, 229, 230, 360, 238, 240, 311, 312, 313, 237]
326 177 369 3.55 [5382, 5355] [273, 277]
327 128 369 3.89 [9165, 9272] [345, 314]
328 168 340 3.03 [4502] [194]
329 157 339 3.77 [2051, 2090, 2092, 2054, 2096] [142, 302, 343, 289, 141]
330 164 344 2.98 [4194, 4236, 4201, 4165, 4174, 4154, 4243, 4238, 4158, 4210] [129, 139, 143, 294, 364, 304, 349, 371, 126, 251]
331 147 323 2.23 [3484, 3413, 3414, 3423, 3477, 3436] [160, 322, 286, 318, 320, 209]
332 125 368 3.21 [2509, 2543, 2542, 2540, 2521, 2541, 2525] [177, 142, 176, 315, 317, 346, 137]
333 161 373 1.21 [12774, 12747, 12715, 12805, 12969, 12990, 12811, 12974, 12758, 12731] [150, 152, 141, 214, 223, 291, 295, 344, 355, 359]
334 182 332 3.94 [2307, 2276, 2309, 2275, 2279] [175, 172, 289, 343, 350]
335 129 364 3.45 [3038, 3082, 3065, 3047, 3057, 3036, 3096, 3100, 3061, 3046] [289, 156, 176, 194, 293, 304, 315, 346, 371, 133]
336 155 368 1.69 [4583, 4657, 4596, 4630] [210, 366, 247, 205]
337 140 347 2.19 [2067, 2051, 2058, 2070, 2054] [204, 245, 242, 243, 208]
338 174 359 1.57 [7547, 7663, 7694, 7678, 7610, 7516, 7550, 7559, 7603, 7622] [251, 139, 143, 161, 253, 303, 316, 349, 370, 126]
339 155 337 2.96 [5145, 5149] [348, 296]
340 149 312 2.37 [10591] [147]
341 178 317 2.78 [4318, 4347, 4327, 4308] [129, 142, 317, 343]
342 178 353 2.4 [6879, 6885, 6925, 6836, 6908] [292, 309, 310, 351, 332]
343 154 349 2.47 [7565, 7602, 7618, 7627, 7640, 7562] [133, 153, 197, 272, 307, 308]
344 138 316 2.23 [16352] [144]
345 163 335 3.06 [2061, 2058, 2074, 2069, 2037, 2054, 2045, 2032] [211, 163, 297, 318, 132, 356, 157, 367]
346 150 313 3.63 [9655] [347]
347 168 373 1.77 [4937, 5033, 4961, 4998, 4939, 4953] [301, 173, 298, 302, 323, 135]
348 133 360 3.17 [4689, 4714] [304, 296]
349 140 330 2.38 [3542, 3588, 3568, 3579, 3630, 3587, 3618, 3606] [177, 158, 179, 305, 321, 324, 369, 140]
350 145 351 3.96 [2752, 2731, 2759] [293, 294, 364]
351 165 373 3.65 [3194, 3197, 3206, 3154, 3156] [293, 194, 371, 289, 156]
352 153 343 3.14 [4656, 4590, 4604] [129, 371, 348]
353 143 315 1.27 [2388, 2443, 2423, 2408, 2429, 2387, 2416, 2389] [207, 206, 208, 242, 243, 244, 246, 204]
354 142 372 1.83 [8951] [357]
355 128 313 1.02 [2582, 2598, 2573] [320, 322, 206]
356 153 373 3.51 [2578, 2548, 2563, 2545, 2591, 2562, 2558] [176, 172, 175, 315, 346, 350, 137]
357 134 374 2.93 [2764] [356]
358 157 340 3.12 [2665, 2668] [211, 174]
359 129 326 3.21 [6741, 6730, 6783, 6719, 6856, 6792] [148, 146, 151, 331, 333, 145]
360 159 362 3.74 [16273, 16134, 16373, 16000] [169, 225, 170, 224]
361 170 317 1.04 [3370, 3399] [286, 319]
362 184 324 1.94 [3824, 3851, 3848, 3864, 3818, 3872] [297, 160, 163, 164, 209, 134]
363 185 371 3.66 [3156, 3181, 3155, 3190, 3160, 3131, 3163] [126, 156, 194, 292, 294, 343, 364]
364 179 322 3.4 [4191, 4269, 4201] [309, 332, 370]
365 136 319 2.95 [4221, 4216, 4219, 4312, 4288, 4225, 4293, 4228, 4253] [139, 315, 293, 251, 310, 346, 349, 351, 143]
366 132 319 2.0 [16795, 16879, 17032, 17046, 17053, 17116] [198, 282, 283, 290, 334, 231]
367 179 337 3.56 [2199] [350]
368 165 314 3.73 [4692, 4794, 4790, 4716, 4772, 4678] [277, 149, 191, 218, 272, 131]
369 186 314 1.22 [2376, 2352, 2347, 2348, 2360, 2383, 2373, 2350] [157, 132, 159, 244, 245, 299, 300, 318]
370 187 372 2.11 [3627] [287]
371 162 333 1.87 [10790, 10932, 10830, 10812, 10727, 10776, 10941] [152, 194, 295, 304, 296, 344, 348]
372 159 362 1.31 [3384, 3452, 3404, 3453, 3391, 3447, 3426, 3397] [320, 140, 165, 172, 175, 177, 367, 137]
373 157 355 1.6 [6992, 7050] [142, 317]
374 158 341 2.11 [2260, 2295] [205, 208]
375 146 337 3.17 [2190] [322]
376 152 355 3.89 [2489, 2481, 2528, 2491, 2526, 2493, 2513, 2515, 2486, 2520] [173, 176, 294, 172, 285, 289, 301, 325, 316, 252]
377 182 335 1.91 [3231, 3225, 3202] [179, 305, 356]
378 150 314 3.92 [3743, 3740, 3760, 3706, 3755, 3794, 3718, 3719] [153, 197, 133, 370, 307, 308, 332, 292]
379 148 349 3.53 [6001, 6028, 5978, 5998, 5988, 6043, 5991, 6026, 6070] [256, 257, 192, 258, 259, 260, 262, 281, 284]
380 149 313 2.8 [12649, 12811, 12623, 12571, 12634, 12592, 12753, 12535, 12727, 12639] [130, 189, 263, 264, 265, 266, 362, 270, 363, 365]
381 145 350 2.25 [2657, 2636, 2630, 2638, 2654] [158, 174, 321, 324, 369]
382 179 354 1.78 [5500, 5469, 5478, 5496, 5494] [323, 302, 350, 366, 211]
383 183 341 1.83 [2026, 2029, 2055, 2068] [242, 243, 246, 204]
384 178 353 2.86 [5628, 5637, 5675, 5635, 5630, 5710] [126, 129, 150, 309, 310, 351]
385 136 355 3.43 [3486, 3536, 3553, 3502] [156, 359, 214, 364]
386 178 331 2.77 [3293, 3299, 3274, 3335, 3290, 3285, 3256, 3324, 3322] [135, 288, 161, 175, 178, 253, 298, 352, 138]
387 129 313 1.09 [4389] [299]
388 143 351 1.35 [3674, 3629, 3665, 3664, 3676] [157, 286, 300, 319, 207]
389 184 342 3.77 [3562, 3565, 3603, 3592, 3569, 3553, 3589] [139, 143, 251, 349, 355, 223, 371]
390 132 364 1.21 [10404, 10319, 10387, 10456, 10434] [140, 176, 285, 325, 343]
391 186 332 2.0 [4402, 4440, 4442, 4415] [297, 173, 177, 136]
392 163 319 1.82 [2033, 2011, 2048, 2019, 2037, 2007, 2015, 2036, 2042, 2004] [132, 160, 159, 164, 209, 210, 245, 247, 318, 134]
393 140 356 2.68 [7866] [273]
394 133 356 2.05 [2594, 2595, 2605, 2584, 2610, 2608, 2550, 2587] [369, 163, 174, 303, 321, 322, 324, 137]
395 131 340 3.21 [2022, 2050, 2019, 2048, 2053, 2065] [158, 162, 250, 287, 301, 305]
396 184 363 3.86 [3953, 3991, 3954, 3972, 3961, 4010] [133, 153, 197, 307, 308, 131]
397 176 351 1.99 [2719, 2683, 2686, 2695] [320, 252, 356, 179]
398 139 323 1.05 [2642, 2685, 2641, 2664, 2624, 2639, 2657, 2662] [204, 205, 291, 208, 289, 357, 367, 206]
399 126 321 3.9 [2417, 2397, 2368, 2363, 2382, 2390, 2406, 2412, 2374, 2362] [141, 172, 253, 250, 293, 294, 301, 315, 316, 346]
400 126 336 1.08 [3041, 3037, 3061, 3084, 3060, 3036, 3027] [134, 156, 161, 165, 243, 288, 318]
401 140 322 3.95 [4367, 4316] [149, 131]
402 164 359 2.24 [3486, 3506, 3442] [138, 178, 175]
403 169 326 2.36 [15734, 15872, 16089, 15780, 16036, 15859, 15971, 15754, 16023] [125, 196, 217, 216, 222, 234, 271, 306, 353]
404 165 318 1.99 [3123, 3173, 3180, 3149, 3153, 3132, 3158, 3131, 3146, 3151] [359, 137, 160, 162, 164, 209, 300, 352, 364, 132]
405 176 358 3.96 [3214, 3194, 3228, 3262, 3224, 3206, 3212, 3200, 3190] [223, 143, 214, 291, 293, 332, 355, 371, 139]
406 166 321 3.67 [2742, 2753, 2752, 2790, 2805, 2754, 2761, 2777, 2793, 2781] [173, 142, 252, 289, 294, 317, 346, 357, 315, 141]
407 187 365 2.9 [11579, 11574, 11451, 11546, 11532, 11409, 11631, 11394] [145, 146, 148, 151, 281, 284, 331, 333]
408 179 318 3.42 [2399, 2412, 2387, 2418] [174, 303, 305, 369]
409 131 321 3.74 [2147, 2119, 2106, 2135, 2132, 2110, 2137, 2138] [172, 298, 321, 324, 350, 356, 316, 135]
410 170 330 1.63 [3331, 3343, 3360, 3387, 3394, 3351, 3401] [299, 163, 242, 247, 287, 322, 158]
411 171 328 2.02 [3859, 3831, 3884, 3834, 3891] [319, 177, 179, 301, 136]
412 140 356 2.64 [2377, 2400, 2362, 2387, 2355, 2398, 2356, 2379, 2353, 2406] [366, 157, 211, 250, 253, 286, 302, 320, 323, 156]
413 159 363 1.69 [10938, 10942] [292, 370]
414 142 351 1.48 [6156, 6153, 6126, 6138, 6118, 6103, 6108] [351, 288, 309, 310, 349, 359, 251]
415 151 334 2.91 [3758] [289]
416 171 314 3.29 [3453, 3498] [214, 364]
417 130 356 2.8 [6840, 6948, 6942] [191, 218, 272]
418 135 352 3.61 [8250, 8294, 8139, 8305, 8162] [256, 262, 259, 258, 257]
419 177 330 1.27 [2024, 2055, 2018, 2052, 2050, 2039, 2036, 2061] [297, 367, 207, 244, 245, 246, 159, 210]
420 132 345 2.26 [4788, 4867, 4762, 4796, 4863] [294, 161, 317, 371, 150]
421 167 315 3.38 [2056, 2067] [305, 321]
422 131 346 2.09 [6312, 6349, 6352] [293, 142, 129]
423 153 339 1.19 [3487, 3460, 3463, 3444, 3461] [178, 175, 350, 303, 141]
424 155 366 1.72 [4334, 4300, 4284, 4365, 4320, 4290, 4363, 4343, 4375] [138, 352, 162, 172, 252, 316, 346, 357, 156]
425 140 343 2.11 [2075, 2079, 2066] [135, 298, 174]
426 167 311 1.05 [3969, 3959] [369, 137]
427 126 319 1.3 [7508, 7428, 7532, 7446] [307, 197, 308, 332]
428 135 348 2.21 [3488, 3552, 3513] [173, 315, 356]
429 158 355 2.96 [4524, 4556, 4511, 4526, 4509, 4597, 4517, 4599] [291, 139, 143, 152, 223, 295, 355, 126]
430 171 348 3.45 [18154, 18357] [185, 171]
431 125 318 3.75 [3321, 3337, 3272, 3264, 3316, 3284, 3332] [153, 194, 277, 296, 304, 344, 348]
432 143 326 1.76 [2381, 2396, 2408, 2390, 2368, 2415, 2388] [204, 165, 205, 253, 300, 324, 134]
433 147 319 2.63 [2796, 2862, 2810, 2802, 2851] [164, 211, 250, 302, 323]
434 149 367 1.36 [2363] [318]
435 156 344 2.67 [10534] [260]
436 138 340 2.66 [2166, 2151, 2147, 2167, 2163, 2183, 2155, 2155] [132, 320, 160, 209, 286, 287, 297, 157]
437 147 366 2.61 [2172, 2148, 2127] [177, 299, 322]
438 181 335 2.88 [12995, 13113, 13145, 12904, 12920, 13129, 13000, 13059, 13150] [220, 330, 228, 267, 268, 269, 329, 188, 195]
439 128 314 2.18 [14589, 14698] [192, 147]
440 168 357 1.27 [2335] [208]
441 146 360 1.38 [2802, 2859, 2808, 2857, 2862, 2826, 2845, 2840, 2833] [136, 158, 159, 210, 214, 301, 305, 321, 364]
442 173 334 2.45 [2693, 2665] [298, 366]
443 156 362 2.17 [4937, 5039] [133, 149]
444 167 371 3.33 [8514, 8528, 8602, 8676, 8507, 8634, 8560] [231, 144, 191, 218, 273, 277, 131]
445 173 323 3.42 [5451, 5440, 5501, 5411, 5402] [133, 149, 153, 272, 150]
446 144 361 2.77 [4774, 4754, 4750, 4809, 4823, 4776, 4768, 4798, 4784, 4851] [194, 251, 289, 309, 310, 343, 348, 349, 371, 296]
447 147 335 2.61 [2492, 2530, 2519, 2522, 2523, 2495, 2537] [135, 141, 163, 174, 179, 325, 367]
448 135 314 3.03 [2074, 2038, 2042, 2048, 2040, 2046, 2054, 2061, 2027] [176, 175, 178, 253, 285, 319, 324, 350, 140]
449 184 354 3.56 [4318, 4332, 4334, 4320] [307, 197, 308, 351]
450 177 334 3.82 [18494, 18570] [227, 226]
451 163 370 2.88 [2288, 2284, 2328, 2276, 2278, 2306, 2324] [177, 294, 346, 303, 315, 317, 300]
452 141 315 1.41 [4042, 4072, 4107, 4058] [344, 304, 359, 156]
453 153 347 2.68 [6808, 6771, 6858, 6827, 6746, 6743] [126, 129, 292, 332, 370, 152]
454 127 357 2.99 [3993, 4021] [139, 355]
455 163 340 2.82 [5450, 5461, 5394, 5388, 5425, 5419] [143, 214, 223, 293, 295, 291]
456 159 328 3.71 [8261, 8241] [365, 279]
457 151 364 1.89 [2674, 2689, 2705, 2679, 2716, 2671, 2709, 2694] [173, 206, 357, 207, 161, 243, 250, 242]
458 160 318 1.2 [14659] [288]
459 179 328 1.94 [2955, 2953, 2979, 2928, 2961, 2976] [137, 172, 252, 297, 316, 356]
460 151 366 3.54 [7788, 7855, 7778, 7759] [198, 181, 180, 290]
461 176 360 2.24 [3359] [364]
462 173 317 2.79 [3354, 3369, 3308, 3336, 3349, 3346] [285, 162, 141, 301, 352, 138]
463 142 321 3.97 [2135, 2103, 2100, 2091, 2127, 2122, 2085, 2091, 2115] [176, 142, 175, 178, 253, 325, 350, 136, 140]
464 150 328 2.15 [6066, 6019, 6016, 6056, 6104, 6099, 6064, 6081, 6041, 6076] [371, 304, 344, 310, 315, 317, 346, 348, 294, 309]
465 143 347 1.86 [3216, 3171, 3187] [211, 209, 302]
466 187 359 1.53 [2156, 2187] [247, 244]
467 172 331 1.31 [2247, 2281, 2286, 2265, 2258] [369, 160, 165, 320, 134]
468 173 370 2.2 [2784, 2813, 2769] [322, 287, 323]
469 167 362 2.48 [3213, 3240, 3200] [135, 299, 174]
470 164 344 1.35 [2532, 2525, 2488, 2490] [132, 286, 157, 318]
471 165 325 2.37 [4865, 4953, 4939] [349, 251, 177]
472 134 319 2.48 [2068, 2034] [321, 205]
473 152 362 2.72 [3497] [305]
474 169 334 3.92 [3364, 3354, 3368, 3358, 3343, 3377, 3404, 3340] [139, 194, 143, 295, 296, 351, 355, 359]
475 150 313 2.13 [4261, 4288, 4249, 4235, 4276, 4302, 4253, 4286] [156, 173, 158, 179, 289, 298, 324, 357]
476 147 370 2.39 [5986, 6011, 5979, 5956, 6050] [308, 272, 343, 364, 149]
477 127 323 2.52 [8245] [307]
478 137 311 2.84 [2075, 2098, 2091, 2081, 2063] [163, 164, 303, 366, 319]
479 125 329 1.73 [8157, 8050, 8153, 8140, 8004, 8010, 8044] [142, 252, 197, 223, 172, 325, 161]
480 176 319 3.9 [2534, 2512, 2529, 2553, 2532, 2558, 2520, 2550, 2527, 2546] [140, 250, 175, 176, 178, 253, 285, 301, 316, 141]
481 158 340 2.66 [3091, 3095, 3071] [369, 300, 136]
482 174 350 3.89 [6559, 6473, 6584, 6562, 6476, 6497, 6603, 6573, 6557, 6549] [183, 184, 259, 260, 233, 282, 130, 283, 334, 368]
483 157 343 3.61 [2873, 2904, 2889, 2929, 2932, 2934, 2886, 2914, 2907, 2872] [139, 141, 176, 194, 214, 291, 293, 296, 355, 156]
484 162 325 1.36 [2427, 2449, 2460, 2458, 2459, 2468, 2423, 2418, 2454, 2439] [137, 204, 208, 245, 246, 320, 356, 321, 367, 350]
485 129 336 2.77 [4120, 4073, 4076, 4064, 4128, 4090, 4048] [289, 138, 251, 295, 349, 351, 140]
486 182 342 1.64 [2379, 2384, 2367, 2394, 2376, 2342, 2345] [134, 210, 297, 323, 352, 165, 159]
487 152 363 2.42 [8562, 8583, 8715] [272, 153, 149]
488 170 321 2.29 [2709, 2711, 2679, 2699, 2668, 2720] [160, 162, 322, 287, 302, 211]
489 130 318 1.6 [3870, 3910, 3904, 3923] [286, 174, 303, 135]
490 162 330 1.34 [2901, 2874, 2924, 2911, 2862, 2906, 2896, 2871, 2886, 2908] [132, 163, 164, 209, 157, 243, 247, 299, 318, 366]
491 164 338 1.81 [2726, 2684, 2680, 2689, 2706, 2719, 2729, 2679] [137, 242, 207, 305, 316, 319, 350, 178]
492 152 338 2.93 [2863, 2823] [359, 357]
493 184 368 1.28 [6822, 6847, 6867, 6791, 6763, 6811, 6724, 6808, 6861, 6769] [126, 332, 143, 304, 309, 310, 344, 348, 371, 129]
494 153 359 3.69 [3570, 3541, 3594, 3586, 3610, 3533, 3536, 3564, 3577, 3532] [292, 152, 194, 214, 291, 293, 296, 355, 370, 139]
495 174 371 4.0 [2601, 2612, 2582] [285, 294, 315]
496 126 347 2.15 [2758, 2767, 2754, 2764, 2760, 2765, 2773, 2785, 2800, 2774] [356, 346, 175, 177, 205, 298, 321, 352, 136, 173]
497 173 319 3.21 [2131, 2114, 2118, 2115, 2136, 2133] [320, 253, 301, 324, 369, 179]
498 145 339 3.68 [3982, 4028, 3998, 4032, 4005, 3992, 4018, 4051, 4020, 4066] [296, 150, 152, 197, 292, 295, 308, 351, 370, 133]
499 169 368 2.37 [2603, 2634, 2649, 2635, 2637] [317, 250, 323, 367, 162]
