0 182 330 2.91 [2691, 2652] [182, 330]
1 161 332 2.23 [2056, 2057] [161, 332]
2 145 371 1.63 [3498, 3524, 3502, 3471, 3521, 3479] [145, 146, 147, 372, 370, 371]
3 130 373 1.62 [3209, 3223, 3215, 3213] [130, 131, 374, 373]
4 137 343 1.86 [5885, 5956, 5878, 6000, 5863] [137, 135, 136, 340, 343]
5 142 340 1.66 [11895, 11880, 12133, 12083] [142, 140, 341, 340]
6 164 349 3.09 [2737, 2746, 2726, 2705, 2739, 2714] [164, 160, 162, 346, 345, 349]
7 160 366 2.22 [2379, 2344] [160, 366]
8 174 365 1.35 [2942, 2979, 2953, 2972, 2952, 3006, 3003, 2945, 2947, 3000] [174, 170, 171, 172, 173, 366, 369, 368, 367, 365]
9 181 348 2.96 [2040, 2043, 2025, 2029, 2032, 2045] [181, 180, 183, 346, 347, 348]
10 173 317 1.5 [10487, 10427, 10336, 10354, 10492, 10539, 10362, 10358] [173, 174, 171, 172, 318, 316, 315, 317]
11 146 343 3.87 [5188, 5103, 5205, 5101, 5124] [146, 148, 149, 342, 343]
12 139 312 3.78 [2390, 2342, 2392, 2353, 2388, 2391, 2360, 2351, 2340] [139, 138, 136, 137, 135, 313, 311, 310, 312]
13 149 323 1.6 [2509, 2522, 2511, 2539] [149, 145, 320, 323]
14 149 328 2.35 [5190] [149]
15 137 350 3.55 [3224, 3237, 3259, 3232, 3219] [137, 138, 139, 351, 350]
16 168 323 1.19 [2028, 2048, 2024, 2029, 2053, 2033, 2051] [168, 165, 166, 167, 322, 321, 323]
17 131 319 1.64 [4459] [131]
18 171 319 3.91 [4127] [171]
19 142 348 3.9 [4702] [142]
20 138 337 2.22 [4810, 4874, 4908, 4846, 4900, 4836, 4856, 4806, 4902, 4882] [138, 139, 136, 135, 137, 339, 338, 336, 335, 337]
21 133 359 2.69 [16242, 16134, 16477, 16464, 16329, 16168, 16383] [133, 132, 134, 130, 356, 355, 359]
22 180 373 3.33 [2870, 2903, 2861, 2865, 2852] [180, 184, 183, 374, 373]
23 164 317 3.94 [2954, 3012, 2961, 2989, 2971, 2994] [164, 163, 161, 315, 319, 317]
24 134 348 1.03 [7852, 7887, 7810, 7784, 7826, 7868] [134, 131, 132, 349, 347, 348]
25 158 368 2.18 [2638, 2627, 2648, 2654, 2610, 2625, 2632] [158, 155, 156, 157, 365, 367, 368]
26 166 348 3.32 [4863, 4873, 4923, 4845, 4887, 4913, 4943, 4859] [166, 169, 168, 167, 347, 346, 345, 348]
27 156 327 3.72 [2986, 3024, 3033, 3029, 3032, 3028, 3041, 3017, 3034] [156, 159, 155, 158, 157, 328, 326, 325, 327]
28 132 345 2.59 [5186, 5160, 5205, 5201, 5229, 5173] [132, 131, 133, 349, 346, 345]
29 177 371 3.82 [4959, 4978, 5058] [177, 175, 371]
30 126 320 1.52 [14012, 14209, 14168, 14041, 13954] [126, 125, 127, 324, 320]
31 134 344 1.4 [2660, 2629] [134, 344]
32 157 316 2.18 [3667, 3659, 3605, 3658, 3608, 3674, 3664, 3625, 3644] [157, 159, 156, 158, 155, 315, 318, 319, 316]
33 160 364 2.33 [2402, 2425, 2381, 2383, 2384, 2427, 2390, 2379, 2426] [160, 162, 163, 161, 164, 362, 361, 360, 364]
34 153 362 3.56 [3608, 3599, 3559, 3624, 3568] [153, 150, 151, 363, 362]
35 171 337 3.61 [6609, 6571, 6596, 6669] [171, 170, 336, 337]
36 155 323 1.74 [3063, 3064, 3047] [155, 159, 323]
37 177 348 2.01 [2329, 2338, 2351, 2374, 2365, 2328, 2376] [177, 176, 178, 179, 345, 349, 348]
38 129 333 2.52 [4562] [129]
39 180 346 2.69 [13546, 13423] [180, 346]
40 163 367 3.81 [3476] [163]
41 168 333 3.48 [10227, 10286] [168, 333]
42 163 349 3.89 [2347, 2346, 2375, 2383] [163, 162, 347, 349]
43 159 368 3.35 [3409, 3358, 3389, 3349, 3384, 3351, 3424, 3346, 3370] [159, 156, 158, 157, 155, 367, 366, 369, 368]
44 126 343 1.79 [7651, 7623, 7670, 7727, 7724] [126, 128, 129, 344, 343]
45 180 319 2.1 [5658] [180]
46 172 333 2.92 [2364, 2390, 2340, 2338, 2376, 2385, 2351, 2362] [172, 174, 173, 170, 332, 334, 331, 333]
47 159 370 3.3 [2238, 2227, 2236, 2225, 2231, 2234, 2217, 2203] [159, 156, 157, 158, 374, 373, 372, 370]
48 146 324 1.45 [3485, 3421] [146, 324]
49 179 356 1.61 [2433, 2414, 2422, 2418] [179, 176, 357, 356]
50 187 339 3.97 [17968, 18102, 17917, 18080, 17946, 18094, 18154, 18072, 18043, 17850] [187, 185, 186, 188, 189, 337, 336, 335, 338, 339]
51 145 317 1.28 [2048, 2046, 2030, 2064, 2028, 2031, 2050, 2068, 2039] [145, 147, 148, 146, 149, 316, 318, 319, 317]
52 133 329 4.0 [14496, 14236, 14260, 14408, 14544] [133, 130, 131, 325, 329]
53 144 370 1.26 [2460, 2498, 2468] [144, 141, 370]
54 157 356 3.25 [3043] [157]
55 170 314 1.96 [3483, 3463, 3495, 3462, 3492] [170, 172, 174, 312, 314]
56 144 317 1.11 [2074] [144]
57 179 350 2.38 [3295, 3360, 3345, 3365, 3325] [179, 178, 176, 352, 350]
58 180 320 2.19 [2060] [180]
59 172 312 3.46 [4028] [172]
60 145 324 1.32 [3722, 3792, 3721, 3787, 3731, 3776, 3803, 3786, 3783] [145, 147, 148, 146, 149, 323, 322, 321, 324]
61 127 340 2.05 [3460, 3519, 3502, 3529, 3465, 3538, 3539, 3476, 3478] [127, 128, 129, 125, 126, 341, 342, 344, 340]
62 162 368 2.5 [10689] [162]
63 180 370 3.7 [2194, 2200, 2176, 2196, 2217, 2210, 2199, 2197, 2178, 2175] [180, 181, 182, 184, 183, 371, 374, 373, 372, 370]
64 140 347 3.78 [2124, 2119, 2118, 2111, 2104, 2128, 2096, 2103, 2105, 2078] [140, 143, 141, 144, 142, 346, 349, 348, 345, 347]
65 183 349 2.09 [4776, 4706, 4766, 4778] [183, 181, 345, 349]
66 134 333 3.36 [2129, 2124, 2144, 2116] [134, 132, 331, 333]
67 174 312 1.33 [4998, 4996] [174, 312]
68 185 345 3.72 [2544, 2547, 2582, 2580, 2551, 2549, 2591] [185, 186, 189, 187, 347, 348, 345]
69 147 373 1.2 [3336, 3396, 3382, 3361] [147, 145, 372, 373]
70 154 352 2.99 [2322, 2319, 2365, 2327, 2347, 2331, 2353] [154, 152, 151, 150, 354, 353, 352]
71 162 317 1.78 [3691, 3687] [162, 317]
72 127 339 3.36 [2252] [127]
73 184 320 1.09 [3143, 3147, 3180, 3186, 3172, 3149] [184, 182, 181, 322, 321, 320]
74 186 351 1.69 [2504, 2517, 2543, 2536, 2541, 2549, 2500] [186, 188, 189, 187, 354, 353, 351]
75 158 341 2.02 [5947, 5888, 5845, 5971, 5927, 5893] [158, 156, 159, 344, 342, 341]
76 155 333 1.23 [2661, 2667, 2711] [155, 157, 333]
77 139 326 1.08 [4570, 4559] [139, 326]
78 127 373 1.42 [2541, 2565, 2551, 2588, 2590, 2571, 2548] [127, 128, 129, 125, 372, 370, 373]
79 178 317 1.22 [2868, 2867, 2878, 2845, 2884, 2898, 2892, 2853] [178, 179, 176, 175, 316, 318, 319, 317]
80 161 342 3.64 [2880, 2818, 2831, 2816, 2881, 2854, 2879, 2819, 2841] [161, 160, 164, 163, 162, 341, 340, 344, 342]
81 183 332 3.48 [12695, 12600, 12658, 12632, 12668, 12684, 12742] [183, 182, 184, 181, 330, 334, 332]
82 167 347 1.23 [2233, 2241, 2236, 2219, 2223, 2206, 2245, 2244, 2218, 2229] [167, 165, 169, 166, 168, 346, 345, 349, 348, 347]
83 178 326 3.46 [2531, 2503, 2526, 2513, 2505, 2499, 2486] [178, 179, 176, 177, 327, 328, 326]
84 133 322 1.41 [3962, 3953, 3983, 3978, 3946, 3944, 3948, 3965] [133, 134, 132, 130, 320, 323, 321, 322]
85 159 318 1.75 [4290, 4262, 4354, 4263, 4324, 4343, 4295] [159, 155, 156, 157, 315, 319, 318]
86 133 338 3.93 [2077, 2082, 2114] [133, 134, 338]
87 133 344 2.67 [3613, 3672, 3681, 3642, 3615] [133, 132, 134, 342, 344]
88 183 328 1.14 [16727, 16557] [183, 328]
89 147 370 3.17 [2892] [147]
90 146 360 3.67 [15994] [146]
91 169 367 2.58 [2166, 2142, 2145, 2152, 2169, 2176, 2170, 2172] [169, 165, 167, 166, 366, 369, 365, 367]
92 152 335 3.04 [6962, 7119, 7081, 7058, 7061, 6983] [152, 154, 153, 338, 339, 335]
93 187 349 3.99 [6282, 6383, 6251, 6376, 6347, 6331, 6279, 6303, 6321, 6248] [187, 188, 185, 186, 189, 346, 345, 348, 347, 349]
94 187 312 3.92 [2075, 2077, 2085, 2070, 2071, 2062, 2089, 2078] [187, 185, 188, 186, 313, 311, 310, 312]
95 139 361 3.38 [2174, 2189, 2168, 2195, 2185, 2182, 2194, 2162] [139, 138, 136, 135, 363, 364, 360, 361]
96 186 362 2.82 [2220, 2223] [186, 362]
97 162 334 1.44 [3334, 3372, 3374, 3383, 3386] [162, 160, 161, 331, 334]
98 184 347 3.35 [8736, 8754, 8646, 8703, 8689, 8682] [184, 182, 181, 345, 348, 347]
99 177 346 1.73 [10980, 11228] [177, 346]
100 143 373 2.42 [2315, 2331, 2324, 2314] [143, 141, 374, 373]
101 148 349 2.01 [2567, 2560, 2536, 2549, 2545] [148, 145, 147, 347, 349]
102 165 321 3.63 [2345, 2363, 2384, 2337, 2375] [165, 169, 167, 322, 321]
103 171 346 2.14 [3644] [171]
104 176 349 1.1 [2700, 2721, 2741] [176, 178, 349]
105 168 315 1.76 [4994] [168]
106 152 374 3.2 [2120, 2086, 2115] [152, 151, 374]
107 186 328 3.37 [6416] [186]
108 142 325 3.83 [2550, 2553, 2565] [142, 143, 325]
109 143 329 1.94 [3917, 3904, 3874, 3885, 3872, 3869, 3879, 3938, 3866, 3956] [143, 144, 141, 140, 142, 325, 328, 326, 327, 329]
110 170 360 1.16 [2074, 2093, 2062, 2084, 2059, 2094] [170, 173, 174, 364, 361, 360]
111 168 314 1.77 [11902, 11997, 12056, 12116, 12041, 12145] [168, 165, 166, 310, 311, 314]
112 178 343 3.26 [4207, 4193, 4261, 4273, 4282, 4198, 4210, 4189, 4205, 4278] [178, 175, 179, 176, 177, 344, 340, 341, 342, 343]
113 170 369 3.06 [5289, 5316, 5283, 5318] [170, 173, 365, 369]
114 130 349 2.76 [4342, 4336, 4292, 4252, 4253] [130, 132, 134, 348, 349]
115 179 358 1.7 [8141, 8185, 8101] [179, 175, 358]
116 147 319 2.2 [5903, 5900, 5944, 5949] [147, 148, 316, 319]
117 173 351 2.13 [5551, 5535, 5489, 5574, 5519, 5539] [173, 172, 174, 354, 353, 351]
118 181 314 2.62 [3520, 3507, 3550, 3511, 3495, 3540, 3498, 3534, 3544, 3494] [181, 180, 182, 184, 183, 310, 311, 312, 313, 314]
119 161 318 2.96 [2206, 2211, 2234, 2236, 2243, 2247] [161, 164, 160, 319, 315, 318]
120 147 327 1.54 [4154, 4102, 4092] [147, 145, 327]
121 156 343 1.89 [2625, 2652, 2644] [156, 158, 343]
122 165 351 2.94 [15366, 15152, 15454] [165, 169, 351]
123 156 365 3.42 [3259, 3222, 3269, 3283] [156, 155, 368, 365]
124 187 316 2.13 [2699, 2678, 2731, 2729, 2680, 2706, 2687, 2681, 2735] [187, 189, 185, 188, 186, 315, 318, 317, 316]
125 141 350 3.39 [2495] [141]
126 181 311 3.48 [2508, 2505, 2535, 2524, 2512, 2559] [181, 180, 182, 312, 313, 311]
127 126 342 3.58 [4923, 4931, 4959, 4980, 4972, 4988, 5039] [126, 128, 129, 125, 341, 343, 342]
128 171 350 3.12 [2551, 2555, 2529, 2505] [171, 172, 352, 350]
129 144 355 1.8 [2743, 2737, 2764, 2771, 2762, 2730, 2761] [144, 143, 141, 140, 358, 357, 355]
130 128 353 2.5 [2164, 2148, 2140, 2166, 2159, 2173, 2151, 2154, 2147, 2146] [128, 127, 129, 125, 126, 351, 350, 354, 352, 353]
131 152 370 2.85 [7551] [152]
132 127 363 2.74 [2109, 2139, 2149, 2135, 2151, 2115, 2147, 2113, 2135] [127, 128, 129, 125, 126, 364, 360, 361, 363]
133 178 340 2.32 [2359] [178]
134 176 327 2.58 [2962, 2950, 3012, 2987, 2966, 2981, 3014, 2998, 2946, 2977] [176, 178, 175, 179, 177, 325, 329, 328, 326, 327]
135 131 370 2.3 [3916, 3953, 3882, 3874, 3943, 3902] [131, 132, 134, 374, 372, 370]
136 148 349 2.4 [7250, 7239, 7227, 7168, 7233] [148, 149, 145, 347, 349]
137 170 340 3.37 [3303, 3298, 3310, 3343, 3327] [170, 173, 172, 344, 340]
138 179 365 2.93 [9943, 9874, 9793, 9809, 9833, 10021, 9984, 9882, 9821, 9891] [179, 175, 178, 176, 177, 369, 368, 367, 366, 365]
139 165 325 1.43 [2632, 2672, 2641, 2670, 2645, 2686] [165, 167, 166, 326, 327, 325]
140 164 338 3.98 [4291, 4335, 4333, 4279] [164, 163, 339, 338]
141 165 374 2.55 [5993, 5934, 5954, 5998, 5944, 6070, 5956] [165, 167, 166, 169, 370, 371, 374]
142 140 337 2.18 [6001, 5917, 5983, 5998] [140, 144, 336, 337]
143 171 331 3.54 [2625, 2630] [171, 331]
144 174 338 3.05 [2712, 2726, 2751, 2739] [174, 173, 335, 338]
145 134 354 3.47 [6712, 6810, 6838] [134, 132, 354]
146 126 354 3.37 [9248, 9214, 9184, 9309, 9138, 9316, 9256, 9112, 9199, 9267] [126, 128, 127, 129, 125, 351, 353, 350, 352, 354]
147 167 358 1.35 [2008, 2018, 2031, 2037, 2034, 2010, 2020, 2015, 2015, 2049] [167, 166, 168, 169, 165, 356, 355, 359, 357, 358]
148 128 314 3.81 [2539, 2570, 2577, 2548, 2575, 2536, 2554, 2549, 2543] [128, 127, 129, 125, 126, 310, 312, 313, 314]
149 151 328 1.34 [2450, 2447] [151, 328]
150 160 356 1.28 [2087, 2083] [160, 356]
151 129 314 2.42 [4001, 4014, 4029, 3989, 3991, 4042, 4066, 4067, 4059, 4047] [129, 128, 127, 125, 126, 310, 311, 312, 313, 314]
152 184 339 2.4 [9493, 9481, 9404, 9524, 9318] [184, 180, 182, 335, 339]
153 155 323 3.73 [5205, 5210, 5270, 5266, 5292, 5314, 5199] [155, 158, 157, 159, 322, 321, 323]
154 170 340 3.76 [9751, 9683, 9771, 9670, 9727, 9824, 9791] [170, 171, 174, 172, 343, 342, 340]
155 146 337 3.57 [13578] [146]
156 140 333 1.14 [2580, 2565, 2588, 2561, 2567, 2556] [140, 143, 141, 330, 331, 333]
157 137 361 2.8 [2681, 2730, 2695, 2732, 2727, 2710] [137, 138, 136, 360, 364, 361]
158 135 345 1.44 [2447, 2450, 2468, 2449, 2454, 2448, 2426, 2455, 2460] [135, 138, 136, 139, 137, 349, 347, 348, 345]
159 133 345 2.89 [2971, 2944, 2989, 2987, 2996, 2955] [133, 132, 134, 347, 348, 345]
160 169 361 1.41 [3512, 3447, 3493, 3506, 3460, 3473, 3503, 3500, 3485, 3470] [169, 167, 166, 168, 165, 362, 363, 360, 364, 361]
161 145 352 2.87 [5622] [145]
162 147 357 3.1 [4780, 4778, 4859, 4832, 4804, 4863] [147, 149, 148, 359, 358, 357]
163 173 335 1.57 [4794] [173]
164 140 360 1.13 [2239, 2215, 2233, 2208, 2218, 2225, 2248] [140, 143, 141, 144, 364, 361, 360]
165 132 368 3.19 [11502, 11536, 11616] [132, 131, 368]
166 154 340 1.37 [2653, 2696, 2666] [154, 150, 340]
167 125 336 1.85 [9538, 9340, 9324] [125, 128, 336]
168 133 312 1.09 [3090, 3043, 3047, 3079, 3039, 3081, 3064, 3062] [133, 134, 130, 131, 311, 314, 313, 312]
169 136 357 1.08 [2092, 2053, 2066, 2055, 2065, 2102, 2067, 2054, 2069, 2058] [136, 135, 138, 139, 137, 359, 356, 355, 358, 357]
170 133 321 1.47 [7659, 7722, 7700, 7710, 7789, 7637, 7792, 7799, 7741] [134, 130, 143, 138, 322, 320, 323, 324, 321]
171 129 318 1.66 [2563, 2559, 2565, 2560] [129, 127, 319, 318]
172 174 315 2.14 [4710, 4747, 4702, 4725, 4737, 4731, 4690, 4721] [174, 173, 170, 171, 316, 319, 317, 315]
173 149 334 3.01 [5156, 5125, 5137, 5116, 5089, 5148, 5076, 5081, 5123] [149, 148, 147, 145, 146, 332, 333, 331, 334]
174 178 346 3.89 [4830, 4806, 4866, 4892, 4784, 4870] [178, 175, 176, 348, 345, 346]
175 167 355 1.96 [2414, 2419, 2407, 2369, 2422, 2389, 2405, 2375, 2406] [167, 166, 168, 169, 165, 356, 358, 357, 355]
176 154 313 3.22 [15354, 15117, 15192, 15154, 15236, 15336, 15229, 15292] [154, 150, 151, 153, 314, 312, 310, 313]
177 177 351 2.52 [3399, 3365, 3401, 3425, 3411, 3372, 3356, 3420] [177, 178, 175, 176, 353, 350, 352, 351]
178 176 334 2.45 [5741, 5710, 5691, 5762, 5675, 5750, 5720, 5769, 5672] [176, 179, 178, 177, 175, 333, 330, 331, 334]
179 166 325 1.9 [2149, 2147, 2175, 2141, 2137, 2181, 2158] [166, 167, 168, 169, 326, 327, 325]
180 161 330 3.95 [2612, 2609, 2606] [161, 160, 330]
181 151 369 1.89 [3304, 3265, 3308, 3319, 3297] [151, 152, 150, 366, 369]
182 126 340 3.3 [8428, 8338, 8435] [126, 127, 340]
183 144 374 1.95 [2210] [144]
184 164 322 2.79 [2346, 2362, 2342, 2347, 2333, 2348, 2371, 2375, 2360, 2329] [164, 161, 160, 163, 162, 321, 323, 320, 324, 322]
185 180 326 3.22 [5619, 5564, 5580, 5603, 5539, 5571, 5578, 5576] [180, 181, 184, 182, 329, 328, 327, 326]
186 156 325 2.68 [4907, 4952, 4915] [156, 158, 325]
187 170 367 1.81 [6800, 6879, 6777, 6822] [170, 173, 366, 367]
188 168 325 2.76 [10062, 10041, 10208, 10078, 10258, 10070] [168, 167, 166, 326, 327, 325]
189 173 312 3.83 [3377, 3416, 3391, 3366, 3443, 3418, 3380, 3370, 3444] [173, 172, 171, 170, 174, 310, 313, 311, 312]
190 134 346 2.98 [2034, 2045, 2078, 2072, 2043, 2039, 2079, 2053, 2069, 2031] [134, 133, 130, 132, 131, 347, 348, 349, 345, 346]
191 179 360 1.45 [3455] [179]
192 136 366 2.62 [2531, 2525, 2519, 2492, 2488, 2546] [136, 135, 139, 369, 365, 366]
193 130 357 1.43 [11452, 11448, 11410, 11438, 11557, 11429, 11424, 11576, 11405, 11552] [141, 135, 137, 144, 139, 356, 359, 355, 358, 357]
194 178 373 2.28 [2340, 2322, 2375, 2364, 2324, 2353, 2357, 2345, 2342] [178, 177, 175, 176, 179, 370, 371, 372, 373]
195 175 346 3.38 [4991, 4983, 5033] [175, 178, 346]
196 128 328 1.87 [2679, 2700, 2718, 2708] [128, 129, 326, 328]
197 143 348 2.9 [3231, 3254, 3304, 3258] [143, 142, 345, 348]
198 125 317 1.85 [2311, 2283, 2303, 2317, 2325, 2300, 2284, 2291, 2278, 2316] [125, 129, 128, 127, 126, 319, 315, 316, 318, 317]
199 187 324 2.13 [3345, 3284, 3340, 3315, 3295, 3318, 3330, 3306] [187, 189, 185, 188, 322, 323, 320, 324]
200 182 326 1.17 [4098, 4183, 4181, 4127, 4147, 4149, 4113] [182, 180, 183, 181, 327, 328, 326]
201 158 361 1.8 [2108, 2132] [158, 361]
202 179 374 3.89 [9035, 9204, 9196, 9136, 9106] [179, 177, 176, 371, 374]
203 143 332 3.74 [11212, 11254, 11408, 11469, 11315, 11347, 11202, 11357] [143, 142, 140, 141, 334, 330, 331, 332]
204 129 313 3.47 [2035, 2074, 2047, 2071, 2038, 2042, 2051] [129, 128, 127, 125, 314, 311, 313]
205 125 358 2.72 [2245, 2249, 2236, 2267, 2233, 2257, 2237, 2275] [125, 129, 128, 127, 359, 355, 357, 358]
206 140 345 2.13 [2039, 2050, 2053, 2048, 2026, 2054] [140, 144, 142, 347, 349, 345]
207 186 370 3.37 [6599] [370]
208 132 353 3.71 [2033, 2004, 2041, 2009, 2037, 2031, 2013, 2021, 2049, 2025] [132, 133, 134, 130, 136, 351, 354, 350, 352, 353]
209 160 314 1.29 [2444, 2489, 2492, 2432, 2461, 2479, 2487, 2477, 2484] [160, 161, 164, 163, 162, 310, 313, 311, 314]
210 134 366 1.97 [2335] [366]
211 125 363 1.78 [2587, 2595, 2599] [125, 129, 363]
212 129 316 3.79 [2225, 2230, 2244] [129, 128, 316]
213 156 353 3.3 [2238, 2261, 2253, 2276, 2259, 2272, 2241, 2264] [156, 157, 159, 155, 354, 350, 352, 353]
214 156 320 3.17 [2524, 2515, 2535, 2558, 2504, 2522, 2510, 2526, 2521, 2551] [156, 157, 159, 155, 158, 322, 323, 321, 324, 320]
215 157 348 3.66 [2013, 2020, 2010, 2046] [157, 156, 349, 348]
216 145 318 3.35 [2969, 2964] [145, 318]
217 168 335 1.97 [2137, 2089, 2138, 2100, 2135, 2111, 2132, 2094] [168, 167, 166, 169, 339, 338, 337, 335]
218 178 314 1.08 [5294, 5266, 5366, 5362, 5310, 5345, 5281, 5371, 5288, 5279] [178, 175, 177, 176, 179, 310, 312, 313, 311, 314]
219 165 329 3.0 [2473, 2422, 2458, 2456, 2454, 2468, 2441, 2469] [165, 167, 166, 169, 326, 327, 328, 329]
220 186 347 1.94 [6814, 6775, 6769] [189, 349, 347]
221 138 314 1.15 [2987, 3043] [138, 314]
222 151 349 2.41 [3927, 3965, 3909, 3989, 3973, 3970, 4000, 3935] [151, 152, 153, 150, 346, 348, 345, 349]
223 128 313 1.53 [2730] [128]
224 166 345 3.04 [2433, 2467, 2421, 2454, 2447, 2428, 2469, 2473, 2431, 2458] [166, 167, 169, 168, 165, 349, 346, 348, 347, 345]
225 166 345 1.68 [2979, 3016, 2995, 2965, 2968] [166, 167, 169, 347, 345]
226 157 311 3.56 [5945, 5918] [157, 311]
227 127 350 3.36 [2814, 2809, 2832] [127, 129, 350]
228 140 338 3.53 [5604, 5694] [140, 144]
229 133 360 2.15 [2368, 2356, 2362, 2367, 2396] [361, 363, 364, 362, 360]
230 178 331 1.76 [3574, 3598, 3582, 3649, 3576, 3585, 3623, 3577] [178, 175, 177, 179, 330, 332, 333, 331]
231 128 326 2.26 [2553, 2551, 2526, 2566, 2522, 2516, 2527, 2508, 2560, 2523] [128, 126, 127, 129, 125, 325, 329, 327, 328, 326]
232 131 324 2.93 [3764, 3756, 3835, 3748, 3809, 3790] [136, 322, 323, 320, 321, 324]
233 159 358 1.31 [2520, 2505, 2512, 2524] [159, 155, 357, 358]
234 138 364 1.47 [4492, 4520, 4548, 4530, 4511] [138, 136, 135, 362, 364]
235 148 353 2.44 [3553, 3543, 3560, 3527, 3488, 3548] [148, 147, 149, 350, 352, 353]
236 157 313 3.42 [5368, 5426, 5330] [157, 159, 313]
237 129 316 1.16 [4458, 4441, 4474, 4434, 4491, 4423, 4443, 4509, 4452, 4469] [129, 126, 128, 127, 125, 318, 319, 315, 317, 316]
238 171 363 3.69 [2867, 2860, 2886, 2855, 2843, 2831, 2884] [171, 173, 172, 170, 360, 362, 363]
239 153 312 1.38 [2281, 2331, 2316] [153, 152, 312]
240 178 344 2.79 [14898, 15045, 14781, 15088, 14762, 15009, 15033, 14769, 15082] [190, 191, 192, 193, 340, 343, 342, 341, 344]
241 162 352 3.17 [2444, 2413, 2436, 2433, 2434, 2424, 2451, 2456, 2423, 2414] [162, 161, 160, 164, 163, 351, 350, 353, 354, 352]
242 181 326 1.82 [5072, 5093, 5087, 5104, 5068, 5028, 5049, 5045, 5064, 5039] [181, 180, 184, 183, 182, 325, 329, 327, 328, 326]
243 154 313 1.46 [6228] [154]
244 156 327 2.97 [2130, 2158, 2173, 2131, 2149, 2144] [156, 158, 155, 326, 328, 327]
245 129 371 3.59 [2490, 2455, 2511, 2465, 2507, 2479, 2480, 2453, 2486] [129, 126, 128, 127, 125, 370, 373, 372, 371]
246 170 322 1.6 [3924] [170]
247 159 357 2.16 [4569] [159]
248 132 313 1.96 [5948, 5889, 5987, 5972, 5980, 5963, 5936] [137, 138, 314, 312, 310, 311, 313]
249 181 365 2.99 [2334, 2370, 2332, 2372, 2320, 2333, 2338] [181, 180, 184, 183, 369, 367, 365]
250 146 314 3.04 [2361] [146]
251 133 343 1.04 [3474, 3420, 3475, 3448, 3451, 3400, 3478, 3404] [136, 139, 135, 340, 342, 344, 341, 343]
252 155 315 3.35 [2242, 2291, 2256, 2255, 2271, 2258] [155, 156, 158, 319, 317, 315]
253 149 327 3.08 [3188, 3244, 3215, 3226, 3219, 3195, 3192, 3202] [149, 147, 145, 148, 329, 326, 328, 327]
254 153 370 1.19 [3558, 3551, 3516] [153, 152, 370]
255 173 336 3.65 [2111, 2132, 2096, 2103] [173, 172, 174, 337]
256 158 313 1.93 [3104, 3092, 3125, 3111, 3103, 3085, 3081, 3102] [158, 156, 155, 159, 312, 310, 311, 313]
257 185 332 2.63 [6452, 6487, 6503, 6425, 6447, 6444, 6495, 6457, 6422, 6436] [185, 188, 187, 194, 195, 330, 334, 331, 333, 332]
258 166 357 3.2 [2417, 2378, 2409] [166, 167, 357]
259 176 318 3.65 [2207] [176]
260 187 370 3.04 [2556] [187]
261 128 373 2.91 [2894, 2846, 2859, 2899, 2895] [128, 126, 127, 372, 373]
262 145 329 3.28 [2235, 2196, 2245, 2226, 2235] [145, 147, 149, 328, 329]
263 168 315 2.89 [3613, 3634, 3612, 3697, 3610, 3672] [168, 167, 169, 319, 317, 315]
264 187 368 3.1 [3148, 3078, 3076, 3099, 3088] [185, 188, 365, 367, 368]
265 158 347 2.43 [3759, 3691, 3771, 3737, 3716, 3773, 3725] [158, 156, 155, 157, 345, 348, 347]
266 141 326 3.78 [2298, 2300, 2311, 2299, 2292, 2322, 2326, 2304] [141, 144, 143, 142, 329, 327, 328, 326]
267 172 319 2.45 [3830, 3806, 3792, 3856, 3798, 3847, 3803, 3827] [172, 173, 171, 174, 317, 316, 318, 319]
268 157 347 1.08 [2281, 2291, 2293, 2275, 2285, 2264, 2297] [157, 156, 158, 155, 348, 346, 347]
269 143 366 1.72 [9293, 9397, 9305] [143, 144, 366]
270 136 352 2.8 [5262, 5161, 5270, 5249, 5234] [136, 139, 138, 354, 352]
271 178 354 3.79 [7429, 7405] [178, 354]
272 127 366 1.59 [3545] [366]
273 177 339 1.04 [4029] [177]
274 141 332 1.46 [15154, 15254, 15273] [141, 142, 332]
275 173 316 2.43 [3142, 3201, 3189, 3215, 3190, 3184, 3160, 3168, 3151] [173, 172, 171, 170, 174, 317, 315, 318, 316]
276 157 360 2.66 [3589, 3519, 3582, 3550, 3521, 3540, 3537] [157, 156, 159, 158, 362, 363, 360]
277 160 370 3.0 [4849, 4899, 4855, 4871, 4859, 4879, 4867, 4943, 4861, 4913] [160, 164, 163, 161, 162, 374, 371, 373, 372, 370]
278 126 370 3.26 [3448, 3388, 3450, 3398, 3429, 3373] [126, 129, 125, 373, 372, 370]
279 147 351 2.57 [2881, 2929, 2868, 2907] [147, 148, 353, 351]
280 153 351 3.75 [3387, 3424] [153, 351]
281 169 323 2.06 [2496, 2548, 2512, 2536, 2486, 2538] [169, 167, 166, 320, 324, 323]
282 176 361 2.87 [13002] [361]
283 149 370 2.67 [2674, 2684, 2680, 2658, 2662] [149, 145, 147, 372, 370]
284 127 347 2.22 [3404, 3430, 3411, 3439, 3451, 3402, 3440, 3394, 3392, 3409] [128, 137, 135, 136, 139, 138, 348, 346, 345, 349]
285 165 369 1.42 [5263] [165]
286 164 359 1.89 [2589, 2619, 2573, 2597, 2587, 2575, 2569, 2567, 2622] [164, 161, 160, 163, 162, 356, 358, 357, 359]
287 150 358 1.3 [2907, 2947, 2910, 2917, 2953, 2934, 2961, 2968, 2963] [150, 152, 151, 154, 153, 356, 355, 357, 358]
288 176 323 3.79 [2037, 2014, 2025, 2015, 2017, 2039, 2058, 2024] [176, 175, 178, 179, 320, 321, 324, 323]
289 143 340 1.52 [8451, 8392, 8289, 8385, 8437, 8327, 8410, 8347, 8454] [143, 144, 140, 142, 137, 342, 343, 344, 341]
290 173 370 1.5 [7155, 7073, 7102, 7126, 7067, 6994, 7038, 7082, 7085] [173, 172, 171, 170, 174, 371, 372, 373, 370]
291 173 337 3.15 [3296] [173]
292 168 316 1.04 [2164, 2153] [168, 316]
293 129 346 1.2 [4774, 4863, 4867, 4840, 4778, 4782, 4776, 4764] [135, 136, 139, 138, 148, 137, 145, 149]
294 137 317 1.25 [2049, 2046, 2088, 2050, 2068, 2043] [137, 135, 136, 315, 318, 317]
295 187 335 3.87 [7772] [196]
296 181 334 1.05 [4159, 4207] [181, 334]
297 132 343 1.64 [2745, 2737, 2777, 2740, 2748, 2788, 2751, 2793, 2750] [135, 139, 147, 138, 136, 342, 344, 341, 343]
298 125 359 2.55 [2152, 2164, 2187, 2179, 2155, 2151, 2145] [127, 135, 356, 355, 358, 357, 359]
299 180 360 2.3 [3237, 3278, 3235, 3265, 3271, 3257, 3248, 3236] [180, 184, 183, 182, 362, 363, 364, 360]
300 184 368 1.2 [11858, 11804, 11809, 11818, 12024, 11823, 12019] [180, 197, 366, 365, 367, 369, 368]
301 179 343 1.59 [2876, 2871, 2875, 2905, 2913, 2862] [179, 175, 178, 344, 341, 343]
302 174 363 3.08 [2767, 2722, 2777, 2779, 2776] [174, 173, 172, 364, 363]
303 165 351 2.5 [2608, 2567, 2587, 2570] [165, 167, 350, 351]
304 154 352 3.69 [5629, 5587, 5574, 5532, 5604, 5569] [154, 152, 150, 350, 353, 352]
305 134 372 1.19 [18797, 18681, 18936, 18712, 18905, 18512, 18928, 18735, 18527, 18574] [148, 149, 147, 139, 145, 370, 371, 374, 373, 372]
306 165 327 2.37 [5358, 5338, 5286, 5347, 5310, 5273, 5295, 5319, 5303] [167, 166, 169, 168, 164, 329, 326, 328, 327]
307 156 363 3.12 [6568, 6420, 6469] [156, 155, 363]
308 159 374 3.11 [3412, 3422, 3394, 3379, 3368, 3384, 3365, 3398, 3439, 3391] [159, 158, 155, 157, 156, 370, 371, 372, 373, 374]
309 148 355 2.12 [2722, 2690, 2706, 2704, 2709, 2700, 2699, 2720] [148, 147, 145, 149, 359, 358, 357, 355]
310 130 318 2.98 [7782] [318]
311 126 351 2.42 [5070, 5110, 5152, 5097] [350, 353, 352, 351]
312 137 355 1.97 [4385, 4355, 4339, 4349, 4373, 4394, 4392] [137, 135, 138, 136, 358, 357, 355]
313 140 363 2.14 [3796, 3743, 3766] [140, 144, 363]
314 155 317 2.33 [16192, 16286, 16367, 16347, 16307] [155, 159, 158, 319, 317]
315 143 311 1.07 [2137, 2131, 2129, 2143, 2153, 2159, 2122, 2123] [143, 144, 141, 140, 313, 314, 310, 311]
316 133 355 3.21 [2223, 2204, 2199, 2180, 2221, 2212, 2185, 2210, 2213, 2180] [135, 138, 136, 137, 144, 359, 356, 358, 357, 355]
317 173 327 3.36 [5305, 5396] [173, 327]
318 178 345 1.22 [6823, 6734, 6773, 6720, 6790, 6759, 6751] [175, 198, 199, 194, 195, 197, 196]
319 128 355 2.99 [19215, 18972, 18933, 19003, 18941, 18988] [362, 360, 364, 361, 363, 200]
320 137 340 1.46 [4888, 4842, 4836, 4846, 4800, 4868, 4890, 4798, 4804, 4886] [137, 135, 138, 136, 139, 144, 148, 147, 344, 341]
321 167 359 1.01 [6557, 6530, 6481, 6503, 6546] [167, 166, 358, 357, 359]
322 186 349 2.02 [4482, 4486, 4501, 4420] [189, 198, 199, 194]
323 171 361 1.06 [3554, 3527, 3503] [171, 170, 361]
324 145 317 1.64 [6489, 6574] [145, 317]
325 151 317 3.4 [14650, 14595, 14728, 14553, 14758, 14783, 14692, 14680, 14541, 14637] [151, 150, 152, 153, 154, 163, 161, 160, 164, 315]
326 177 369 3.55 [5382, 5355] [175, 369]
327 128 369 3.89 [9165, 9272] [367, 369]
328 168 340 3.03 [4502] [167]
329 157 339 3.77 [2051, 2090, 2092, 2054, 2096] [157, 156, 159, 338, 337]
330 164 344 2.98 [4194, 4236, 4201, 4165, 4174, 4154, 4243, 4238, 4158, 4210] [164, 162, 161, 163, 160, 157, 151, 156, 150, 152]
331 147 323 2.23 [3484, 3413, 3414, 3423, 3477, 3436] [147, 149, 148, 321, 324, 323]
332 125 368 3.21 [2509, 2543, 2542, 2540, 2521, 2541, 2525] [135, 138, 369, 367, 366, 365, 368]
333 161 373 1.21 [12774, 12747, 12715, 12805, 12969, 12990, 12811, 12974, 12758, 12731] [162, 157, 365, 354, 352, 353, 350, 357, 372, 373]
334 182 332 3.94 [2307, 2276, 2309, 2275, 2279] [182, 184, 183, 333, 332]
335 129 364 3.45 [3038, 3082, 3065, 3047, 3057, 3036, 3096, 3100, 3061, 3046] [136, 135, 137, 138, 139, 363, 361, 360, 362, 364]
336 155 368 1.69 [4583, 4657, 4596, 4630] [156, 366, 365, 368]
337 140 347 2.19 [2067, 2051, 2058, 2070, 2054] [140, 144, 143, 349, 347]
338 174 359 1.57 [7547, 7663, 7694, 7678, 7610, 7516, 7550, 7559, 7603, 7622] [162, 161, 163, 160, 151, 357, 355, 356, 358, 359]
339 155 337 2.96 [5145, 5149] [156, 162]
340 149 312 2.37 [10591] [311]
341 178 317 2.78 [4318, 4347, 4327, 4308] [176, 318, 316, 317]
342 178 353 2.4 [6879, 6885, 6925, 6836, 6908] [351, 350, 352, 354, 353]
343 154 349 2.47 [7565, 7602, 7618, 7627, 7640, 7562] [154, 153, 164, 162, 333, 331]
344 138 316 2.23 [16352] [316]
345 163 335 3.06 [2061, 2058, 2074, 2069, 2037, 2054, 2045, 2032] [163, 161, 162, 160, 150, 169, 338, 337]
346 150 313 3.63 [9655] [300]
347 168 373 1.77 [4937, 5033, 4961, 4998, 4939, 4953] [152, 370, 371, 372, 374, 373]
348 133 360 3.17 [4689, 4714] [362, 360]
349 140 330 2.38 [3542, 3588, 3568, 3579, 3630, 3587, 3618, 3606] [144, 141, 143, 332, 331, 334, 333, 330]
350 145 351 3.96 [2752, 2731, 2759] [145, 149, 351]
351 165 373 3.65 [3194, 3197, 3206, 3154, 3156] [165, 169, 372, 374, 373]
352 153 343 3.14 [4656, 4590, 4604] [150, 333, 330]
353 143 315 1.27 [2388, 2443, 2423, 2408, 2429, 2387, 2416, 2389] [144, 136, 135, 137, 138, 316, 319, 318]
354 142 372 1.83 [8951] [136]
355 128 313 1.02 [2582, 2598, 2573] [135, 137, 311]
356 153 373 3.51 [2578, 2548, 2563, 2545, 2591, 2562, 2558] [157, 172, 166, 371, 372, 374, 373]
357 134 374 2.93 [2764] [373]
358 157 340 3.12 [2665, 2668] [158, 342]
359 129 326 3.21 [6741, 6730, 6783, 6719, 6856, 6792] [138, 333, 334, 327, 328, 326]
360 159 362 3.74 [16273, 16134, 16373, 16000] [201, 202, 203, 204]
361 170 317 1.04 [3370, 3399] [319, 318]
362 184 324 1.94 [3824, 3851, 3848, 3864, 3818, 3872] [184, 181, 183, 320, 322, 324]
363 185 371 3.66 [3156, 3181, 3155, 3190, 3160, 3131, 3163] [186, 198, 199, 195, 194, 197, 196]
364 179 322 3.4 [4191, 4269, 4201] [323, 321, 322]
365 136 319 2.95 [4221, 4216, 4219, 4312, 4288, 4225, 4293, 4228, 4253] [136, 135, 137, 139, 149, 148, 316, 318, 319]
366 132 319 2.0 [16795, 16879, 17032, 17046, 17053, 17116] [301, 302, 303, 304, 305, 306]
367 179 337 3.56 [2199] [337]
368 165 314 3.73 [4692, 4794, 4790, 4716, 4772, 4678] [307, 308, 309, 301, 302, 311]
369 186 314 1.22 [2376, 2352, 2347, 2348, 2360, 2383, 2373, 2350] [199, 198, 195, 197, 194, 196, 192, 311]
370 187 372 2.11 [3627] [199]
371 162 333 1.87 [10790, 10932, 10830, 10812, 10727, 10776, 10941] [205, 206, 207, 208, 209, 330, 331]
372 159 362 1.31 [3384, 3452, 3404, 3453, 3391, 3447, 3426, 3397] [358, 368, 367, 356, 365, 360, 364, 362]
373 157 355 1.6 [6992, 7050] [358, 355]
374 158 341 2.11 [2260, 2295] [161, 341]
375 146 337 3.17 [2190] [146]
376 152 355 3.89 [2489, 2481, 2528, 2491, 2526, 2493, 2513, 2515, 2486, 2520] [151, 163, 368, 366, 367, 359, 358, 357, 356, 355]
377 182 335 1.91 [3231, 3225, 3202] [182, 181, 184]
378 150 314 3.92 [3743, 3740, 3760, 3706, 3755, 3794, 3718, 3719] [307, 309, 308, 303, 304, 305, 306, 311]
379 148 349 3.53 [6001, 6028, 5978, 5998, 5988, 6043, 5991, 6026, 6070] [333, 334, 329, 326, 328, 210, 211, 212, 213]
380 149 313 2.8 [12649, 12811, 12623, 12571, 12634, 12592, 12753, 12535, 12727, 12639] [307, 309, 308, 300, 303, 304, 306, 305, 301, 302]
381 145 350 2.25 [2657, 2636, 2630, 2638, 2654] [145, 147, 352, 354, 350]
382 179 354 1.78 [5500, 5469, 5478, 5496, 5494] [198, 350, 352, 353, 354]
383 183 341 1.83 [2026, 2029, 2055, 2068] [183, 199, 195, 198]
384 178 353 2.86 [5628, 5637, 5675, 5635, 5630, 5710] [195, 199, 194, 197, 198, 190]
385 136 355 3.43 [3486, 3536, 3553, 3502] [135, 137, 359, 356]
386 178 331 2.77 [3293, 3299, 3274, 3335, 3290, 3285, 3256, 3324, 3322] [178, 195, 199, 194, 197, 198, 191, 193, 332]
387 129 313 1.09 [4389] [135]
388 143 351 1.35 [3674, 3629, 3665, 3664, 3676] [137, 139, 368, 369, 365]
389 184 342 3.77 [3562, 3565, 3603, 3592, 3569, 3553, 3589] [196, 195, 192, 199, 191, 193, 194]
390 132 364 1.21 [10404, 10319, 10387, 10456, 10434] [366, 367, 214, 215, 216]
391 186 332 2.0 [4402, 4440, 4442, 4415] [197, 198, 195, 199]
392 163 319 1.82 [2033, 2011, 2048, 2019, 2037, 2007, 2015, 2036, 2042, 2004] [173, 167, 168, 171, 307, 308, 309, 300, 318, 319]
393 140 356 2.68 [7866] [368]
394 133 356 2.05 [2594, 2595, 2605, 2584, 2610, 2608, 2550, 2587] [136, 369, 365, 364, 359, 358, 357, 356]
395 131 340 3.21 [2022, 2050, 2019, 2048, 2053, 2065] [129, 327, 345, 346, 328, 333]
396 184 363 3.86 [3953, 3991, 3954, 3972, 3961, 4010] [196, 192, 190, 191, 193, 364]
397 176 351 1.99 [2719, 2683, 2686, 2695] [194, 197, 198, 353]
398 139 323 1.05 [2642, 2685, 2641, 2664, 2624, 2639, 2657, 2662] [307, 308, 309, 322, 321, 324, 320, 323]
399 126 321 3.9 [2417, 2397, 2368, 2363, 2382, 2390, 2406, 2412, 2374, 2362] [307, 308, 309, 300, 305, 323, 322, 324, 320, 321]
400 126 336 1.08 [3041, 3037, 3061, 3084, 3060, 3036, 3027] [327, 217, 218, 219, 220, 221, 222]
401 140 322 3.95 [4367, 4316] [321, 322]
402 164 359 2.24 [3486, 3506, 3442] [356, 358, 357]
403 169 326 2.36 [15734, 15872, 16089, 15780, 16036, 15859, 15971, 15754, 16023] [223, 224, 225, 226, 227, 228, 229, 230, 231]
404 165 318 1.99 [3123, 3173, 3180, 3149, 3153, 3132, 3158, 3131, 3146, 3151] [307, 308, 309, 300, 304, 303, 306, 302, 301, 318]
405 176 358 3.96 [3214, 3194, 3228, 3262, 3224, 3206, 3212, 3200, 3190] [196, 195, 194, 192, 190, 199, 197, 191, 193]
406 166 321 3.67 [2742, 2753, 2752, 2790, 2805, 2754, 2761, 2777, 2793, 2781] [307, 308, 309, 300, 305, 322, 323, 324, 320, 321]
407 187 365 2.9 [11579, 11574, 11451, 11546, 11532, 11409, 11631, 11394] [190, 192, 191, 193, 196, 198, 195, 194]
408 179 318 3.42 [2399, 2412, 2387, 2418] [199, 197, 196, 318]
409 131 321 3.74 [2147, 2119, 2106, 2135, 2132, 2110, 2137, 2138] [307, 308, 309, 322, 323, 324, 320, 321]
410 170 330 1.63 [3331, 3343, 3360, 3387, 3394, 3351, 3401] [232, 233, 234, 235, 236, 237, 238]
411 171 328 2.02 [3859, 3831, 3884, 3834, 3891] [239, 240, 241, 242, 243]
412 140 356 2.64 [2377, 2400, 2362, 2387, 2355, 2398, 2356, 2379, 2353, 2406] [369, 365, 362, 360, 244, 245, 246, 247, 248, 249]
413 159 363 1.69 [10938, 10942] [250, 251]
414 142 351 1.48 [6156, 6153, 6126, 6138, 6118, 6103, 6108] [252, 253, 254, 255, 256, 257, 258]
415 151 334 2.91 [3758] [259]
416 171 314 3.29 [3453, 3498] [300, 307]
417 130 356 2.8 [6840, 6948, 6942] [260, 261, 262]
418 135 352 3.61 [8250, 8294, 8139, 8305, 8162] [263, 264, 265, 266, 267]
419 177 330 1.27 [2024, 2055, 2018, 2052, 2050, 2039, 2036, 2061] [199, 197, 190, 192, 196, 191, 193, 198]
420 132 345 2.26 [4788, 4867, 4762, 4796, 4863] [268, 269, 270, 271, 272]
421 167 315 3.38 [2056, 2067] [308, 318]
422 131 346 2.09 [6312, 6349, 6352] [273, 274, 275]
423 153 339 1.19 [3487, 3460, 3463, 3444, 3461] [276, 277, 278, 279, 280]
424 155 366 1.72 [4334, 4300, 4284, 4365, 4320, 4290, 4363, 4343, 4375] [281, 282, 283, 284, 285, 286, 287, 288, 289]
425 140 343 2.11 [2075, 2079, 2066] [348, 325, 326]
426 167 311 1.05 [3969, 3959] [304, 303]
427 126 319 1.3 [7508, 7428, 7532, 7446] [309, 306, 302, 301]
428 135 348 2.21 [3488, 3552, 3513] [290, 291, 292]
429 158 355 2.96 [4524, 4556, 4511, 4526, 4509, 4597, 4517, 4599] [293, 294, 295, 296, 297, 298, 299, 248]
430 171 348 3.45 [18154, 18357] [244, 246]
431 125 318 3.75 [3321, 3337, 3272, 3264, 3316, 3284, 3332] [308, 305, 300, 307, 304, 303, 309]
432 143 326 1.76 [2381, 2396, 2408, 2390, 2368, 2415, 2388] [247, 245, 249, 222, 221, 217, 220]
433 147 319 2.63 [2796, 2862, 2810, 2802, 2851] [308, 305, 300, 307, 318]
434 149 367 1.36 [2363] [369]
435 156 344 2.67 [10534] [218]
436 138 340 2.66 [2166, 2151, 2147, 2167, 2163, 2183, 2155, 2155] [219, 232, 233, 237, 234, 235, 236, 238]
437 147 366 2.61 [2172, 2148, 2127] [354, 279, 365]
438 181 335 2.88 [12995, 13113, 13145, 12904, 12920, 13129, 13000, 13059, 13150] [190, 192, 191, 193, 196, 199, 197, 195, 194]
439 128 314 2.18 [14589, 14698] [300, 303]
440 168 357 1.27 [2335] [277]
441 146 360 1.38 [2802, 2859, 2808, 2857, 2862, 2826, 2845, 2840, 2833] [280, 278, 276, 290, 292, 240, 242, 239, 241]
442 173 334 2.45 [2693, 2665] [291, 243]
443 156 362 2.17 [4937, 5039] [259, 283]
444 167 371 3.33 [8514, 8528, 8602, 8676, 8507, 8634, 8560] [286, 282, 285, 281, 288, 287, 284]
445 173 323 3.42 [5451, 5440, 5501, 5411, 5402] [324, 322, 320, 321, 323]
446 144 361 2.77 [4774, 4754, 4750, 4809, 4823, 4776, 4768, 4798, 4784, 4851] [289, 297, 295, 299, 293, 296, 294, 298, 247, 270]
447 147 335 2.61 [2492, 2530, 2519, 2522, 2523, 2495, 2537] [268, 245, 271, 249, 272, 269, 219]
448 135 314 3.03 [2074, 2038, 2042, 2048, 2040, 2046, 2054, 2061, 2027] [304, 306, 308, 305, 302, 301, 307, 309, 320]
449 184 354 3.56 [4318, 4332, 4334, 4320] [198, 190, 192, 191]
450 177 334 3.82 [18494, 18570] [221, 222]
451 163 370 2.88 [2288, 2284, 2328, 2276, 2278, 2306, 2324] [220, 217, 232, 233, 237, 234, 236]
452 141 315 1.41 [4042, 4072, 4107, 4058] [304, 306, 308, 305]
453 153 347 2.68 [6808, 6771, 6858, 6827, 6746, 6743] [238, 235, 279, 277, 211, 212]
454 127 357 2.99 [3993, 4021] [257, 258]
455 163 340 2.82 [5450, 5461, 5394, 5388, 5425, 5419] [210, 213, 256, 254, 255, 253]
456 159 328 3.71 [8261, 8241] [252, 291]
457 151 364 1.89 [2674, 2689, 2705, 2679, 2716, 2671, 2709, 2694] [280, 276, 278, 290, 292, 243, 240, 242]
458 160 318 1.2 [14659] [302]
459 179 328 1.94 [2955, 2953, 2979, 2928, 2961, 2976] [198, 193, 196, 199, 197, 190]
460 151 366 3.54 [7788, 7855, 7778, 7759] [273, 274, 275, 239]
461 176 360 2.24 [3359] [198]
462 173 317 2.79 [3354, 3369, 3308, 3336, 3349, 3346] [301, 307, 309, 304, 306, 308]
463 142 321 3.97 [2135, 2103, 2100, 2091, 2127, 2122, 2085, 2091, 2115] [301, 305, 307, 309, 322, 320, 323, 324, 321]
464 150 328 2.15 [6066, 6019, 6016, 6056, 6104, 6099, 6064, 6081, 6041, 6076] [241, 260, 262, 261, 248, 268, 271, 245, 249, 269]
465 143 347 1.86 [3216, 3171, 3187] [272, 217, 220]
466 187 359 1.53 [2156, 2187] [192, 193]
467 172 331 1.31 [2247, 2281, 2286, 2265, 2258] [219, 280, 276, 278, 233]
468 173 370 2.2 [2784, 2813, 2769] [237, 232, 234]
469 167 362 2.48 [3213, 3240, 3200] [236, 259, 290]
470 164 344 1.35 [2532, 2525, 2488, 2490] [243, 240, 242, 292]
471 165 325 2.37 [4865, 4953, 4939] [289, 295, 297]
472 134 319 2.48 [2068, 2034] [301, 305]
473 152 362 2.72 [3497] [296]
474 169 334 3.92 [3364, 3354, 3368, 3358, 3343, 3377, 3404, 3340] [283, 294, 299, 293, 298, 247, 270, 233]
475 150 313 2.13 [4261, 4288, 4249, 4235, 4276, 4302, 4253, 4286] [304, 307, 306, 308, 301, 305, 309, 303]
476 147 370 2.39 [5986, 6011, 5979, 5956, 6050] [219, 257, 258, 214, 216]
477 127 323 2.52 [8245] [323]
478 137 311 2.84 [2075, 2098, 2091, 2081, 2063] [304, 307, 306, 308, 301]
479 125 329 1.73 [8157, 8050, 8153, 8140, 8004, 8010, 8044] [215, 237, 234, 272, 232, 209, 205]
480 176 319 3.9 [2534, 2512, 2529, 2553, 2532, 2558, 2520, 2550, 2527, 2546] [198, 191, 196, 192, 199, 193, 197, 190, 195, 194]
481 158 340 2.66 [3091, 3095, 3071] [217, 220, 250]
482 174 350 3.89 [6559, 6473, 6584, 6562, 6476, 6497, 6603, 6573, 6557, 6549] [265, 267, 263, 264, 266, 208, 207, 206, 251, 236]
483 157 343 3.61 [2873, 2904, 2889, 2929, 2932, 2934, 2886, 2914, 2907, 2872] [280, 276, 278, 256, 254, 255, 253, 292, 243, 242]
484 162 325 1.36 [2427, 2449, 2460, 2458, 2459, 2468, 2423, 2418, 2454, 2439] [240, 290, 259, 217, 220, 241, 249, 271, 268, 245]
485 129 336 2.77 [4120, 4073, 4076, 4064, 4128, 4090, 4048] [235, 238, 294, 283, 279, 299, 293]
486 182 342 1.64 [2379, 2384, 2367, 2394, 2376, 2342, 2345] [198, 191, 196, 192, 199, 193, 197]
487 152 363 2.42 [8562, 8583, 8715] [210, 213, 277]
488 170 321 2.29 [2709, 2711, 2679, 2699, 2668, 2720] [305, 323, 322, 320, 324, 321]
489 130 318 1.6 [3870, 3910, 3904, 3923] [309, 300, 304, 307]
490 162 330 1.34 [2901, 2874, 2924, 2911, 2862, 2906, 2896, 2871, 2886, 2908] [240, 290, 269, 250, 259, 217, 280, 220, 296, 278]
491 164 338 1.81 [2726, 2684, 2680, 2689, 2706, 2719, 2729, 2679] [276, 248, 240, 292, 241, 242, 243, 290]
492 152 338 2.93 [2863, 2823] [289, 298]
493 184 368 1.28 [6822, 6847, 6867, 6791, 6763, 6811, 6724, 6808, 6861, 6769] [190, 198, 191, 196, 192, 193, 199, 195, 197, 247]
494 153 359 3.69 [3570, 3541, 3594, 3586, 3610, 3533, 3536, 3564, 3577, 3532] [260, 262, 261, 270, 233, 297, 295, 256, 254, 253]
495 174 371 4.0 [2601, 2612, 2582] [255, 298, 296]
496 126 347 2.15 [2758, 2767, 2754, 2764, 2760, 2765, 2773, 2785, 2800, 2774] [249, 271, 245, 268, 269, 219, 258, 259, 257, 250]
497 173 319 3.21 [2131, 2114, 2118, 2115, 2136, 2133] [306, 308, 301, 302, 305, 303]
498 145 339 3.68 [3982, 4028, 3998, 4032, 4005, 3992, 4018, 4051, 4020, 4066] [211, 212, 248, 214, 260, 238, 218, 235, 216, 262]
499 169 368 2.37 [2603, 2634, 2649, 2635, 2637] [276, 280, 278, 292, 215]
