0 182 330 2.91 [2691, 2652] [182, 182]
1 161 332 2.23 [2056, 2057] [161, 161]
2 145 371 1.63 [3498, 3524, 3502, 3471, 3521, 3479] [145, 145, 145, 145, 145, 145]
3 130 373 1.62 [3209, 3223, 3215, 3213] [130, 130, 130, 130]
4 137 343 1.86 [5885, 5956, 5878, 6000, 5863] [137, 137, 137, 137, 137]
5 142 340 1.66 [11895, 11880, 12133, 12083] [142, 142, 142, 142]
6 164 349 3.09 [2737, 2746, 2726, 2705, 2739, 2714] [164, 164, 164, 164, 164, 164]
7 160 366 2.22 [2379, 2344] [160, 160]
8 174 365 1.35 [2942, 2979, 2953, 2972, 2952, 3006, 3003, 2945, 2947, 3000] [174, 174, 174, 174, 174, 174, 174, 174, 174, 174]
9 181 348 2.96 [2040, 2043, 2025, 2029, 2032, 2045] [181, 181, 181, 181, 181, 181]
10 173 317 1.5 [10487, 10427, 10336, 10354, 10492, 10539, 10362, 10358] [173, 173, 173, 173, 173, 173, 173, 173]
11 146 343 3.87 [5188, 5103, 5205, 5101, 5124] [146, 146, 146, 146, 146]
12 139 312 3.78 [2390, 2342, 2392, 2353, 2388, 2391, 2360, 2351, 2340] [139, 139, 139, 139, 139, 139, 139, 139, 139]
13 149 323 1.6 [2509, 2522, 2511, 2539] [149, 149, 149, 149]
14 149 328 2.35 [5190] [149]
15 137 350 3.55 [3224, 3237, 3259, 3232, 3219] [137, 137, 137, 137, 137]
16 168 323 1.19 [2028, 2048, 2024, 2029, 2053, 2033, 2051] [168, 168, 168, 168, 168, 168, 168]
17 131 319 1.64 [4459] [131]
18 171 319 3.91 [4127] [171]
19 142 348 3.9 [4702] [142]
20 138 337 2.22 [4810, 4874, 4908, 4846, 4900, 4836, 4856, 4806, 4902, 4882] [138, 138, 138, 138, 138, 138, 138, 138, 138, 138]
21 133 359 2.69 [16242, 16134, 16477, 16464, 16329, 16168, 16383] [133, 133, 133, 133, 130, 130, 130]
22 180 373 3.33 [2870, 2903, 2861, 2865, 2852] [180, 180, 180, 180, 180]
23 164 317 3.94 [2954, 3012, 2961, 2989, 2971, 2994] [164, 164, 164, 164, 164, 164]
24 134 348 1.03 [7852, 7887, 7810, 7784, 7826, 7868] [134, 134, 134, 134, 134, 134]
25 158 368 2.18 [2638, 2627, 2648, 2654, 2610, 2625, 2632] [158, 158, 158, 158, 158, 158, 158]
26 166 348 3.32 [4863, 4873, 4923, 4845, 4887, 4913, 4943, 4859] [166, 166, 166, 166, 166, 166, 166, 166]
27 156 327 3.72 [2986, 3024, 3033, 3029, 3032, 3028, 3041, 3017, 3034] [156, 156, 156, 156, 156, 156, 156, 156, 156]
28 132 345 2.59 [5186, 5160, 5205, 5201, 5229, 5173] [132, 132, 132, 132, 132, 132]
29 177 371 3.82 [4959, 4978, 5058] [177, 177, 177]
30 126 320 1.52 [14012, 14209, 14168, 14041, 13954] [126, 126, 126, 126, 126]
31 134 344 1.4 [2660, 2629] [134, 134]
32 157 316 2.18 [3667, 3659, 3605, 3658, 3608, 3674, 3664, 3625, 3644] [157, 157, 157, 157, 157, 157, 157, 157, 157]
33 160 364 2.33 [2402, 2425, 2381, 2383, 2384, 2427, 2390, 2379, 2426] [160, 160, 160, 160, 160, 160, 160, 160, 160]
34 153 362 3.56 [3608, 3599, 3559, 3624, 3568] [153, 153, 153, 153, 153]
35 171 337 3.61 [6609, 6571, 6596, 6669] [171, 171, 171, 171]
36 155 323 1.74 [3063, 3064, 3047] [155, 155, 155]
37 177 348 2.01 [2329, 2338, 2351, 2374, 2365, 2328, 2376] [177, 177, 177, 177, 177, 177, 177]
38 129 333 2.52 [4562] [129]
39 180 346 2.69 [13546, 13423] [180, 180]
40 163 367 3.81 [3476] [163]
41 168 333 3.48 [10227, 10286] [168, 168]
42 163 349 3.89 [2347, 2346, 2375, 2383] [163, 163, 163, 163]
43 159 368 3.35 [3409, 3358, 3389, 3349, 3384, 3351, 3424, 3346, 3370] [159, 159, 159, 159, 159, 159, 159, 159, 159]
44 126 343 1.79 [7651, 7623, 7670, 7727, 7724] [126, 126, 125, 125, 125]
45 180 319 2.1 [5658] [180]
46 172 333 2.92 [2364, 2390, 2340, 2338, 2376, 2385, 2351, 2362] [172, 172, 172, 172, 172, 172, 172, 172]
47 159 370 3.3 [2238, 2227, 2236, 2225, 2231, 2234, 2217, 2203] [159, 159, 159, 159, 159, 159, 159, 159]
48 146 324 1.45 [3485, 3421] [146, 146]
49 179 356 1.61 [2433, 2414, 2422, 2418] [179, 179, 179, 179]
50 187 339 3.97 [17968, 18102, 17917, 18080, 17946, 18094, 18154, 18072, 18043, 17850] [187, 187, 185, 185, 186, 186, 188, 188, 189, 189]
51 145 317 1.28 [2048, 2046, 2030, 2064, 2028, 2031, 2050, 2068, 2039] [145, 145, 145, 145, 145, 145, 145, 145, 145]
52 133 329 4.0 [14496, 14236, 14260, 14408, 14544] [131, 131, 131, 132, 125]
53 144 370 1.26 [2460, 2498, 2468] [144, 144, 144]
54 157 356 3.25 [3043] [157]
55 170 314 1.96 [3483, 3463, 3495, 3462, 3492] [170, 170, 170, 170, 170]
56 144 317 1.11 [2074] [144]
57 179 350 2.38 [3295, 3360, 3345, 3365, 3325] [179, 179, 179, 179, 179]
58 180 320 2.19 [2060] [180]
59 172 312 3.46 [4028] [172]
60 145 324 1.32 [3722, 3792, 3721, 3787, 3731, 3776, 3803, 3786, 3783] [145, 145, 145, 145, 145, 145, 145, 145, 145]
61 127 340 2.05 [3460, 3519, 3502, 3529, 3465, 3538, 3539, 3476, 3478] [127, 127, 127, 127, 127, 127, 127, 127, 127]
62 162 368 2.5 [10689] [162]
63 180 370 3.7 [2194, 2200, 2176, 2196, 2217, 2210, 2199, 2197, 2178, 2175] [180, 180, 180, 180, 180, 180, 180, 180, 180, 180]
64 140 347 3.78 [2124, 2119, 2118, 2111, 2104, 2128, 2096, 2103, 2105, 2078] [140, 140, 140, 140, 140, 140, 140, 140, 140, 140]
65 183 349 2.09 [4776, 4706, 4766, 4778] [183, 183, 183, 183]
66 134 333 3.36 [2129, 2124, 2144, 2116] [134, 134, 134, 134]
67 174 312 1.33 [4998, 4996] [174, 174]
68 185 345 3.72 [2544, 2547, 2582, 2580, 2551, 2549, 2591] [185, 185, 185, 185, 186, 186, 186]
69 147 373 1.2 [3336, 3396, 3382, 3361] [147, 147, 147, 147]
70 154 352 2.99 [2322, 2319, 2365, 2327, 2347, 2331, 2353] [154, 154, 154, 154, 154, 154, 154]
71 162 317 1.78 [3691, 3687] [162, 162]
72 127 339 3.36 [2252] [127]
73 184 320 1.09 [3143, 3147, 3180, 3186, 3172, 3149] [184, 184, 184, 184, 184, 184]
74 186 351 1.69 [2504, 2517, 2543, 2536, 2541, 2549, 2500] [186, 187, 187, 187, 187, 188, 188]
75 158 341 2.02 [5947, 5888, 5845, 5971, 5927, 5893] [158, 158, 158, 158, 158, 158]
76 155 333 1.23 [2661, 2667, 2711] [155, 155, 155]
77 139 326 1.08 [4570, 4559] [139, 139]
78 127 373 1.42 [2541, 2565, 2551, 2588, 2590, 2571, 2548] [127, 127, 127, 127, 127, 127, 127]
79 178 317 1.22 [2868, 2867, 2878, 2845, 2884, 2898, 2892, 2853] [178, 178, 178, 178, 178, 178, 178, 178]
80 161 342 3.64 [2880, 2818, 2831, 2816, 2881, 2854, 2879, 2819, 2841] [161, 161, 161, 161, 161, 161, 161, 161, 161]
81 183 332 3.48 [12695, 12600, 12658, 12632, 12668, 12684, 12742] [183, 183, 183, 181, 181, 181, 181]
82 167 347 1.23 [2233, 2241, 2236, 2219, 2223, 2206, 2245, 2244, 2218, 2229] [167, 167, 167, 167, 167, 167, 167, 167, 167, 167]
83 178 326 3.46 [2531, 2503, 2526, 2513, 2505, 2499, 2486] [178, 178, 178, 178, 178, 178, 178]
84 133 322 1.41 [3962, 3953, 3983, 3978, 3946, 3944, 3948, 3965] [133, 130, 130, 131, 131, 132, 132, 134]
85 159 318 1.75 [4290, 4262, 4354, 4263, 4324, 4343, 4295] [159, 159, 159, 159, 159, 159, 159]
86 133 338 3.93 [2077, 2082, 2114] [133, 130, 132]
87 133 344 2.67 [3613, 3672, 3681, 3642, 3615] [134, 134, 134, 134, 134]
88 183 328 1.14 [16727, 16557] [182, 182]
89 147 370 3.17 [2892] [147]
90 146 360 3.67 [15994] [146]
91 169 367 2.58 [2166, 2142, 2145, 2152, 2169, 2176, 2170, 2172] [169, 169, 169, 169, 169, 169, 169, 169]
92 152 335 3.04 [6962, 7119, 7081, 7058, 7061, 6983] [152, 152, 152, 152, 152, 152]
93 187 349 3.99 [6282, 6383, 6251, 6376, 6347, 6331, 6279, 6303, 6321, 6248] [189, 175, 175, 175, 175, 175, 175, 175, 175, 175]
94 187 312 3.92 [2075, 2077, 2085, 2070, 2071, 2062, 2089, 2078] [188, 188, 189, 189, 175, 175, 175, 175]
95 139 361 3.38 [2174, 2189, 2168, 2195, 2185, 2182, 2194, 2162] [139, 139, 139, 139, 139, 139, 139, 139]
96 186 362 2.82 [2220, 2223] [175, 175]
97 162 334 1.44 [3334, 3372, 3374, 3383, 3386] [162, 162, 162, 162, 162]
98 184 347 3.35 [8736, 8754, 8646, 8703, 8689, 8682] [184, 184, 184, 184, 184, 184]
99 177 346 1.73 [10980, 11228] [177, 177]
100 143 373 2.42 [2315, 2331, 2324, 2314] [143, 143, 143, 143]
101 148 349 2.01 [2567, 2560, 2536, 2549, 2545] [148, 148, 148, 148, 148]
102 165 321 3.63 [2345, 2363, 2384, 2337, 2375] [165, 165, 165, 165, 165]
103 171 346 2.14 [3644] [171]
104 176 349 1.1 [2700, 2721, 2741] [176, 176, 176]
105 168 315 1.76 [4994] [168]
106 152 374 3.2 [2120, 2086, 2115] [152, 152, 152]
107 186 328 3.37 [6416] [175]
108 142 325 3.83 [2550, 2553, 2565] [142, 142, 142]
109 143 329 1.94 [3917, 3904, 3874, 3885, 3872, 3869, 3879, 3938, 3866, 3956] [143, 143, 143, 143, 143, 143, 143, 143, 143, 143]
110 170 360 1.16 [2074, 2093, 2062, 2084, 2059, 2094] [170, 170, 170, 170, 170, 170]
111 168 314 1.77 [11902, 11997, 12056, 12116, 12041, 12145] [168, 168, 165, 165, 165, 165]
112 178 343 3.26 [4207, 4193, 4261, 4273, 4282, 4198, 4210, 4189, 4205, 4278] [178, 178, 178, 178, 178, 178, 178, 178, 178, 178]
113 170 369 3.06 [5289, 5316, 5283, 5318] [170, 170, 170, 170]
114 130 349 2.76 [4342, 4336, 4292, 4252, 4253] [134, 134, 125, 125, 125]
115 179 358 1.7 [8141, 8185, 8101] [179, 179, 179]
116 147 319 2.2 [5903, 5900, 5944, 5949] [147, 147, 147, 147]
117 173 351 2.13 [5551, 5535, 5489, 5574, 5519, 5539] [173, 170, 170, 170, 170, 170]
118 181 314 2.62 [3520, 3507, 3550, 3511, 3495, 3540, 3498, 3534, 3544, 3494] [181, 180, 182, 182, 182, 182, 182, 182, 182, 182]
119 161 318 2.96 [2206, 2211, 2234, 2236, 2243, 2247] [161, 161, 161, 161, 161, 161]
120 147 327 1.54 [4154, 4102, 4092] [147, 147, 147]
121 156 343 1.89 [2625, 2652, 2644] [156, 156, 156]
122 165 351 2.94 [15366, 15152, 15454] [166, 166, 167]
123 156 365 3.42 [3259, 3222, 3269, 3283] [156, 156, 156, 156]
124 187 316 2.13 [2699, 2678, 2731, 2729, 2680, 2706, 2687, 2681, 2735] [175, 176, 176, 176, 176, 176, 176, 176, 176]
125 141 350 3.39 [2495] [141]
126 181 311 3.48 [2508, 2505, 2535, 2524, 2512, 2559] [180, 182, 182, 182, 182, 182]
127 126 342 3.58 [4923, 4931, 4959, 4980, 4972, 4988, 5039] [125, 127, 127, 127, 127, 127, 127]
128 171 350 3.12 [2551, 2555, 2529, 2505] [171, 171, 171, 171]
129 144 355 1.8 [2743, 2737, 2764, 2771, 2762, 2730, 2761] [144, 144, 144, 144, 144, 144, 144]
130 128 353 2.5 [2164, 2148, 2140, 2166, 2159, 2173, 2151, 2154, 2147, 2146] [128, 128, 128, 128, 128, 128, 128, 128, 128, 128]
131 152 370 2.85 [7551] [152]
132 127 363 2.74 [2109, 2139, 2149, 2135, 2151, 2115, 2147, 2113, 2135] [127, 127, 126, 126, 126, 128, 128, 128, 128]
133 178 340 2.32 [2359] [178]
134 176 327 2.58 [2962, 2950, 3012, 2987, 2966, 2981, 3014, 2998, 2946, 2977] [176, 176, 176, 176, 176, 176, 176, 176, 176, 176]
135 131 370 2.3 [3916, 3953, 3882, 3874, 3943, 3902] [128, 128, 128, 128, 128, 128]
136 148 349 2.4 [7250, 7239, 7227, 7168, 7233] [148, 148, 148, 148, 148]
137 170 340 3.37 [3303, 3298, 3310, 3343, 3327] [170, 170, 170, 171, 171]
138 179 365 2.93 [9943, 9874, 9793, 9809, 9833, 10021, 9984, 9882, 9821, 9891] [179, 179, 179, 176, 176, 177, 177, 183, 190, 190]
139 165 325 1.43 [2632, 2672, 2641, 2670, 2645, 2686] [165, 165, 165, 165, 165, 165]
140 164 338 3.98 [4291, 4335, 4333, 4279] [164, 164, 164, 164]
141 165 374 2.55 [5993, 5934, 5954, 5998, 5944, 6070, 5956] [165, 165, 167, 167, 167, 167, 167]
142 140 337 2.18 [6001, 5917, 5983, 5998] [140, 140, 140, 140]
143 171 331 3.54 [2625, 2630] [171, 171]
144 174 338 3.05 [2712, 2726, 2751, 2739] [174, 174, 174, 174]
145 134 354 3.47 [6712, 6810, 6838] [128, 128, 128]
146 126 354 3.37 [9248, 9214, 9184, 9309, 9138, 9316, 9256, 9112, 9199, 9267] [129, 129, 129, 129, 129, 129, 129, 129, 135, 135]
147 167 358 1.35 [2008, 2018, 2031, 2037, 2034, 2010, 2020, 2015, 2015, 2049] [167, 165, 168, 168, 168, 168, 168, 169, 169, 169]
148 128 314 3.81 [2539, 2570, 2577, 2548, 2575, 2536, 2554, 2549, 2543] [128, 128, 128, 135, 135, 135, 135, 135, 135]
149 151 328 1.34 [2450, 2447] [151, 151]
150 160 356 1.28 [2087, 2083] [160, 160]
151 129 314 2.42 [4001, 4014, 4029, 3989, 3991, 4042, 4066, 4067, 4059, 4047] [135, 135, 135, 135, 135, 135, 135, 135, 135, 135]
152 184 339 2.4 [9493, 9481, 9404, 9524, 9318] [190, 190, 190, 190, 190]
153 155 323 3.73 [5205, 5210, 5270, 5266, 5292, 5314, 5199] [155, 155, 155, 155, 155, 155, 155]
154 170 340 3.76 [9751, 9683, 9771, 9670, 9727, 9824, 9791] [171, 172, 172, 172, 172, 172, 174]
155 146 337 3.57 [13578] [148]
156 140 333 1.14 [2580, 2565, 2588, 2561, 2567, 2556] [140, 140, 140, 140, 140, 140]
157 137 361 2.8 [2681, 2730, 2695, 2732, 2727, 2710] [137, 137, 137, 137, 137, 137]
158 135 345 1.44 [2447, 2450, 2468, 2449, 2454, 2448, 2426, 2455, 2460] [135, 136, 136, 136, 136, 136, 136, 136, 136]
159 133 345 2.89 [2971, 2944, 2989, 2987, 2996, 2955] [136, 136, 136, 136, 136, 136]
160 169 361 1.41 [3512, 3447, 3493, 3506, 3460, 3473, 3503, 3500, 3485, 3470] [169, 169, 169, 169, 169, 169, 169, 169, 169, 169]
161 145 352 2.87 [5622] [145]
162 147 357 3.1 [4780, 4778, 4859, 4832, 4804, 4863] [147, 147, 147, 147, 147, 147]
163 173 335 1.57 [4794] [173]
164 140 360 1.13 [2239, 2215, 2233, 2208, 2218, 2225, 2248] [140, 140, 140, 140, 140, 140, 140]
165 132 368 3.19 [11502, 11536, 11616] [136, 136, 136]
166 154 340 1.37 [2653, 2696, 2666] [154, 154, 154]
167 125 336 1.85 [9538, 9340, 9324] [137, 137, 137]
168 133 312 1.09 [3090, 3043, 3047, 3079, 3039, 3081, 3064, 3062] [138, 138, 138, 138, 138, 138, 138, 138]
169 136 357 1.08 [2092, 2053, 2066, 2055, 2065, 2102, 2067, 2054, 2069, 2058] [136, 138, 138, 138, 138, 138, 138, 138, 138, 138]
170 133 321 1.47 [7659, 7722, 7700, 7710, 7789, 7637, 7792, 7799, 7741] [139, 139, 139, 139, 139, 140, 140, 141, 141]
171 129 318 1.66 [2563, 2559, 2565, 2560] [139, 139, 141, 141]
172 174 315 2.14 [4710, 4747, 4702, 4725, 4737, 4731, 4690, 4721] [174, 174, 171, 150, 150, 150, 150, 150]
173 149 334 3.01 [5156, 5125, 5137, 5116, 5089, 5148, 5076, 5081, 5123] [149, 149, 149, 149, 149, 149, 149, 149, 149]
174 178 346 3.89 [4830, 4806, 4866, 4892, 4784, 4870] [177, 182, 184, 190, 190, 191]
175 167 355 1.96 [2414, 2419, 2407, 2369, 2422, 2389, 2405, 2375, 2406] [169, 169, 169, 169, 169, 169, 169, 169, 169]
176 154 313 3.22 [15354, 15117, 15192, 15154, 15236, 15336, 15229, 15292] [154, 154, 150, 150, 151, 151, 151, 151]
177 177 351 2.52 [3399, 3365, 3401, 3425, 3411, 3372, 3356, 3420] [178, 184, 190, 191, 191, 191, 191, 191]
178 176 334 2.45 [5741, 5710, 5691, 5762, 5675, 5750, 5720, 5769, 5672] [191, 191, 191, 191, 191, 191, 191, 191, 191]
179 166 325 1.9 [2149, 2147, 2175, 2141, 2137, 2181, 2158] [169, 169, 169, 169, 169, 169, 169]
180 161 330 3.95 [2612, 2609, 2606] [161, 161, 161]
181 151 369 1.89 [3304, 3265, 3308, 3319, 3297] [150, 150, 150, 152, 152]
182 126 340 3.3 [8428, 8338, 8435] [141, 141, 141]
183 144 374 1.95 [2210] [144]
184 164 322 2.79 [2346, 2362, 2342, 2347, 2333, 2348, 2371, 2375, 2360, 2329] [164, 164, 164, 164, 164, 164, 164, 164, 164, 164]
185 180 326 3.22 [5619, 5564, 5580, 5603, 5539, 5571, 5578, 5576] [191, 191, 192, 192, 192, 192, 192, 192]
186 156 325 2.68 [4907, 4952, 4915] [156, 156, 156]
187 170 367 1.81 [6800, 6879, 6777, 6822] [152, 152, 152, 153]
188 168 325 2.76 [10062, 10041, 10208, 10078, 10258, 10070] [153, 153, 153, 153, 153, 154]
189 173 312 3.83 [3377, 3416, 3391, 3366, 3443, 3418, 3380, 3370, 3444] [153, 155, 155, 155, 155, 155, 155, 155, 155]
190 134 346 2.98 [2034, 2045, 2078, 2072, 2043, 2039, 2079, 2053, 2069, 2031] [138, 141, 141, 141, 141, 141, 141, 141, 141, 141]
191 179 360 1.45 [3455] [192]
192 136 366 2.62 [2531, 2525, 2519, 2492, 2488, 2546] [141, 141, 141, 141, 141, 142]
193 130 357 1.43 [11452, 11448, 11410, 11438, 11557, 11429, 11424, 11576, 11405, 11552] [142, 142, 143, 143, 143, 143, 144, 144, 144, 144]
194 178 373 2.28 [2340, 2322, 2375, 2364, 2324, 2353, 2357, 2345, 2342] [192, 192, 192, 192, 192, 192, 192, 192, 192]
195 175 346 3.38 [4991, 4983, 5033] [192, 192, 192]
196 128 328 1.87 [2679, 2700, 2718, 2708] [144, 144, 144, 144]
197 143 348 2.9 [3231, 3254, 3304, 3258] [144, 145, 145, 145]
198 125 317 1.85 [2311, 2283, 2303, 2317, 2325, 2300, 2284, 2291, 2278, 2316] [144, 146, 146, 146, 147, 147, 147, 148, 149, 149]
199 187 324 2.13 [3345, 3284, 3340, 3315, 3295, 3318, 3330, 3306] [192, 192, 192, 192, 193, 193, 193, 193]
200 182 326 1.17 [4098, 4183, 4181, 4127, 4147, 4149, 4113] [193, 193, 193, 193, 193, 193, 193]
201 158 361 1.8 [2108, 2132] [158, 158]
202 179 374 3.89 [9035, 9204, 9196, 9136, 9106] [193, 193, 193, 194, 194]
203 143 332 3.74 [11212, 11254, 11408, 11469, 11315, 11347, 11202, 11357] [157, 157, 160, 160, 160, 161, 162, 162]
204 129 313 3.47 [2035, 2074, 2047, 2071, 2038, 2042, 2051] [149, 149, 149, 149, 149, 149, 149]
205 125 358 2.72 [2245, 2249, 2236, 2267, 2233, 2257, 2237, 2275] [149, 149, 149, 149, 150, 152, 153, 155]
206 140 345 2.13 [2039, 2050, 2053, 2048, 2026, 2054] [156, 156, 156, 156, 156, 156]
207 186 370 3.37 [6599] [194]
208 132 353 3.71 [2033, 2004, 2041, 2009, 2037, 2031, 2013, 2021, 2049, 2025] [156, 156, 156, 156, 156, 156, 156, 156, 157, 157]
209 160 314 1.29 [2444, 2489, 2492, 2432, 2461, 2479, 2487, 2477, 2484] [160, 161, 161, 162, 162, 162, 162, 163, 163]
210 134 366 1.97 [2335] [157]
211 125 363 1.78 [2587, 2595, 2599] [157, 158, 158]
212 129 316 3.79 [2225, 2230, 2244] [158, 158, 158]
213 156 353 3.3 [2238, 2261, 2253, 2276, 2259, 2272, 2241, 2264] [158, 158, 158, 158, 158, 158, 158, 158]
214 156 320 3.17 [2524, 2515, 2535, 2558, 2504, 2522, 2510, 2526, 2521, 2551] [158, 158, 159, 159, 159, 159, 159, 163, 163, 163]
215 157 348 3.66 [2013, 2020, 2010, 2046] [155, 163, 163, 163]
216 145 318 3.35 [2969, 2964] [163, 163]
217 168 335 1.97 [2137, 2089, 2138, 2100, 2135, 2111, 2132, 2094] [163, 163, 163, 163, 163, 163, 163, 163]
218 178 314 1.08 [5294, 5266, 5366, 5362, 5310, 5345, 5281, 5371, 5288, 5279] [194, 194, 194, 194, 194, 194, 194, 194, 194, 195]
219 165 329 3.0 [2473, 2422, 2458, 2456, 2454, 2468, 2441, 2469] [163, 163, 163, 163, 163, 163, 163, 163]
220 186 347 1.94 [6814, 6775, 6769] [195, 195, 195]
221 138 314 1.15 [2987, 3043] [163, 163]
222 151 349 2.41 [3927, 3965, 3909, 3989, 3973, 3970, 4000, 3935] [163, 163, 164, 164, 164, 195, 195, 195]
223 128 313 1.53 [2730] [174]
224 166 345 3.04 [2433, 2467, 2421, 2454, 2447, 2428, 2469, 2473, 2431, 2458] [193, 195, 195, 195, 195, 195, 195, 195, 195, 195]
225 166 345 1.68 [2979, 3016, 2995, 2965, 2968] [195, 195, 195, 195, 195]
226 157 311 3.56 [5945, 5918] [195, 196]
227 127 350 3.36 [2814, 2809, 2832] [195, 196, 196]
228 140 338 3.53 [5604, 5694] [196, 196]
229 133 360 2.15 [2368, 2356, 2362, 2367, 2396] [196, 196, 196, 196, 196]
230 178 331 1.76 [3574, 3598, 3582, 3649, 3576, 3585, 3623, 3577] [196, 196, 196, 196, 196, 196, 196, 196]
231 128 326 2.26 [2553, 2551, 2526, 2566, 2522, 2516, 2527, 2508, 2560, 2523] [196, 196, 196, 196, 196, 196, 196, 196, 197, 197]
232 131 324 2.93 [3764, 3756, 3835, 3748, 3809, 3790] [197, 197, 197, 197, 197, 197]
233 159 358 1.31 [2520, 2505, 2512, 2524] [197, 197, 197, 197]
234 138 364 1.47 [4492, 4520, 4548, 4530, 4511] [197, 197, 197, 197, 197]
235 148 353 2.44 [3553, 3543, 3560, 3527, 3488, 3548] [197, 197, 197, 197, 197, 197]
236 157 313 3.42 [5368, 5426, 5330] [198, 198, 198]
237 129 316 1.16 [4458, 4441, 4474, 4434, 4491, 4423, 4443, 4509, 4452, 4469] [197, 197, 198, 198, 198, 198, 198, 198, 198, 198]
238 171 363 3.69 [2867, 2860, 2886, 2855, 2843, 2831, 2884] [198, 198, 198, 198, 198, 198, 198]
239 153 312 1.38 [2281, 2331, 2316] [171, 198, 198]
240 178 344 2.79 [14898, 15045, 14781, 15088, 14762, 15009, 15033, 14769, 15082] [199, 199, 199, 199, 200, 200, 200, 200, 201]
241 162 352 3.17 [2444, 2413, 2436, 2433, 2434, 2424, 2451, 2456, 2423, 2414] [198, 198, 198, 198, 199, 199, 199, 199, 199, 200]
242 181 326 1.82 [5072, 5093, 5087, 5104, 5068, 5028, 5049, 5045, 5064, 5039] [200, 200, 201, 201, 201, 201, 201, 201, 201, 201]
243 154 313 1.46 [6228] [201]
244 156 327 2.97 [2130, 2158, 2173, 2131, 2149, 2144] [163, 175, 201, 201, 201, 201]
245 129 371 3.59 [2490, 2455, 2511, 2465, 2507, 2479, 2480, 2453, 2486] [201, 202, 202, 202, 202, 202, 202, 202, 202]
246 170 322 1.6 [3924] [202]
247 159 357 2.16 [4569] [202]
248 132 313 1.96 [5948, 5889, 5987, 5972, 5980, 5963, 5936] [202, 202, 202, 202, 202, 202, 202]
249 181 365 2.99 [2334, 2370, 2332, 2372, 2320, 2333, 2338] [202, 202, 202, 202, 202, 202, 202]
250 146 314 3.04 [2361] [202]
251 133 343 1.04 [3474, 3420, 3475, 3448, 3451, 3400, 3478, 3404] [202, 203, 203, 203, 203, 203, 203, 203]
252 155 315 3.35 [2242, 2291, 2256, 2255, 2271, 2258] [203, 203, 203, 203, 203, 203]
253 149 327 3.08 [3188, 3244, 3215, 3226, 3219, 3195, 3192, 3202] [203, 203, 203, 203, 203, 203, 203, 203]
254 153 370 1.19 [3558, 3551, 3516] [203, 203, 203]
255 173 336 3.65 [2111, 2132, 2096, 2103] [177, 203, 203, 203]
256 158 313 1.93 [3104, 3092, 3125, 3111, 3103, 3085, 3081, 3102] [203, 203, 203, 203, 204, 204, 204, 204]
257 185 332 2.63 [6452, 6487, 6503, 6425, 6447, 6444, 6495, 6457, 6422, 6436] [204, 204, 204, 204, 204, 204, 204, 204, 204, 204]
258 166 357 3.2 [2417, 2378, 2409] [204, 204, 204]
259 176 318 3.65 [2207] [204]
260 187 370 3.04 [2556] [204]
261 128 373 2.91 [2894, 2846, 2859, 2899, 2895] [205, 205, 205, 205, 205]
262 145 329 3.28 [2235, 2196, 2245, 2226, 2235] [205, 205, 205, 205, 205]
263 168 315 2.89 [3613, 3634, 3612, 3697, 3610, 3672] [205, 205, 205, 205, 205, 205]
264 187 368 3.1 [3148, 3078, 3076, 3099, 3088] [205, 205, 205, 205, 205]
265 158 347 2.43 [3759, 3691, 3771, 3737, 3716, 3773, 3725] [205, 205, 205, 205, 205, 205, 205]
266 141 326 3.78 [2298, 2300, 2311, 2299, 2292, 2322, 2326, 2304] [205, 206, 206, 206, 206, 206, 206, 206]
267 172 319 2.45 [3830, 3806, 3792, 3856, 3798, 3847, 3803, 3827] [206, 206, 206, 206, 206, 206, 206, 206]
268 157 347 1.08 [2281, 2291, 2293, 2275, 2285, 2264, 2297] [206, 206, 206, 206, 206, 206, 206]
269 143 366 1.72 [9293, 9397, 9305] [206, 206, 206]
270 136 352 2.8 [5262, 5161, 5270, 5249, 5234] [207, 207, 207, 207, 207]
271 178 354 3.79 [7429, 7405] [207, 207]
272 127 366 1.59 [3545] [207]
273 177 339 1.04 [4029] [207]
274 141 332 1.46 [15154, 15254, 15273] [207, 207, 208]
275 173 316 2.43 [3142, 3201, 3189, 3215, 3190, 3184, 3160, 3168, 3151] [208, 208, 208, 208, 208, 208, 208, 208, 208]
276 157 360 2.66 [3589, 3519, 3582, 3550, 3521, 3540, 3537] [208, 208, 208, 208, 208, 208, 208]
277 160 370 3.0 [4849, 4899, 4855, 4871, 4859, 4879, 4867, 4943, 4861, 4913] [208, 208, 208, 208, 209, 209, 209, 209, 209, 209]
278 126 370 3.26 [3448, 3388, 3450, 3398, 3429, 3373] [209, 209, 209, 209, 209, 209]
279 147 351 2.57 [2881, 2929, 2868, 2907] [209, 209, 209, 209]
280 153 351 3.75 [3387, 3424] [209, 209]
281 169 323 2.06 [2496, 2548, 2512, 2536, 2486, 2538] [206, 209, 209, 209, 209, 209]
282 176 361 2.87 [13002] [210]
283 149 370 2.67 [2674, 2684, 2680, 2658, 2662] [209, 209, 209, 210, 210]
284 127 347 2.22 [3404, 3430, 3411, 3439, 3451, 3402, 3440, 3394, 3392, 3409] [210, 210, 210, 210, 210, 210, 210, 210, 210, 210]
285 165 369 1.42 [5263] [210]
286 164 359 1.89 [2589, 2619, 2573, 2597, 2587, 2575, 2569, 2567, 2622] [210, 210, 210, 210, 210, 210, 211, 211, 211]
287 150 358 1.3 [2907, 2947, 2910, 2917, 2953, 2934, 2961, 2968, 2963] [211, 211, 211, 211, 211, 211, 211, 211, 211]
288 176 323 3.79 [2037, 2014, 2025, 2015, 2017, 2039, 2058, 2024] [210, 211, 211, 211, 211, 211, 211, 211]
289 143 340 1.52 [8451, 8392, 8289, 8385, 8437, 8327, 8410, 8347, 8454] [211, 211, 211, 211, 211, 212, 212, 212, 212]
290 173 370 1.5 [7155, 7073, 7102, 7126, 7067, 6994, 7038, 7082, 7085] [212, 212, 212, 212, 212, 212, 212, 212, 213]
291 173 337 3.15 [3296] [213]
292 168 316 1.04 [2164, 2153] [211, 212]
293 129 346 1.2 [4774, 4863, 4867, 4840, 4778, 4782, 4776, 4764] [213, 213, 213, 213, 213, 213, 213, 213]
294 137 317 1.25 [2049, 2046, 2088, 2050, 2068, 2043] [212, 213, 213, 213, 213, 213]
295 187 335 3.87 [7772] [213]
296 181 334 1.05 [4159, 4207] [213, 213]
297 132 343 1.64 [2745, 2737, 2777, 2740, 2748, 2788, 2751, 2793, 2750] [214, 214, 214, 214, 214, 214, 214, 214, 214]
298 125 359 2.55 [2152, 2164, 2187, 2179, 2155, 2151, 2145] [213, 214, 214, 214, 214, 214, 214]
299 180 360 2.3 [3237, 3278, 3235, 3265, 3271, 3257, 3248, 3236] [214, 214, 214, 214, 214, 214, 214, 214]
300 184 368 1.2 [11858, 11804, 11809, 11818, 12024, 11823, 12019] [214, 214, 215, 215, 215, 215, 215]
301 179 343 1.59 [2876, 2871, 2875, 2905, 2913, 2862] [214, 214, 215, 215, 215, 215]
302 174 363 3.08 [2767, 2722, 2777, 2779, 2776] [215, 215, 215, 215, 215]
303 165 351 2.5 [2608, 2567, 2587, 2570] [215, 215, 215, 216]
304 154 352 3.69 [5629, 5587, 5574, 5532, 5604, 5569] [216, 216, 216, 216, 216, 216]
305 134 372 1.19 [18797, 18681, 18936, 18712, 18905, 18512, 18928, 18735, 18527, 18574] [216, 216, 217, 217, 217, 217, 217, 218, 218, 218]
306 165 327 2.37 [5358, 5338, 5286, 5347, 5310, 5273, 5295, 5319, 5303] [216, 216, 218, 218, 218, 218, 218, 218, 219]
307 156 363 3.12 [6568, 6420, 6469] [219, 219, 219]
308 159 374 3.11 [3412, 3422, 3394, 3379, 3368, 3384, 3365, 3398, 3439, 3391] [218, 219, 219, 219, 219, 219, 219, 219, 219, 219]
309 148 355 2.12 [2722, 2690, 2706, 2704, 2709, 2700, 2699, 2720] [219, 219, 219, 219, 219, 219, 219, 219]
310 130 318 2.98 [7782] [220]
311 126 351 2.42 [5070, 5110, 5152, 5097] [219, 220, 220, 220]
312 137 355 1.97 [4385, 4355, 4339, 4349, 4373, 4394, 4392] [220, 220, 220, 220, 220, 220, 220]
313 140 363 2.14 [3796, 3743, 3766] [219, 220, 220]
314 155 317 2.33 [16192, 16286, 16367, 16347, 16307] [220, 221, 221, 221, 221]
315 143 311 1.07 [2137, 2131, 2129, 2143, 2153, 2159, 2122, 2123] [214, 217, 221, 221, 221, 221, 221, 221]
316 133 355 3.21 [2223, 2204, 2199, 2180, 2221, 2212, 2185, 2210, 2213, 2180] [222, 222, 222, 222, 222, 222, 222, 222, 222, 222]
317 173 327 3.36 [5305, 5396] [222, 222]
318 178 345 1.22 [6823, 6734, 6773, 6720, 6790, 6759, 6751] [222, 222, 222, 222, 222, 222, 222]
319 128 355 2.99 [19215, 18972, 18933, 19003, 18941, 18988] [223, 223, 223, 224, 224, 224]
320 137 340 1.46 [4888, 4842, 4836, 4846, 4800, 4868, 4890, 4798, 4804, 4886] [222, 224, 225, 225, 225, 225, 225, 225, 225, 225]
321 167 359 1.01 [6557, 6530, 6481, 6503, 6546] [225, 225, 225, 225, 225]
322 186 349 2.02 [4482, 4486, 4501, 4420] [223, 225, 225, 225]
323 171 361 1.06 [3554, 3527, 3503] [225, 225, 225]
324 145 317 1.64 [6489, 6574] [226, 226]
325 151 317 3.4 [14650, 14595, 14728, 14553, 14758, 14783, 14692, 14680, 14541, 14637] [226, 226, 226, 227, 227, 227, 227, 228, 228, 228]
326 177 369 3.55 [5382, 5355] [226, 227]
327 128 369 3.89 [9165, 9272] [228, 228]
328 168 340 3.03 [4502] [229]
329 157 339 3.77 [2051, 2090, 2092, 2054, 2096] [222, 226, 228, 229, 229]
330 164 344 2.98 [4194, 4236, 4201, 4165, 4174, 4154, 4243, 4238, 4158, 4210] [229, 229, 229, 229, 229, 229, 229, 229, 229, 229]
331 147 323 2.23 [3484, 3413, 3414, 3423, 3477, 3436] [229, 229, 229, 229, 229, 229]
332 125 368 3.21 [2509, 2543, 2542, 2540, 2521, 2541, 2525] [229, 229, 229, 229, 229, 229, 229]
333 161 373 1.21 [12774, 12747, 12715, 12805, 12969, 12990, 12811, 12974, 12758, 12731] [230, 230, 230, 230, 230, 230, 230, 231, 231, 231]
334 182 332 3.94 [2307, 2276, 2309, 2275, 2279] [230, 231, 231, 231, 231]
335 129 364 3.45 [3038, 3082, 3065, 3047, 3057, 3036, 3096, 3100, 3061, 3046] [231, 231, 231, 231, 231, 231, 231, 231, 231, 231]
336 155 368 1.69 [4583, 4657, 4596, 4630] [231, 231, 231, 232]
337 140 347 2.19 [2067, 2051, 2058, 2070, 2054] [232, 232, 232, 232, 232]
338 174 359 1.57 [7547, 7663, 7694, 7678, 7610, 7516, 7550, 7559, 7603, 7622] [232, 232, 232, 232, 232, 232, 232, 232, 232, 232]
339 155 337 2.96 [5145, 5149] [233, 233]
340 149 312 2.37 [10591] [233]
341 178 317 2.78 [4318, 4347, 4327, 4308] [233, 233, 233, 233]
342 178 353 2.4 [6879, 6885, 6925, 6836, 6908] [233, 233, 233, 233, 233]
343 154 349 2.47 [7565, 7602, 7618, 7627, 7640, 7562] [233, 234, 234, 234, 234, 234]
344 138 316 2.23 [16352] [234]
345 163 335 3.06 [2061, 2058, 2074, 2069, 2037, 2054, 2045, 2032] [232, 232, 233, 233, 234, 234, 234, 234]
346 150 313 3.63 [9655] [234]
347 168 373 1.77 [4937, 5033, 4961, 4998, 4939, 4953] [235, 235, 235, 235, 235, 235]
348 133 360 3.17 [4689, 4714] [235, 235]
349 140 330 2.38 [3542, 3588, 3568, 3579, 3630, 3587, 3618, 3606] [235, 235, 235, 235, 235, 235, 235, 235]
350 145 351 3.96 [2752, 2731, 2759] [235, 235, 235]
351 165 373 3.65 [3194, 3197, 3206, 3154, 3156] [235, 235, 235, 235, 236]
352 153 343 3.14 [4656, 4590, 4604] [236, 236, 236]
353 143 315 1.27 [2388, 2443, 2423, 2408, 2429, 2387, 2416, 2389] [236, 236, 236, 236, 236, 236, 236, 236]
354 142 372 1.83 [8951] [236]
355 128 313 1.02 [2582, 2598, 2573] [236, 236, 236]
356 153 373 3.51 [2578, 2548, 2563, 2545, 2591, 2562, 2558] [236, 236, 236, 236, 236, 236, 236]
357 134 374 2.93 [2764] [236]
358 157 340 3.12 [2665, 2668] [236, 236]
359 129 326 3.21 [6741, 6730, 6783, 6719, 6856, 6792] [237, 237, 237, 237, 237, 237]
360 159 362 3.74 [16273, 16134, 16373, 16000] [238, 238, 238, 239]
361 170 317 1.04 [3370, 3399] [236, 236]
362 184 324 1.94 [3824, 3851, 3848, 3864, 3818, 3872] [236, 237, 237, 237, 237, 237]
363 185 371 3.66 [3156, 3181, 3155, 3190, 3160, 3131, 3163] [237, 237, 237, 237, 237, 237, 237]
364 179 322 3.4 [4191, 4269, 4201] [238, 239, 239]
365 136 319 2.95 [4221, 4216, 4219, 4312, 4288, 4225, 4293, 4228, 4253] [239, 239, 239, 239, 239, 239, 239, 240, 240]
366 132 319 2.0 [16795, 16879, 17032, 17046, 17053, 17116] [240, 240, 240, 240, 241, 241]
367 179 337 3.56 [2199] [234]
368 165 314 3.73 [4692, 4794, 4790, 4716, 4772, 4678] [240, 241, 241, 241, 241, 241]
369 186 314 1.22 [2376, 2352, 2347, 2348, 2360, 2383, 2373, 2350] [237, 241, 241, 241, 241, 241, 241, 241]
370 187 372 2.11 [3627] [241]
371 162 333 1.87 [10790, 10932, 10830, 10812, 10727, 10776, 10941] [242, 242, 242, 242, 242, 242, 242]
372 159 362 1.31 [3384, 3452, 3404, 3453, 3391, 3447, 3426, 3397] [241, 242, 242, 242, 242, 243, 243, 243]
373 157 355 1.6 [6992, 7050] [243, 243]
374 158 341 2.11 [2260, 2295] [243, 243]
375 146 337 3.17 [2190] [243]
376 152 355 3.89 [2489, 2481, 2528, 2491, 2526, 2493, 2513, 2515, 2486, 2520] [243, 243, 243, 243, 243, 243, 243, 243, 243, 243]
377 182 335 1.91 [3231, 3225, 3202] [243, 243, 243]
378 150 314 3.92 [3743, 3740, 3760, 3706, 3755, 3794, 3718, 3719] [243, 243, 243, 243, 243, 243, 244, 244]
379 148 349 3.53 [6001, 6028, 5978, 5998, 5988, 6043, 5991, 6026, 6070] [244, 244, 244, 244, 244, 244, 244, 244, 244]
380 149 313 2.8 [12649, 12811, 12623, 12571, 12634, 12592, 12753, 12535, 12727, 12639] [244, 245, 245, 245, 245, 245, 245, 246, 246, 246]
381 145 350 2.25 [2657, 2636, 2630, 2638, 2654] [244, 246, 246, 246, 246]
382 179 354 1.78 [5500, 5469, 5478, 5496, 5494] [246, 246, 246, 246, 246]
383 183 341 1.83 [2026, 2029, 2055, 2068] [197, 238, 247, 247]
384 178 353 2.86 [5628, 5637, 5675, 5635, 5630, 5710] [247, 247, 247, 247, 247, 247]
385 136 355 3.43 [3486, 3536, 3553, 3502] [247, 247, 247, 247]
386 178 331 2.77 [3293, 3299, 3274, 3335, 3290, 3285, 3256, 3324, 3322] [247, 247, 247, 247, 247, 247, 247, 247, 247]
387 129 313 1.09 [4389] [247]
388 143 351 1.35 [3674, 3629, 3665, 3664, 3676] [248, 248, 248, 248, 248]
389 184 342 3.77 [3562, 3565, 3603, 3592, 3569, 3553, 3589] [248, 248, 248, 248, 248, 248, 248]
390 132 364 1.21 [10404, 10319, 10387, 10456, 10434] [248, 248, 248, 248, 249]
391 186 332 2.0 [4402, 4440, 4442, 4415] [248, 249, 249, 249]
392 163 319 1.82 [2033, 2011, 2048, 2019, 2037, 2007, 2015, 2036, 2042, 2004] [247, 249, 249, 249, 249, 249, 249, 249, 249, 249]
393 140 356 2.68 [7866] [249]
394 133 356 2.05 [2594, 2595, 2605, 2584, 2610, 2608, 2550, 2587] [249, 249, 249, 249, 249, 249, 249, 249]
395 131 340 3.21 [2022, 2050, 2019, 2048, 2053, 2065] [240, 249, 249, 249, 249, 249]
396 184 363 3.86 [3953, 3991, 3954, 3972, 3961, 4010] [249, 250, 250, 250, 250, 250]
397 176 351 1.99 [2719, 2683, 2686, 2695] [250, 250, 250, 250]
398 139 323 1.05 [2642, 2685, 2641, 2664, 2624, 2639, 2657, 2662] [250, 250, 250, 250, 250, 250, 250, 250]
399 126 321 3.9 [2417, 2397, 2368, 2363, 2382, 2390, 2406, 2412, 2374, 2362] [250, 250, 250, 250, 250, 250, 250, 250, 250, 250]
400 126 336 1.08 [3041, 3037, 3061, 3084, 3060, 3036, 3027] [250, 250, 250, 250, 251, 251, 251]
401 140 322 3.95 [4367, 4316] [251, 251]
402 164 359 2.24 [3486, 3506, 3442] [251, 251, 251]
403 169 326 2.36 [15734, 15872, 16089, 15780, 16036, 15859, 15971, 15754, 16023] [251, 251, 251, 252, 252, 252, 252, 253, 253]
404 165 318 1.99 [3123, 3173, 3180, 3149, 3153, 3132, 3158, 3131, 3146, 3151] [252, 252, 252, 252, 253, 253, 253, 253, 253, 253]
405 176 358 3.96 [3214, 3194, 3228, 3262, 3224, 3206, 3212, 3200, 3190] [253, 253, 253, 253, 253, 253, 253, 253, 254]
406 166 321 3.67 [2742, 2753, 2752, 2790, 2805, 2754, 2761, 2777, 2793, 2781] [254, 254, 254, 254, 254, 254, 254, 254, 254, 254]
407 187 365 2.9 [11579, 11574, 11451, 11546, 11532, 11409, 11631, 11394] [254, 254, 254, 254, 255, 255, 255, 255]
408 179 318 3.42 [2399, 2412, 2387, 2418] [255, 255, 255, 255]
409 131 321 3.74 [2147, 2119, 2106, 2135, 2132, 2110, 2137, 2138] [251, 255, 255, 255, 255, 255, 255, 255]
410 170 330 1.63 [3331, 3343, 3360, 3387, 3394, 3351, 3401] [255, 255, 256, 256, 256, 256, 256]
411 171 328 2.02 [3859, 3831, 3884, 3834, 3891] [256, 256, 256, 256, 256]
412 140 356 2.64 [2377, 2400, 2362, 2387, 2355, 2398, 2356, 2379, 2353, 2406] [256, 256, 256, 256, 256, 256, 256, 256, 256, 256]
413 159 363 1.69 [10938, 10942] [256, 256]
414 142 351 1.48 [6156, 6153, 6126, 6138, 6118, 6103, 6108] [256, 257, 257, 257, 257, 257, 257]
415 151 334 2.91 [3758] [256]
416 171 314 3.29 [3453, 3498] [257, 257]
417 130 356 2.8 [6840, 6948, 6942] [257, 257, 257]
418 135 352 3.61 [8250, 8294, 8139, 8305, 8162] [257, 258, 258, 258, 258]
419 177 330 1.27 [2024, 2055, 2018, 2052, 2050, 2039, 2036, 2061] [249, 257, 257, 258, 258, 258, 258, 258]
420 132 345 2.26 [4788, 4867, 4762, 4796, 4863] [258, 258, 258, 258, 258]
421 167 315 3.38 [2056, 2067] [258, 258]
422 131 346 2.09 [6312, 6349, 6352] [258, 259, 259]
423 153 339 1.19 [3487, 3460, 3463, 3444, 3461] [259, 259, 259, 259, 259]
424 155 366 1.72 [4334, 4300, 4284, 4365, 4320, 4290, 4363, 4343, 4375] [259, 259, 259, 259, 259, 259, 259, 259, 259]
425 140 343 2.11 [2075, 2079, 2066] [259, 259, 259]
426 167 311 1.05 [3969, 3959] [259, 259]
427 126 319 1.3 [7508, 7428, 7532, 7446] [259, 260, 260, 260]
428 135 348 2.21 [3488, 3552, 3513] [260, 260, 260]
429 158 355 2.96 [4524, 4556, 4511, 4526, 4509, 4597, 4517, 4599] [260, 260, 260, 260, 260, 260, 260, 260]
430 171 348 3.45 [18154, 18357] [261, 261]
431 125 318 3.75 [3321, 3337, 3272, 3264, 3316, 3284, 3332] [260, 260, 260, 260, 260, 260, 261]
432 143 326 1.76 [2381, 2396, 2408, 2390, 2368, 2415, 2388] [259, 261, 261, 261, 261, 261, 261]
433 147 319 2.63 [2796, 2862, 2810, 2802, 2851] [262, 262, 262, 262, 262]
434 149 367 1.36 [2363] [262]
435 156 344 2.67 [10534] [262]
436 138 340 2.66 [2166, 2151, 2147, 2167, 2163, 2183, 2155, 2155] [262, 262, 262, 262, 262, 262, 262, 262]
437 147 366 2.61 [2172, 2148, 2127] [262, 262, 262]
438 181 335 2.88 [12995, 13113, 13145, 12904, 12920, 13129, 13000, 13059, 13150] [262, 263, 263, 263, 263, 263, 264, 264, 264]
439 128 314 2.18 [14589, 14698] [264, 264]
440 168 357 1.27 [2335] [262]
441 146 360 1.38 [2802, 2859, 2808, 2857, 2862, 2826, 2845, 2840, 2833] [262, 262, 262, 263, 263, 263, 264, 264, 265]
442 173 334 2.45 [2693, 2665] [265, 265]
443 156 362 2.17 [4937, 5039] [265, 265]
444 167 371 3.33 [8514, 8528, 8602, 8676, 8507, 8634, 8560] [265, 265, 265, 265, 265, 265, 265]
445 173 323 3.42 [5451, 5440, 5501, 5411, 5402] [266, 266, 266, 266, 266]
446 144 361 2.77 [4774, 4754, 4750, 4809, 4823, 4776, 4768, 4798, 4784, 4851] [266, 266, 266, 266, 266, 266, 266, 266, 266, 266]
447 147 335 2.61 [2492, 2530, 2519, 2522, 2523, 2495, 2537] [266, 266, 266, 266, 267, 267, 267]
448 135 314 3.03 [2074, 2038, 2042, 2048, 2040, 2046, 2054, 2061, 2027] [267, 267, 267, 267, 267, 267, 267, 267, 267]
449 184 354 3.56 [4318, 4332, 4334, 4320] [267, 267, 267, 267]
450 177 334 3.82 [18494, 18570] [268, 268]
451 163 370 2.88 [2288, 2284, 2328, 2276, 2278, 2306, 2324] [267, 267, 267, 267, 267, 267, 267]
452 141 315 1.41 [4042, 4072, 4107, 4058] [267, 267, 267, 267]
453 153 347 2.68 [6808, 6771, 6858, 6827, 6746, 6743] [267, 268, 269, 269, 269, 269]
454 127 357 2.99 [3993, 4021] [267, 269]
455 163 340 2.82 [5450, 5461, 5394, 5388, 5425, 5419] [269, 269, 269, 269, 269, 269]
456 159 328 3.71 [8261, 8241] [269, 270]
457 151 364 1.89 [2674, 2689, 2705, 2679, 2716, 2671, 2709, 2694] [268, 269, 269, 270, 270, 270, 270, 270]
458 160 318 1.2 [14659] [270]
459 179 328 1.94 [2955, 2953, 2979, 2928, 2961, 2976] [270, 270, 270, 270, 270, 270]
460 151 366 3.54 [7788, 7855, 7778, 7759] [270, 270, 270, 271]
461 176 360 2.24 [3359] [271]
462 173 317 2.79 [3354, 3369, 3308, 3336, 3349, 3346] [271, 271, 271, 271, 271, 271]
463 142 321 3.97 [2135, 2103, 2100, 2091, 2127, 2122, 2085, 2091, 2115] [271, 271, 271, 271, 271, 271, 271, 271, 271]
464 150 328 2.15 [6066, 6019, 6016, 6056, 6104, 6099, 6064, 6081, 6041, 6076] [271, 271, 271, 271, 272, 272, 272, 272, 272, 272]
465 143 347 1.86 [3216, 3171, 3187] [271, 272, 272]
466 187 359 1.53 [2156, 2187] [271, 272]
467 172 331 1.31 [2247, 2281, 2286, 2265, 2258] [272, 272, 272, 272, 272]
468 173 370 2.2 [2784, 2813, 2769] [272, 272, 272]
469 167 362 2.48 [3213, 3240, 3200] [272, 272, 272]
470 164 344 1.35 [2532, 2525, 2488, 2490] [272, 272, 272, 272]
471 165 325 2.37 [4865, 4953, 4939] [272, 273, 273]
472 134 319 2.48 [2068, 2034] [267, 272]
473 152 362 2.72 [3497] [273]
474 169 334 3.92 [3364, 3354, 3368, 3358, 3343, 3377, 3404, 3340] [273, 273, 273, 273, 273, 273, 273, 273]
475 150 313 2.13 [4261, 4288, 4249, 4235, 4276, 4302, 4253, 4286] [273, 273, 273, 273, 273, 273, 273, 273]
476 147 370 2.39 [5986, 6011, 5979, 5956, 6050] [273, 273, 274, 274, 274]
477 127 323 2.52 [8245] [274]
478 137 311 2.84 [2075, 2098, 2091, 2081, 2063] [273, 274, 274, 274, 274]
479 125 329 1.73 [8157, 8050, 8153, 8140, 8004, 8010, 8044] [274, 274, 274, 274, 274, 274, 275]
480 176 319 3.9 [2534, 2512, 2529, 2553, 2532, 2558, 2520, 2550, 2527, 2546] [274, 275, 275, 275, 275, 275, 275, 275, 275, 275]
481 158 340 2.66 [3091, 3095, 3071] [275, 275, 275]
482 174 350 3.89 [6559, 6473, 6584, 6562, 6476, 6497, 6603, 6573, 6557, 6549] [275, 275, 275, 275, 275, 275, 276, 276, 276, 276]
483 157 343 3.61 [2873, 2904, 2889, 2929, 2932, 2934, 2886, 2914, 2907, 2872] [276, 276, 276, 276, 276, 276, 276, 276, 276, 276]
484 162 325 1.36 [2427, 2449, 2460, 2458, 2459, 2468, 2423, 2418, 2454, 2439] [276, 276, 276, 276, 276, 276, 276, 276, 276, 276]
485 129 336 2.77 [4120, 4073, 4076, 4064, 4128, 4090, 4048] [277, 277, 277, 277, 277, 277, 277]
486 182 342 1.64 [2379, 2384, 2367, 2394, 2376, 2342, 2345] [277, 277, 277, 277, 277, 277, 277]
487 152 363 2.42 [8562, 8583, 8715] [277, 277, 277]
488 170 321 2.29 [2709, 2711, 2679, 2699, 2668, 2720] [277, 277, 277, 277, 277, 277]
489 130 318 1.6 [3870, 3910, 3904, 3923] [278, 278, 278, 278]
490 162 330 1.34 [2901, 2874, 2924, 2911, 2862, 2906, 2896, 2871, 2886, 2908] [278, 278, 278, 278, 278, 278, 278, 278, 278, 278]
491 164 338 1.81 [2726, 2684, 2680, 2689, 2706, 2719, 2729, 2679] [278, 278, 278, 278, 278, 278, 278, 278]
492 152 338 2.93 [2863, 2823] [278, 278]
493 184 368 1.28 [6822, 6847, 6867, 6791, 6763, 6811, 6724, 6808, 6861, 6769] [278, 278, 278, 279, 279, 279, 279, 279, 279, 279]
494 153 359 3.69 [3570, 3541, 3594, 3586, 3610, 3533, 3536, 3564, 3577, 3532] [279, 279, 279, 279, 279, 279, 279, 279, 279, 279]
495 174 371 4.0 [2601, 2612, 2582] [279, 279, 280]
496 126 347 2.15 [2758, 2767, 2754, 2764, 2760, 2765, 2773, 2785, 2800, 2774] [280, 280, 280, 280, 280, 280, 280, 280, 280, 280]
497 173 319 3.21 [2131, 2114, 2118, 2115, 2136, 2133] [280, 280, 280, 280, 280, 280]
498 145 339 3.68 [3982, 4028, 3998, 4032, 4005, 3992, 4018, 4051, 4020, 4066] [280, 280, 280, 280, 280, 280, 280, 280, 280, 280]
499 169 368 2.37 [2603, 2634, 2649, 2635, 2637] [280, 280, 281, 281, 281]
