182 330 13.15 38.22 2 [55, 20]
161 332 10.25 22.76 2 [6, 8]
145 371 17.2 27.97 6 [40, 58, 43, 21, 56, 27]
130 373 16.03 25.95 4 [2, 12, 6, 5]
137 343 29.3 54.21 5 [10, 39, 7, 57, 1]
142 340 59.4 98.54 4 [3, 0, 51, 41]
164 349 13.47 41.55 6 [38, 46, 28, 9, 40, 17]
160 366 11.68 25.89 2 [44, 8]
174 365 14.69 19.81 10 [3, 33, 12, 27, 11, 55, 53, 5, 7, 50]
181 348 10.02 29.6 6 [43, 46, 25, 29, 33, 48]
173 317 51.68 77.13 8 [35, 21, 0, 4, 36, 47, 6, 5]
146 343 25.49 98.6 5 [42, 2, 50, 1, 12]
139 312 11.67 44.09 9 [57, 8, 59, 19, 55, 58, 26, 17, 6]
149 323 12.51 19.92 4 [6, 19, 8, 35]
149 328 25.83 60.6 1 [11]
137 350 16.03 56.78 5 [13, 23, 39, 19, 9]
168 323 10.04 11.91 7 [23, 47, 18, 25, 53, 29, 51]
131 319 21.89 35.77 1 [44]
171 319 20.54 80.13 1 [11]
142 348 23.49 91.6 1 [2]
138 337 24.0 53.24 10 [5, 37, 54, 23, 50, 18, 28, 3, 51, 41]
133 359 80.67 216.79 7 [16, 0, 51, 49, 29, 5, 37]
180 373 14.18 47.14 5 [28, 56, 21, 24, 13]
164 317 14.76 58.03 6 [1, 48, 7, 30, 15, 34]
134 348 38.9 39.68 6 [22, 33, 9, 1, 14, 27]
158 368 12.95 28.14 7 [44, 34, 53, 59, 18, 32, 38]
166 348 24.14 80.0 8 [17, 22, 47, 8, 29, 42, 57, 15]
156 327 14.87 55.22 9 [9, 40, 47, 44, 46, 43, 54, 34, 48]
132 345 25.66 66.39 6 [25, 13, 34, 32, 45, 19]
177 371 24.71 94.21 3 [8, 17, 56]
126 320 69.62 105.31 5 [15, 49, 42, 20, 5]
134 344 13.13 18.35 2 [31, 2]
157 316 17.98 39.1 9 [47, 42, 6, 41, 8, 52, 45, 19, 32]
160 364 11.86 27.62 9 [30, 53, 9, 11, 12, 55, 18, 7, 54]
153 362 17.74 63.06 5 [40, 34, 7, 51, 13]
171 337 32.61 117.64 4 [32, 18, 27, 54]
155 323 15.09 26.17 3 [35, 36, 23]
177 348 11.6 23.27 7 [9, 18, 32, 55, 46, 8, 57]
129 333 22.74 57.13 1 [7]
180 346 66.78 179.48 2 [34, 12]
163 367 17.06 64.92 1 [45]
168 333 50.48 175.52 2 [31, 45]
163 349 11.7 45.49 4 [7, 6, 35, 44]
159 368 16.72 56.01 9 [46, 10, 32, 3, 28, 5, 57, 1, 18]
126 343 37.72 67.47 5 [34, 25, 40, 58, 57]
180 319 27.87 58.27 1 [36]
172 333 11.69 34.09 8 [26, 53, 2, 0, 38, 48, 13, 24]
159 370 10.93 35.96 8 [57, 44, 54, 42, 49, 52, 33, 18]
146 324 17.09 24.72 2 [47, 2]
179 356 12.07 19.42 4 [18, 0, 7, 3]
187 339 88.95 352.26 10 [24, 42, 17, 39, 21, 41, 49, 38, 34, 8]
145 317 10.1 12.91 9 [33, 30, 11, 52, 9, 13, 35, 56, 22]
133 329 71.0 283.68 5 [50, 6, 10, 35, 58]
144 370 12.29 15.41 3 [1, 39, 9]
157 356 15.11 49.06 1 [16]
170 314 17.1 33.45 5 [44, 30, 52, 29, 50]
144 317 10.23 11.26 1 [32]
179 350 16.44 39.1 5 [5, 52, 41, 56, 27]
180 320 10.23 22.32 1 [16]
172 312 19.71 68.0 1 [52]
145 324 18.6 24.42 9 [1, 46, 0, 43, 7, 36, 53, 42, 40]
127 340 17.27 35.31 9 [4, 45, 33, 52, 7, 58, 59, 15, 16]
162 368 52.33 130.78 1 [51]
180 370 10.82 40.02 10 [33, 39, 13, 35, 58, 50, 38, 36, 15, 12]
140 347 10.39 39.18 10 [53, 47, 46, 38, 29, 57, 20, 28, 31, 0]
183 349 23.35 48.57 4 [54, 18, 49, 55]
134 333 10.57 35.48 4 [16, 11, 33, 2]
174 312 24.68 32.62 2 [30, 29]
185 345 12.64 46.99 7 [15, 18, 51, 49, 21, 19, 59]
147 373 16.59 19.83 4 [13, 56, 46, 31]
154 352 11.59 34.54 7 [4, 1, 48, 9, 30, 13, 36]
162 317 18.21 32.26 2 [32, 29]
127 339 11.22 37.63 1 [8]
184 320 15.63 17.0 6 [13, 16, 41, 46, 35, 17]
186 351 12.5 21.04 7 [3, 16, 41, 34, 39, 47, 0]
158 341 29.16 58.82 6 [47, 23, 5, 57, 39, 25]
155 333 13.29 16.26 3 [2, 8, 47]
139 326 22.65 24.25 2 [21, 15]
127 373 12.67 17.89 7 [6, 29, 16, 51, 53, 35, 13]
178 317 14.18 17.19 8 [27, 26, 35, 7, 40, 52, 47, 14]
161 342 14.08 51.25 9 [54, 1, 12, 0, 55, 32, 53, 2, 21]
183 332 62.92 218.8 7 [21, 3, 14, 9, 16, 19, 30]
167 347 11.03 13.49 10 [29, 38, 32, 14, 18, 0, 42, 41, 13, 24]
178 326 12.36 42.75 7 [57, 30, 52, 39, 32, 26, 13]
133 322 19.46 27.42 8 [43, 37, 56, 53, 33, 32, 34, 45]
159 318 21.27 37.2 7 [20, 4, 56, 5, 39, 50, 23]
133 338 10.38 40.69 3 [1, 6, 43]
133 344 17.99 47.99 5 [10, 49, 55, 29, 11]
183 328 81.66 92.57 2 [58, 33]
147 370 14.34 45.44 1 [20]
146 360 78.11 286.21 1 [57]
169 367 10.67 27.52 8 [35, 8, 12, 20, 39, 47, 40, 42]
152 335 34.78 105.41 6 [2, 56, 43, 35, 36, 9]
187 349 31.2 124.35 10 [16, 55, 4, 52, 41, 35, 15, 24, 31, 3]
187 312 10.21 39.94 8 [38, 40, 50, 32, 34, 23, 55, 42]
139 361 10.78 36.4 8 [20, 36, 13, 43, 32, 28, 42, 6]
186 362 10.87 30.56 2 [50, 54]
162 334 16.61 23.82 5 [8, 36, 37, 44, 46]
184 347 43.03 144.15 6 [36, 41, 11, 27, 23, 21]
177 346 54.9 94.75 2 [0, 54]
143 373 11.4 27.53 4 [36, 53, 46, 35]
148 349 12.53 25.12 5 [58, 51, 28, 41, 37]
165 321 11.66 42.22 5 [13, 31, 53, 5, 44]
171 346 18.2 38.93 1 [2]
176 349 13.38 14.67 3 [21, 40, 58]
168 315 24.8 43.47 1 [16]
152 374 10.42 33.26 3 [41, 2, 35]
186 328 31.76 106.94 1 [24]
142 325 12.73 48.63 3 [3, 6, 17]
143 329 19.31 37.3 10 [34, 26, 7, 14, 6, 4, 10, 47, 2, 58]
170 360 10.26 11.85 6 [25, 47, 11, 37, 8, 48]
168 314 59.51 104.8 6 [0, 19, 31, 43, 28, 49]
178 343 20.9 68.08 10 [15, 7, 46, 53, 58, 10, 17, 5, 14, 56]
170 369 26.39 80.49 4 [5, 17, 2, 18]
130 349 21.22 58.36 5 [55, 52, 27, 4, 5]
179 358 40.2 68.04 3 [30, 43, 18]
147 319 29.17 64.13 4 [28, 27, 45, 47]
173 351 27.33 58.1 6 [37, 30, 10, 47, 23, 32]
181 314 17.33 45.3 10 [37, 28, 58, 31, 20, 51, 22, 47, 54, 19]
161 318 11.03 32.64 6 [0, 5, 30, 32, 40, 44]
147 327 20.45 31.43 3 [37, 7, 1]
156 343 13.05 24.61 3 [13, 38, 31]
165 351 75.6 221.83 3 [39, 5, 53]
156 365 16.11 54.94 4 [27, 0, 35, 45]
187 316 13.37 28.44 9 [22, 3, 51, 49, 5, 28, 11, 6, 54]
141 350 12.28 41.55 1 [38]
181 311 12.51 43.43 6 [5, 2, 31, 21, 9, 54]
126 342 24.6 87.89 7 [1, 5, 19, 29, 25, 33, 58]
171 350 12.49 38.96 4 [50, 54, 29, 6]
144 355 13.52 24.24 7 [34, 29, 53, 59, 51, 23, 50]
128 353 10.65 26.59 10 [38, 20, 11, 40, 32, 48, 23, 27, 19, 17]
152 370 36.86 104.9 1 [58]
127 363 10.53 28.8 9 [3, 37, 49, 33, 51, 10, 46, 7, 32]
178 340 11.54 26.7 1 [52]
176 327 14.73 37.99 10 [13, 3, 53, 33, 16, 28, 55, 42, 0, 25]
131 370 19.32 44.36 6 [32, 55, 11, 6, 49, 23]
148 349 35.38 84.79 5 [59, 55, 51, 31, 53]
170 340 16.48 55.49 5 [5, 1, 10, 34, 22]
179 365 48.9 143.14 10 [40, 23, 3, 7, 13, 59, 50, 25, 10, 27]
165 325 13.12 18.73 6 [7, 43, 15, 42, 19, 56]
164 338 21.17 84.21 4 [32, 57, 56, 25]
165 374 29.63 75.38 7 [27, 3, 11, 29, 7, 58, 12]
140 337 29.46 63.98 4 [44, 10, 37, 43]
171 331 12.93 45.67 2 [36, 40]
174 338 13.52 41.13 4 [7, 19, 41, 31]
134 354 33.53 116.24 3 [2, 37, 47]
126 354 45.48 153.1 10 [40, 31, 23, 56, 11, 58, 42, 4, 27, 45]
167 358 10.02 13.52 10 [4, 16, 32, 39, 35, 6, 18, 12, 13, 53]
128 314 12.6 47.98 9 [18, 47, 54, 26, 52, 15, 32, 27, 21]
151 328 11.99 15.97 2 [52, 49]
160 356 10.33 13.2 2 [24, 19]
129 314 19.87 48.08 10 [16, 24, 33, 9, 10, 41, 55, 56, 51, 44]
184 339 46.55 111.54 5 [47, 44, 24, 55, 2]
155 323 25.97 96.75 7 [5, 7, 35, 33, 45, 55, 2]
170 340 48.35 181.65 7 [20, 3, 25, 0, 14, 38, 30]
146 337 67.27 239.97 1 [22]
140 333 12.66 14.39 6 [45, 31, 53, 27, 33, 22]
137 361 13.37 37.37 6 [6, 50, 18, 52, 47, 32]
135 345 12.05 17.34 9 [36, 39, 57, 38, 43, 37, 15, 44, 49]
133 345 14.71 42.37 6 [23, 1, 38, 36, 44, 10]
169 361 17.17 24.13 10 [54, 9, 41, 50, 18, 27, 48, 46, 35, 25]
145 352 27.99 80.13 1 [10]
147 357 23.76 73.49 6 [14, 13, 54, 40, 26, 56]
173 335 23.65 37.1 1 [32]
140 360 11.0 12.43 7 [42, 16, 35, 8, 19, 27, 52]
132 368 56.94 181.12 3 [24, 31, 48]
154 340 13.17 17.95 3 [17, 56, 29]
125 336 46.58 86.06 3 [57, 6, 2]
133 312 15.13 16.43 8 [50, 13, 16, 42, 10, 43, 30, 28]
136 357 10.26 11.06 10 [46, 1, 16, 3, 15, 58, 17, 2, 19, 7]
133 321 38.07 55.66 9 [14, 34, 27, 30, 55, 7, 56, 58, 40]
129 318 12.52 20.7 4 [56, 52, 58, 53]
174 315 23.39 49.94 8 [16, 35, 12, 24, 30, 27, 6, 22]
149 334 25.17 75.63 9 [58, 43, 49, 39, 26, 54, 20, 22, 42]
178 346 23.89 92.77 6 [26, 14, 44, 57, 3, 46]
167 355 11.84 23.16 9 [46, 51, 39, 1, 54, 21, 37, 7, 38]
154 313 75.05 241.5 8 [55, 17, 29, 23, 36, 52, 35, 45]
177 351 16.73 42.08 8 [38, 13, 39, 56, 46, 18, 7, 53]
176 334 28.36 69.27 9 [29, 16, 8, 38, 1, 33, 20, 41, 0]
166 325 10.65 20.14 7 [21, 19, 50, 12, 7, 57, 31]
161 330 12.79 50.45 3 [50, 47, 45]
151 369 16.24 30.65 5 [41, 12, 44, 52, 36]
126 340 41.6 137.12 3 [31, 5, 33]
144 374 10.82 21.04 1 [51]
164 322 11.59 32.3 10 [28, 45, 24, 30, 15, 31, 54, 59, 43, 11]
180 326 27.52 88.41 8 [50, 26, 33, 43, 15, 29, 32, 31]
156 325 24.44 65.27 3 [9, 31, 13]
170 367 33.8 61.01 4 [14, 42, 6, 22]
168 325 50.18 138.31 6 [6, 1, 41, 10, 53, 8]
173 312 16.82 64.38 9 [9, 37, 19, 1, 56, 38, 11, 4, 57]
134 346 10.15 30.19 10 [4, 17, 56, 49, 15, 10, 57, 27, 45, 1]
179 360 17.03 24.55 1 [34]
136 366 12.42 32.46 6 [45, 39, 33, 7, 3, 59]
130 357 56.81 80.68 10 [19, 18, 10, 16, 41, 14, 13, 45, 9, 40]
178 373 11.6 26.36 9 [20, 2, 56, 45, 4, 34, 38, 25, 22]
175 346 24.83 83.81 3 [12, 8, 32]
128 328 13.33 24.83 4 [11, 30, 46, 37]
143 348 16.12 46.62 4 [5, 22, 59, 25]
125 317 11.36 21.0 10 [41, 11, 32, 47, 55, 29, 12, 20, 6, 46]
187 324 16.39 34.89 8 [49, 4, 45, 27, 12, 29, 38, 20]
182 326 20.42 23.82 7 [8, 58, 57, 25, 37, 38, 17]
158 361 10.44 18.71 2 [22, 50]
179 374 45.04 174.88 5 [7, 52, 50, 34, 26]
143 332 56.01 209.09 8 [2, 11, 44, 57, 24, 31, 0, 33]
129 313 10.15 35.22 7 [5, 51, 20, 48, 9, 14, 24]
125 358 11.1 30.17 8 [27, 31, 17, 50, 14, 40, 18, 59]
140 345 10.08 21.42 6 [27, 40, 44, 38, 11, 45]
186 370 32.79 110.35 1 [15]
132 353 10.02 37.1 10 [34, 0, 44, 5, 39, 32, 10, 20, 53, 24]
160 314 12.16 15.64 9 [11, 56, 59, 0, 28, 46, 54, 44, 51]
134 366 11.55 22.73 1 [25]
125 363 12.82 22.71 3 [21, 29, 32]
129 316 11.03 41.75 3 [20, 26, 41]
156 353 11.11 36.59 8 [17, 42, 33, 58, 39, 54, 20, 45]
156 320 12.52 39.57 10 [19, 10, 29, 51, 0, 17, 5, 21, 16, 45]
157 348 10.02 36.6 4 [10, 19, 7, 50]
145 318 14.73 49.22 2 [18, 14]
168 335 10.43 20.47 8 [58, 3, 59, 16, 56, 28, 52, 9]
178 314 26.25 28.12 10 [20, 7, 53, 51, 27, 43, 14, 55, 17, 13]
165 329 12.09 36.17 8 [54, 3, 39, 37, 35, 49, 22, 50]
186 347 33.76 65.49 3 [22, 8, 6]
138 314 14.89 17.12 2 [7, 52]
151 349 19.52 46.96 8 [14, 37, 3, 52, 42, 40, 59, 19]
128 313 13.33 20.35 1 [57]
166 345 12.08 36.71 10 [16, 50, 4, 37, 30, 11, 52, 56, 14, 41]
166 345 14.72 24.6 5 [28, 58, 41, 17, 19]
157 311 29.14 103.67 2 [48, 37]
127 350 14.0 47.0 3 [12, 7, 27]
140 338 27.9 98.42 2 [10, 49]
133 360 11.72 25.16 5 [24, 12, 18, 23, 53]
178 331 17.81 31.2 8 [8, 24, 13, 58, 9, 15, 41, 10]
128 326 12.54 28.29 10 [43, 41, 17, 55, 13, 7, 18, 0, 49, 14]
131 324 18.73 54.84 6 [11, 6, 57, 1, 40, 28]
159 358 12.42 16.16 4 [34, 20, 27, 38]
138 364 22.32 32.61 5 [15, 30, 45, 35, 25]
148 353 17.37 42.24 6 [54, 47, 59, 36, 9, 51]
157 313 26.65 90.91 3 [17, 43, 0]
129 316 22.02 25.36 10 [29, 20, 38, 16, 47, 10, 21, 57, 26, 35]
171 363 14.1 51.96 7 [40, 34, 56, 29, 19, 9, 54]
153 312 11.39 15.65 3 [3, 55, 39]
178 344 73.81 205.47 9 [22, 46, 3, 53, 0, 40, 44, 1, 52]
162 352 12.01 37.97 10 [41, 10, 33, 30, 31, 21, 48, 53, 20, 11]
181 326 25.14 45.71 10 [21, 31, 28, 36, 19, 0, 10, 8, 17, 5]
154 313 30.93 45.13 1 [16]
156 327 10.64 31.55 6 [2, 33, 50, 3, 23, 17]
129 371 12.25 43.9 9 [39, 4, 59, 14, 55, 28, 29, 2, 35]
170 322 19.62 31.3 1 [0]
159 357 22.73 49.02 1 [12]
132 313 29.31 57.42 7 [35, 11, 51, 45, 48, 41, 30]
181 365 11.58 34.51 7 [18, 55, 16, 57, 4, 17, 22]
146 314 11.67 35.39 1 [27]
133 343 16.99 17.58 8 [53, 15, 54, 35, 37, 1, 56, 4]
155 315 11.21 37.51 6 [0, 52, 14, 13, 30, 17]
149 327 15.94 49.04 8 [0, 42, 20, 28, 23, 5, 3, 10]
153 370 17.49 20.81 3 [41, 36, 12]
173 336 10.48 38.2 4 [17, 41, 0, 7]
158 313 15.29 29.36 8 [36, 26, 52, 41, 35, 21, 18, 34]
185 332 32.11 84.39 10 [11, 24, 30, 1, 9, 8, 27, 13, 0, 5]
166 357 11.81 37.74 3 [55, 16, 47]
176 318 11.0 40.08 1 [7]
187 370 12.65 38.44 1 [24]
128 373 14.19 41.22 5 [47, 6, 17, 51, 48]
145 329 10.96 35.86 5 [47, 4, 57, 37, 46]
168 315 18.04 52.09 6 [3, 17, 2, 59, 1, 42]
187 368 15.36 47.6 5 [59, 4, 3, 21, 12]
158 347 18.43 44.62 7 [47, 3, 55, 33, 19, 56, 25]
141 326 11.37 42.88 8 [25, 27, 38, 26, 18, 50, 54, 31]
172 319 18.84 45.99 8 [39, 24, 15, 56, 19, 50, 22, 37]
157 347 11.25 12.07 7 [33, 43, 45, 26, 37, 14, 50]
143 366 46.1 78.9 3 [19, 46, 22]
136 352 25.77 72.12 5 [50, 3, 54, 44, 37]
178 354 36.55 138.21 2 [39, 31]
127 366 17.46 27.61 1 [36]
177 339 19.7 20.35 1 [54]
141 332 75.14 109.3 3 [20, 36, 39]
173 316 15.7 38.12 9 [1, 46, 37, 57, 38, 33, 15, 21, 8]
157 360 17.55 46.54 7 [54, 6, 49, 27, 7, 20, 18]
160 370 24.15 72.29 10 [9, 34, 12, 20, 14, 24, 18, 56, 15, 41]
126 370 16.84 54.86 6 [57, 14, 58, 21, 43, 3]
147 351 14.32 36.75 4 [14, 54, 3, 36]
153 351 16.85 63.09 2 [12, 38]
169 323 12.43 25.56 6 [9, 59, 25, 48, 0, 50]
176 361 64.26 184.19 1 [28]
149 370 13.28 35.39 5 [16, 25, 21, 1, 5]
127 347 16.84 37.29 10 [25, 44, 30, 50, 59, 24, 51, 18, 17, 29]
165 369 26.27 37.26 1 [4]
164 359 12.81 24.15 9 [25, 53, 10, 32, 23, 12, 6, 4, 56]
150 358 14.51 18.75 9 [4, 37, 6, 12, 42, 26, 48, 54, 50]
176 323 10.07 38.07 8 [27, 0, 12, 1, 3, 29, 52, 11]
143 340 41.39 62.73 9 [50, 33, 3, 31, 46, 14, 38, 20, 51]
173 370 34.97 52.18 9 [55, 27, 37, 45, 25, 0, 15, 30, 31]
173 337 16.47 51.76 1 [1]
168 316 10.58 10.94 2 [54, 41]
129 346 23.75 28.45 8 [12, 57, 59, 45, 14, 16, 13, 7]
137 317 10.21 12.72 6 [8, 4, 53, 9, 30, 0]
187 335 38.6 149.16 1 [16]
181 334 20.62 21.46 2 [20, 48]
132 343 13.66 22.4 9 [11, 4, 39, 7, 14, 49, 16, 53, 15]
125 359 10.69 27.24 7 [15, 29, 55, 45, 18, 14, 7]
180 360 16.13 36.95 8 [8, 38, 6, 29, 33, 23, 16, 7]
184 368 58.82 70.55 7 [19, 8, 9, 11, 53, 12, 52]
179 343 14.3 22.65 6 [13, 9, 12, 37, 44, 1]
174 363 13.6 41.8 5 [41, 1, 50, 52, 49]
165 351 12.82 31.95 4 [41, 2, 21, 5]
154 352 27.59 101.73 6 [48, 30, 24, 6, 37, 22]
134 372 92.48 109.22 10 [39, 24, 57, 28, 53, 2, 56, 31, 4, 10]
165 327 26.23 62.03 9 [51, 42, 18, 46, 29, 12, 22, 33, 26]
156 363 32.1 99.92 3 [55, 0, 18]
159 374 16.78 52.05 10 [40, 47, 27, 16, 8, 20, 6, 30, 59, 25]
148 355 13.43 28.37 8 [32, 3, 17, 16, 20, 12, 11, 30]
130 318 38.38 114.23 1 [33]
126 351 25.23 60.9 4 [11, 30, 50, 24]
137 355 21.45 42.13 7 [53, 36, 27, 33, 46, 58, 57]
140 363 18.65 39.75 3 [42, 8, 23]
155 317 80.79 188.03 5 [5, 19, 31, 28, 22]
143 311 10.54 11.24 8 [32, 26, 23, 39, 51, 57, 15, 17]
133 355 10.85 34.77 10 [58, 37, 31, 11, 56, 46, 16, 44, 47, 10]
173 327 26.48 88.75 2 [4, 45]
178 345 33.43 40.52 7 [49, 17, 31, 12, 37, 26, 23]
128 355 93.88 280.33 6 [56, 25, 20, 29, 21, 27]
137 340 23.94 34.85 10 [50, 27, 24, 29, 6, 40, 51, 5, 8, 49]
167 359 32.35 32.41 5 [32, 22, 4, 12, 28]
186 349 22.05 44.34 4 [39, 41, 49, 5]
171 361 17.36 18.32 3 [56, 38, 21]
145 317 32.08 52.42 2 [27, 59]
151 317 72.58 246.59 10 [22, 13, 35, 6, 40, 44, 29, 27, 4, 20]
177 369 26.52 93.98 2 [35, 23]
128 369 45.54 176.77 2 [15, 43]
168 340 22.01 66.66 1 [54]
157 339 10.25 38.57 5 [1, 46, 49, 4, 53]
164 344 20.77 61.78 10 [23, 47, 27, 6, 11, 0, 51, 48, 2, 32]
147 323 17.02 37.84 6 [56, 6, 7, 13, 51, 22]
125 368 12.51 40.14 7 [6, 39, 38, 36, 18, 37, 22]
161 373 63.39 76.34 10 [18, 13, 7, 24, 55, 59, 25, 56, 15, 10]
182 332 11.36 44.75 5 [36, 4, 39, 3, 7]
129 364 15.15 52.23 10 [6, 41, 27, 13, 21, 4, 52, 55, 24, 12]
155 368 22.77 38.4 4 [15, 54, 22, 40]
140 347 10.13 22.1 5 [48, 29, 37, 52, 32]
174 359 37.56 58.88 10 [11, 48, 58, 53, 31, 1, 12, 15, 29, 35]
155 337 25.29 74.66 2 [41, 43]
149 312 52.84 124.86 1 [5]
178 317 21.34 59.32 4 [28, 44, 33, 22]
178 353 34.18 81.98 5 [15, 17, 31, 0, 25]
154 349 37.37 92.05 6 [29, 41, 46, 49, 53, 28]
138 316 81.42 181.09 1 [10]
163 335 10.14 30.95 8 [38, 35, 54, 48, 10, 30, 20, 4]
150 313 48.13 174.32 1 [7]
168 373 24.63 43.37 6 [5, 52, 17, 35, 6, 13]
133 360 23.02 72.85 2 [44, 57]
140 330 17.71 42.13 8 [0, 31, 17, 25, 59, 30, 51, 43]
145 351 13.46 53.26 3 [53, 34, 59]
165 373 15.7 57.29 5 [41, 43, 50, 10, 12]
153 343 22.95 71.98 3 [34, 0, 7]
143 315 11.92 15.11 8 [4, 59, 39, 24, 45, 3, 32, 5]
142 372 44.0 80.27 1 [41]
128 313 12.81 13.0 3 [18, 33, 10]
153 373 12.7 44.56 7 [35, 7, 21, 4, 48, 20, 17]
134 374 13.53 39.63 1 [51]
157 340 13.09 40.81 2 [43, 45]
129 326 33.55 107.43 6 [11, 7, 26, 3, 52, 29]
159 362 79.9 298.34 4 [44, 23, 59, 3]
170 317 16.75 17.3 2 [14, 35]
184 324 19.0 36.72 6 [15, 32, 30, 40, 11, 45]
185 371 15.57 56.95 7 [32, 51, 31, 58, 35, 13, 37]
179 322 20.84 70.78 3 [13, 58, 19]
136 319 21.05 62.0 9 [6, 3, 5, 58, 44, 8, 47, 10, 24]
132 319 83.66 167.2 6 [9, 21, 43, 45, 46, 55]
179 337 10.78 38.33 1 [47]
165 314 23.39 87.23 6 [7, 59, 57, 19, 48, 0]
186 314 11.7 14.18 8 [36, 12, 7, 8, 20, 44, 33, 10]
187 372 17.94 37.78 1 [26]
162 333 53.39 99.38 7 [25, 57, 34, 30, 11, 22, 59]
159 362 16.91 22.08 8 [1, 49, 15, 50, 6, 46, 31, 10]
157 355 34.84 55.62 2 [8, 28]
158 341 11.21 23.62 2 [19, 56]
146 337 10.71 33.9 1 [53]
152 355 12.38 48.06 10 [12, 4, 50, 14, 48, 16, 35, 37, 9, 42]
182 335 15.86 30.25 3 [44, 40, 22]
150 314 18.51 72.41 8 [26, 24, 37, 2, 34, 59, 10, 11]
148 349 29.79 105.0 9 [17, 28, 8, 16, 12, 34, 13, 27, 45]
149 313 62.54 174.62 10 [27, 58, 22, 12, 24, 16, 47, 5, 42, 25]
145 350 13.11 29.47 5 [32, 12, 7, 14, 29]
179 354 26.96 47.85 5 [48, 34, 38, 46, 45]
183 341 10.11 18.49 4 [4, 8, 39, 54]
178 353 28.02 79.95 6 [10, 14, 30, 13, 11, 45]
136 355 17.43 59.69 4 [0, 34, 46, 11]
178 331 16.28 44.96 9 [27, 31, 13, 58, 25, 21, 0, 50, 48]
129 313 21.46 23.32 1 [54]
143 351 18.09 24.27 5 [37, 7, 31, 30, 38]
184 342 17.69 66.52 7 [16, 18, 44, 36, 21, 10, 34]
132 364 51.42 62.08 5 [28, 8, 24, 40, 35]
186 332 21.87 43.63 4 [15, 36, 37, 22]
163 319 10.01 18.2 10 [36, 10, 54, 20, 41, 5, 15, 40, 47, 2]
140 356 39.13 104.69 1 [12]
133 356 12.74 26.06 8 [43, 44, 53, 33, 58, 56, 1, 36]
131 340 10.08 32.29 6 [7, 40, 3, 37, 43, 58]
184 363 19.72 76.02 6 [5, 28, 6, 17, 10, 40]
176 351 13.36 26.53 4 [42, 9, 12, 20]
139 323 13.11 13.73 8 [18, 57, 17, 38, 1, 15, 32, 36]
126 321 11.81 45.97 10 [55, 35, 6, 1, 20, 28, 44, 50, 12, 0]
126 336 15.07 16.17 7 [21, 18, 37, 55, 36, 17, 10]
140 322 21.38 84.37 2 [51, 22]
164 359 17.21 38.44 3 [30, 44, 0]
169 326 78.67 185.22 9 [0, 21, 54, 7, 46, 19, 36, 3, 44]
165 318 15.54 30.89 10 [11, 50, 55, 31, 34, 18, 38, 17, 29, 33]
176 358 15.94 63.11 9 [19, 4, 30, 55, 27, 13, 18, 9, 1]
166 321 13.69 50.11 10 [3, 13, 12, 45, 58, 14, 20, 34, 48, 37]
187 365 56.78 164.2 8 [47, 46, 20, 40, 37, 11, 58, 8]
179 318 11.81 40.33 4 [37, 50, 25, 56]
131 321 10.5 39.26 8 [53, 21, 6, 40, 36, 11, 42, 43]
170 330 16.63 26.95 7 [3, 12, 24, 44, 49, 18, 54]
171 328 19.0 38.33 5 [37, 19, 53, 21, 57]
140 356 11.74 30.94 10 [29, 53, 14, 39, 7, 51, 8, 31, 5, 59]
159 363 53.79 90.47 2 [40, 41]
142 351 30.05 44.36 7 [58, 57, 46, 51, 43, 37, 39]
151 334 18.42 53.42 1 [48]
171 314 17.07 56.15 2 [27, 59]
130 356 34.0 95.19 3 [14, 52, 50]
135 352 40.64 146.53 5 [36, 49, 3, 52, 10]
177 330 10.09 12.73 8 [7, 43, 0, 40, 37, 24, 21, 50]
132 345 23.77 53.49 5 [17, 57, 4, 21, 55]
167 315 10.1 34.1 2 [42, 55]
131 346 31.52 65.71 3 [3, 17, 18]
153 339 17.16 20.37 5 [38, 19, 21, 8, 20]
155 366 21.41 36.81 9 [29, 10, 1, 46, 21, 4, 45, 34, 52]
140 343 10.27 21.58 3 [24, 29, 14]
167 311 19.63 20.57 2 [26, 20]
126 319 36.89 47.95 4 [42, 16, 50, 22]
135 348 17.33 38.21 3 [15, 59, 32]
158 355 22.44 66.41 8 [19, 36, 12, 20, 11, 58, 15, 59]
171 348 90.13 310.23 2 [17, 44]
125 318 16.31 61.02 7 [43, 55, 7, 1, 39, 16, 51]
143 326 11.83 20.76 7 [15, 30, 42, 24, 2, 49, 22]
147 319 13.98 36.64 5 [0, 56, 12, 5, 47]
149 367 11.77 15.95 1 [9]
156 344 51.7 137.85 1 [45]
138 340 10.69 28.35 8 [31, 14, 10, 32, 27, 50, 19, 18]
147 366 10.63 27.7 3 [51, 24, 1]
181 335 64.17 184.59 9 [30, 52, 58, 13, 16, 55, 31, 42, 59]
128 314 72.76 158.08 2 [6, 24]
168 357 11.53 14.59 1 [30]
146 360 13.98 19.28 9 [5, 54, 10, 52, 56, 25, 42, 37, 31]
173 334 13.16 32.17 2 [55, 30]
156 362 24.59 53.18 2 [9, 59]
167 371 42.46 141.38 7 [6, 10, 31, 52, 4, 40, 19]
173 323 26.95 92.05 5 [27, 22, 49, 9, 5]
144 361 23.67 65.49 10 [20, 10, 8, 38, 45, 21, 17, 32, 25, 59]
147 335 12.38 32.3 7 [15, 52, 41, 44, 45, 18, 59]
135 314 10.13 30.6 9 [56, 14, 18, 25, 16, 23, 32, 41, 1]
184 354 21.47 76.41 4 [13, 21, 22, 14]
177 334 91.25 348.06 2 [32, 42]
163 370 11.37 32.71 7 [14, 10, 56, 2, 4, 33, 52]
141 315 20.18 28.39 4 [3, 21, 42, 13]
153 347 33.56 89.81 6 [34, 21, 52, 41, 12, 11]
127 357 19.71 58.88 2 [31, 48]
163 340 26.79 75.33 6 [41, 46, 16, 13, 30, 27]
159 328 40.41 149.7 2 [53, 47]
151 364 13.25 25.01 8 [21, 35, 49, 26, 59, 19, 53, 39]
160 318 71.71 85.41 1 [53]
179 328 14.64 28.28 6 [22, 20, 41, 0, 27, 39]
151 366 38.63 136.41 4 [19, 40, 16, 10]
176 360 16.54 36.98 1 [37]
173 317 16.46 45.82 6 [45, 56, 11, 32, 41, 39]
142 321 10.42 41.31 9 [58, 21, 18, 7, 49, 43, 1, 8, 35]
150 328 30.04 64.48 10 [23, 4, 3, 19, 38, 36, 22, 29, 13, 27]
143 347 15.76 29.26 3 [48, 14, 26]
187 359 10.76 16.37 2 [4, 39]
172 331 11.17 14.59 5 [13, 50, 55, 33, 25]
173 370 13.81 30.3 3 [19, 44, 6]
167 362 15.95 39.44 3 [17, 37, 7]
164 344 12.42 16.75 4 [46, 39, 3, 5]
165 325 24.22 57.32 3 [10, 54, 47]
134 319 10.11 25.02 2 [54, 14]
152 362 17.38 47.26 1 [14]
169 334 16.69 65.34 8 [18, 11, 21, 14, 3, 28, 47, 1]
150 313 21.12 44.85 8 [21, 36, 14, 6, 29, 44, 16, 35]
147 370 29.68 70.91 5 [20, 30, 17, 8, 46]
127 323 40.85 102.54 1 [22]
137 311 10.29 29.14 5 [19, 46, 38, 26, 5]
125 329 39.9 68.83 7 [53, 21, 52, 48, 7, 9, 19]
176 319 12.48 48.63 10 [36, 15, 31, 54, 34, 59, 23, 51, 29, 48]
158 340 15.12 40.17 3 [53, 56, 37]
174 350 32.35 125.61 10 [33, 1, 42, 34, 2, 10, 49, 38, 32, 29]
157 343 14.34 51.69 10 [4, 30, 17, 51, 53, 55, 15, 38, 32, 3]
162 325 12.07 16.36 10 [12, 34, 45, 43, 44, 53, 8, 3, 39, 24]
129 336 20.16 55.84 7 [52, 24, 26, 19, 57, 34, 9]
182 342 11.7 19.14 7 [39, 45, 27, 55, 36, 2, 5]
152 363 42.79 103.25 3 [1, 7, 44]
170 321 13.31 30.43 6 [42, 44, 15, 33, 5, 52]
130 318 19.29 30.71 4 [7, 32, 28, 40]
162 330 14.28 19.13 10 [37, 15, 57, 46, 5, 42, 33, 12, 25, 43]
164 338 13.34 24.13 8 [52, 14, 10, 18, 34, 45, 54, 9]
152 338 14.0 40.88 2 [54, 19]
184 368 33.59 42.79 10 [37, 46, 53, 26, 16, 33, 2, 32, 51, 18]
153 359 17.62 64.94 10 [31, 11, 47, 42, 58, 6, 8, 27, 36, 5]
174 371 12.87 51.46 3 [25, 35, 7]
126 347 13.77 29.57 10 [3, 11, 0, 8, 5, 9, 16, 27, 40, 17]
173 319 10.5 33.61 6 [35, 15, 20, 17, 41, 37]
145 339 19.89 73.06 10 [2, 30, 12, 32, 16, 8, 24, 44, 25, 53]
169 368 12.94 30.59 5 [13, 42, 56, 43, 45]