0
0
0
0
0.005266014855526507
0.005266014855526507
0.005266014855526507
0.005266014855526507
0.005266014855526507
0.005266014855526507
0.005266014855526507
0.005266014855526507
0.005266014855526507
0.005266014855526507
0.005266014855526507
0.005266014855526507
0.005266014855526507
0.005266014855526507
0.005266014855526507
0.005266014855526507
0.005266014855526507
0.005266014855526507
0.012899581315308897
0.012899581315308897
0.012899581315308897
0.012899581315308897
0.012899581315308897
0.020914357140230835
0.020914357140230835
0.023674848362064148
0.023674848362064148
0.023674848362064148
0.025649226120386018
0.025649226120386018
0.025649226120386018
0.03256146313365339
0.03332476010784405
0.03332476010784405
0.03332476010784405
0.036896694727898895
0.037660502388985606
0.037660502388985606
0.04186917198966906
0.04186917198966906
0.042460413582672545
0.042460413582672545
0.042460413582672545
0.042460413582672545
0.044158151946700724
0.044158151946700724
