0 81 47 1.58 [3369, 3401, 3371, 3352] [81, 82, 45, 47]
1 86 96 1.53 [2348, 2359, 2390, 2367, 2346, 2370] [86, 84, 85, 98, 97, 96]
2 53 83 1.43 [3017, 2994, 3034, 3004, 3033] [53, 51, 52, 81, 83]
3 68 53 1.86 [3525, 3541, 3519, 3487] [68, 66, 51, 53]
4 82 45 1.2 [2591, 2579, 2607, 2615, 2570] [82, 83, 81, 46, 45]
5 65 87 1.44 [4195, 4188] [65, 87]
6 65 77 1.23 [2349, 2336, 2391, 2365, 2353, 2385, 2371] [65, 63, 64, 67, 76, 75, 77]
7 87 49 1.86 [4040, 4060, 4039] [87, 88, 49]
8 83 54 1.78 [2257, 2240] [83, 54]
9 96 57 1.42 [3413, 3376, 3365, 3407] [96, 97, 58, 57]
10 78 56 1.27 [12392, 12556, 12551, 12608, 12397] [78, 79, 80, 55, 56]
11 94 56 1.35 [3648, 3626, 3678, 3694, 3630, 3658, 3657] [94, 93, 95, 90, 55, 54, 56]
12 60 50 1.41 [2663, 2700, 2697] [60, 61, 50]
13 76 88 1.74 [15527, 15508, 15559, 15514, 15342] [76, 77, 75, 89, 88]
14 55 76 1.9 [5607, 5625, 5632] [55, 54, 76]
15 67 79 1.71 [3161, 3132, 3158, 3193, 3127, 3124, 3201, 3169, 3130] [67, 68, 66, 69, 70, 71, 80, 78, 79]
16 48 67 1.11 [2235, 2233, 2215, 2194, 2213, 2211, 2231, 2216] [48, 50, 49, 46, 52, 66, 68, 67]
17 73 66 1.9 [6568, 6551, 6605, 6584, 6646, 6519, 6622, 6535] [73, 72, 74, 78, 79, 68, 67, 66]
18 65 84 1.2 [2093, 2108, 2097, 2088, 2063, 2106, 2069, 2078, 2086, 2075] [65, 63, 64, 71, 70, 69, 67, 85, 86, 84]
19 90 63 1.05 [15017, 14753, 15035, 14827, 14778, 14974, 14900, 14772, 14858] [90, 91, 92, 98, 93, 94, 65, 64, 63]
20 83 70 1.2 [19867, 19818, 20081, 19875, 19999, 19884] [83, 82, 81, 69, 71, 70]
21 51 88 1.47 [14860, 14745, 14751, 14836, 14866, 14793, 14659, 14684, 14811] [51, 52, 53, 48, 47, 46, 89, 87, 88]
22 68 52 1.63 [4962, 4986, 4960, 5019] [68, 66, 53, 52]
23 69 96 1.08 [5336, 5235, 5338, 5231, 5272, 5259, 5275] [69, 70, 71, 67, 98, 97, 96]
24 74 72 1.63 [7391, 7436, 7357, 7400, 7397] [74, 73, 80, 77, 72]
25 77 61 1.64 [3266, 3227, 3245, 3242, 3277, 3281] [77, 75, 76, 60, 62, 61]
26 82 75 1.55 [2213, 2208, 2189, 2212, 2176, 2201] [82, 83, 81, 77, 76, 75]
27 71 91 1.6 [4258, 4322, 4292, 4329, 4264] [71, 70, 69, 92, 91]
28 92 70 1.29 [4740, 4730, 4748] [92, 90, 70]
29 51 80 1.94 [8409, 8447, 8298, 8374] [51, 52, 78, 80]
30 57 81 1.44 [4326, 4370, 4346, 4362, 4422, 4389, 4427, 4384, 4416, 4424] [57, 59, 58, 62, 60, 61, 54, 83, 82, 81]
31 93 94 1.05 [2870, 2869, 2909, 2894, 2932, 2896, 2890, 2912, 2914, 2878] [93, 95, 97, 96, 91, 98, 90, 92, 59, 94]
32 94 55 1.79 [2250, 2241, 2283, 2272, 2270, 2288] [94, 95, 93, 54, 56, 55]
33 67 50 1.58 [3174, 3182, 3243, 3207, 3230, 3210] [67, 68, 66, 48, 49, 50]
34 84 73 1.99 [6475, 6556, 6489] [84, 86, 73]
35 97 97 1.56 [2962, 2947, 2940, 2965, 2983, 2943, 2935, 2946] [97, 96, 95, 91, 93, 94, 90, 98]
36 85 85 1.43 [2458, 2447, 2426, 2461, 2480, 2433] [85, 84, 87, 82, 83, 86]
37 64 59 1.18 [2115, 2141, 2104, 2111, 2142, 2096, 2116, 2128, 2136, 2118] [64, 63, 65, 68, 66, 67, 69, 57, 58, 59]
38 49 67 1.5 [7383, 7462, 7453] [49, 50, 67]
39 74 94 1.04 [2917, 2926, 2904] [74, 72, 94]
40 54 77 1.7 [5139, 5197] [54, 77]
41 52 60 1.73 [2259, 2233, 2248, 2254, 2266] [52, 53, 51, 62, 60]
42 51 67 1.53 [10376, 10278, 10359, 10291, 10214, 10393, 10257, 10398] [51, 53, 52, 45, 50, 66, 68, 67]
43 69 89 1.51 [2541, 2573, 2595, 2561, 2574, 2548, 2554, 2558] [69, 71, 70, 64, 63, 88, 87, 89]
44 49 57 1.56 [4857] [49]
45 70 96 1.66 [2077, 2104, 2068, 2098, 2061, 2077, 2076] [70, 71, 69, 64, 98, 97, 96]
46 85 75 1.21 [2424, 2384, 2387, 2429, 2396] [85, 84, 86, 76, 75]
47 84 79 1.42 [4533, 4446, 4459, 4444, 4457, 4552, 4543, 4450, 4524] [84, 85, 86, 87, 82, 81, 80, 78, 79]
48 94 94 1.39 [2298] [94]
49 72 92 1.63 [5435] [72]
