81 47 16.64 26.26 4 [29, 52, 31, 17]
86 96 11.72 17.82 6 [4, 15, 47, 23, 2, 26]
53 83 14.9 21.18 5 [29, 11, 43, 19, 42]
68 53 17.42 32.4 4 [28, 39, 24, 2]
82 45 12.77 15.26 5 [34, 23, 49, 57, 15]
65 87 20.62 29.62 2 [41, 37]
65 77 11.67 14.29 7 [15, 2, 58, 31, 19, 52, 38]
87 49 20.0 37.1 3 [24, 36, 23]
83 54 11.15 19.8 2 [28, 10]
96 57 16.76 23.69 4 [43, 17, 9, 39]
78 56 61.7 78.17 5 [10, 42, 41, 52, 11]
94 56 18.13 24.42 7 [14, 0, 34, 45, 2, 21, 20]
60 50 13.18 18.51 3 [24, 58, 55]
76 88 76.58 132.98 5 [33, 30, 38, 31, 4]
55 76 27.73 52.62 3 [26, 34, 37]
67 79 15.62 26.59 9 [28, 6, 26, 53, 2, 0, 59, 34, 4]
48 67 10.93 12.11 8 [53, 51, 31, 8, 29, 27, 49, 32]
73 66 32.47 61.62 8 [27, 21, 41, 33, 56, 9, 47, 15]
65 84 10.31 12.32 10 [36, 53, 40, 30, 1, 51, 7, 18, 27, 15]
90 63 73.58 76.98 9 [49, 6, 52, 18, 10, 42, 30, 9, 23]
83 70 98.88 117.87 6 [11, 5, 37, 12, 27, 13]
51 88 72.9 106.7 9 [46, 27, 28, 42, 47, 35, 13, 17, 38]
68 52 24.53 39.91 4 [27, 39, 26, 55]
69 96 26.12 27.96 7 [51, 5, 52, 3, 22, 16, 23]
74 72 36.51 59.48 5 [29, 44, 18, 32, 31]
77 61 16.02 26.27 6 [46, 17, 30, 28, 54, 57]
82 75 10.83 16.68 6 [51, 46, 25, 50, 10, 38]
71 91 21.28 33.95 5 [1, 37, 20, 41, 4]
92 70 23.55 30.2 3 [15, 10, 19]
51 80 41.42 80.18 4 [36, 47, 4, 26]
57 81 21.62 31.12 10 [1, 25, 12, 21, 54, 36, 57, 33, 51, 55]
93 94 14.33 15.01 10 [3, 2, 36, 23, 55, 25, 20, 38, 40, 10]
94 55 11.2 20.04 6 [10, 1, 46, 34, 32, 51]
67 50 15.85 25.01 6 [3, 9, 55, 28, 45, 30]
84 73 32.08 63.71 3 [22, 52, 27]
97 97 14.66 22.85 8 [24, 12, 6, 27, 41, 9, 2, 11]
85 85 12.11 17.31 6 [35, 24, 3, 38, 57, 10]
64 59 10.47 12.32 10 [23, 53, 11, 19, 54, 2, 25, 38, 48, 27]
49 67 36.53 54.5 3 [25, 51, 48]
74 94 14.36 14.89 3 [37, 45, 26]
54 77 25.43 43.15 2 [25, 52]
52 60 11.08 19.08 5 [46, 18, 34, 41, 54]
51 67 51.07 77.72 8 [38, 15, 34, 18, 0, 42, 10, 43]
69 89 12.67 19.13 8 [6, 36, 57, 25, 37, 13, 18, 22]
49 57 24.24 37.77 1 [4]
70 96 10.29 17.02 7 [21, 53, 11, 46, 3, 22, 20]
85 75 11.86 14.3 5 [52, 12, 15, 57, 24]
84 79 22.22 31.53 9 [48, 1, 8, 0, 7, 58, 53, 3, 43]
94 94 11.29 15.63 1 [42]
72 92 26.78 43.5 1 [35]