1670 566 16.64 55.12 4 [29, 52, 31, 17]
1838 2160 11.72 36.13 6 [4, 15, 47, 23, 2, 26]
2261 784 23.17 58.54 5 [52, 43, 16, 29, 11]
1904 1120 26.8 41.05 4 [28, 39, 24, 2]
1693 508 12.77 22.72 5 [34, 23, 49, 57, 15]
1143 1865 20.62 56.59 2 [41, 37]
1164 2228 18.84 82.33 7 [15, 2, 58, 31, 19, 52, 38]
1847 647 20.0 88.41 3 [24, 36, 23]
2369 1731 11.59 56.26 2 [28, 10]
2153 891 146.2 399.56 7 [28, 15, 43, 17, 9, 39, 33]

计算mips  <src, dst, exp, mipsList>
[1670, 566, 3.32, [3317, 3573, 3340, 3184]]
[1838, 2160, 3.09, [2141, 2227, 2477, 2290, 2126, 2313]]
[2261, 784, 2.53, [4974, 4835, 4418, 4619, 4341]]
[1904, 1120, 1.54, [5325, 5521, 5253, 4860]]
[1693, 508, 1.78, [2589, 2495, 2716, 2784, 2427]]
[1143, 1865, 2.75, [4276, 4221]]
[1164, 2228, 4.37, [3580, 3417, 4120, 3781, 3630, 4045, 3869]]
[1847, 647, 4.43, [3920, 4080, 3907]]
[2369, 1731, 4.86, [2303, 2164]]
[2153, 891, 2.74, [29046, 27778, 30508, 27973, 27194, 30118, 29533]]

mips 划分：
3.32 [3317, 3573] [3340, 3184]
3.09 [2141, 2227, 2477] [2290, 2126, 2313]
2.53 [4974, 4835] [4418, 4619, 4341]
1.54 [5325, 5521] [5253, 4860]
1.78 [2589, 2495] [2716, 2784, 2427]
2.75 [4276] [4221]
4.37 [3580, 3417, 4120, 3781] [3630, 4045, 3869]
4.43 [3920, 4080] [3907]
4.86 [2303] [2164]
2.74 [29046, 27778, 30508, 27973] [27194, 30118, 29533]

放置结果
0 [1670, 1671, 560, 566]
1 [1838, 1830, 1831, 2162, 2161, 2160]
2 [2261, 2260, 2262, 780, 784]
3 [1904, 1900, 1121, 1120]
4 [1693, 1690, 1691, 500, 508]
5 [1143, 1865]
6 [1164, 1160, 1161, 1162, 2221, 2220, 2228]
7 [1847, 1840, 647]
8 [2369, 1731]
9 [2153, 2150, 2151, 2152, 892, 890, 891]
