1670 566 16.64 55.12 4 [29, 52, 31, 17]
1838 2160 11.72 36.13 6 [4, 15, 47, 23, 2, 26]
2261 784 23.17 58.54 5 [52, 43, 16, 29, 11]
1904 1120 26.8 41.05 4 [28, 39, 24, 2]
1693 508 12.77 22.72 5 [34, 23, 49, 57, 15]
1143 1865 20.62 56.59 2 [41, 37]
1164 2228 18.84 82.33 7 [15, 2, 58, 31, 19, 52, 38]
1847 647 20.0 88.41 3 [24, 36, 23]
2369 1731 11.59 56.26 2 [28, 10]
2153 891 146.2 399.56 7 [28, 15, 43, 17, 9, 39, 33]
865 2271 11.23 31.69 3 [42, 41, 52]
856 2092 11.93 48.79 6 [27, 14, 0, 34, 45, 2]
1179 2336 14.19 18.72 8 [25, 37, 10, 24, 55, 31, 43, 15]
~
2007 1575 831.58 1735.31 8 [38, 31, 4, 10, 58, 43, 29, 25]
778 1361 20.31 48.68 7 [31, 44, 10, 35, 28, 6, 26]
2197 572 64.81 178.52 2 [3, 22]
689 811 11.1 31.27 8 [8, 29, 55, 27, 49, 32, 28, 21]
1987 1030 79.62 301.89 7 [21, 41, 33, 57, 9, 47, 15]
1161 1767 10.31 18.37 10 [36, 53, 40, 30, 1, 51, 7, 18, 27, 15]
1970 1092 73.58 87.19 9 [49, 6, 52, 18, 10, 42, 30, 9, 23]


---放置结果--- 
[1670, 1671, 560, 566]
[1838, 1830, 1831, 2162, 2161, 2160]
[2261, 2260, 2262, 780, 784]
[1904, 1900, 1121, 1120]
[1693, 1690, 1691, 500, 508]
[1143, 1865]
[1164, 1160, 1161, 1162, 2221, 2220, 2228]
[1847, 1840, 647]
[2369, 1731]
[2153, 2150, 2151, 2152, 892, 890, 891]
[865, 860, 2271]
[856, 850, 851, 2091, 2090, 2092]
[1179, 1170, 1171, 1172, 2332, 2331, 2330, 2336]

