1670 566 16.64 55.12 4 [29, 52, 31, 17]
1838 2160 11.72 36.13 6 [4, 15, 47, 23, 2, 26]
2261 784 23.17 58.54 5 [52, 43, 16, 29, 11]
1904 1120 26.8 41.05 4 [28, 39, 24, 2]
1693 508 12.77 22.72 5 [34, 23, 49, 57, 15]
1143 1865 20.62 56.59 2 [41, 37]
1164 2228 18.84 82.33 7 [15, 2, 58, 31, 19, 52, 38]
1847 647 20.0 88.41 3 [24, 36, 23]
2369 1731 11.59 56.26 2 [28, 10]
2153 891 146.2 399.56 7 [28, 15, 43, 17, 9, 39, 33]
865 2271 11.23 31.69 3 [42, 41, 52]
856 2092 11.93 48.79 6 [27, 14, 0, 34, 45, 2]
1179 2336 14.19 18.72 8 [25, 37, 10, 24, 55, 31, 43, 15]
2007 1575 831.58 1735.31 8 [38, 31, 4, 10, 58, 43, 29, 25]
778 1361 20.31 48.68 7 [31, 44, 10, 35, 28, 6, 26]
2197 572 64.81 178.52 2 [3, 22]
689 811 11.1 31.27 8 [8, 29, 55, 27, 49, 32, 28, 21]
1987 1030 79.62 301.89 7 [21, 41, 33, 57, 9, 47, 15]
1161 1767 10.31 18.37 10 [36, 53, 40, 30, 1, 51, 7, 18, 27, 15]
1970 1092 73.58 87.19 9 [49, 6, 52, 18, 10, 42, 30, 9, 23]
1718 1320 98.88 174.81 6 [11, 5, 37, 12, 27, 13]
696 1901 15850.5 72121.93 8 [55, 47, 48, 44, 52, 33, 46, 27]
1416 1860 34.44 63.17 10 [23, 7, 40, 50, 57, 0, 13, 27, 39, 26]
2291 1282 64.5 232.8 2 [49, 27]
2132 682 48.49 115.99 6 [29, 27, 48, 12, 40, 47]
1078 1455 29.44 89.08 9 [58, 16, 25, 28, 40, 21, 22, 46, 17]
1488 2355 17.13 49.81 8 [5, 44, 34, 46, 23, 51, 56, 25]
2365 2125 11.83 40.35 7 [46, 36, 4, 38, 54, 59, 53]
1127 533 22.58 81.42 2 [47, 25]
1749 1265 13.52 23.6 3 [19, 6, 35]
2119 2173 121.25 227.88 2 [26, 12]
1666 1671 426.25 1986.2 10 [1, 25, 12, 21, 54, 36, 57, 33, 51, 55]
2064 2078 166.78 384.72 1 [42]
1917 1684 10.48 34.17 7 [20, 38, 40, 10, 49, 56, 7]
1741 2116 61.53 307.62 1 [46]
2386 1599 19.17 45.95 7 [28, 36, 56, 22, 3, 9, 59]
1946 1464 23.53 91.54 10 [11, 22, 52, 27, 57, 55, 21, 35, 32, 29]
1295 898 10.97 39.11 1 [59]
2261 883 25.32 44.57 7 [58, 50, 57, 23, 35, 24, 3]
1739 606 11.79 56.88 4 [3, 37, 11, 6]
1802 1656 15.01 26.16 1 [25]
1724 2063 16.64 39.62 4 [31, 10, 25, 51]
2040 2472 17.76 72.96 1 [11]
2206 2301 11.93 45.62 3 [32, 41, 56]
1927 1302 237.03 613.05 2 [15, 6]
1365 1978 25.24 98.25 9 [41, 54, 57, 6, 22, 53, 33, 39, 30]
1744 1000 19.96 20.94 3 [43, 24, 44]
968 698 19.14 77.47 2 [36, 57]
1317 1693 12.5 30.28 4 [39, 55, 35, 33]
553 653 15.92 17.91 7 [21, 53, 11, 46, 3, 22, 20]
1780 1475 508.55 856.59 4 [8, 18, 52, 12]
1005 2355 12.93 44.73 10 [38, 26, 55, 35, 48, 1, 8, 0, 7, 54]
2217 612 28.64 116.55 3 [7, 44, 24]
638 529 26.81 105.99 3 [39, 26, 57]
597 1629 11.84 45.12 10 [29, 59, 21, 11, 2, 25, 40, 58, 31, 45]
1960 1246 27.1 42.17 5 [11, 5, 29, 0, 9]
1069 660 88.97 198.74 2 [34, 7]
1089 1944 24.0 56.13 1 [36]
1031 1800 116.96 359.04 9 [9, 45, 3, 40, 57, 38, 55, 41, 13]
1596 529 12.45 27.67 7 [9, 54, 1, 23, 33, 42, 45]
736 1478 13.82 60.88 3 [57, 40, 9]
556 1324 23.5 65.93 3 [21, 32, 42]
1461 816 10.41 34.99 3 [30, 44, 17]
933 1513 19.48 70.42 10 [49, 54, 35, 24, 9, 41, 20, 47, 53, 8]
613 1437 10.51 24.57 9 [33, 3, 24, 39, 49, 50, 5, 44, 46]
573 761 10.31 10.72 6 [27, 14, 42, 30, 53, 36]
2377 1855 32.13 43.77 2 [23, 51]
1433 1376 14.04 56.12 7 [34, 44, 59, 12, 43, 47, 15]
1973 819 52.42 98.17 9 [38, 31, 43, 53, 52, 42, 24, 50, 12]
639 1596 32.82 53.16 10 [37, 34, 8, 4, 42, 25, 29, 5, 13, 0]
1430 866 26.96 66.53 4 [15, 21, 19, 37]
1030 817 10.57 28.2 6 [0, 20, 43, 18, 32, 49]
1930 2295 22.41 58.85 5 [29, 10, 55, 52, 7]
2325 2217 16.36 81.19 2 [29, 10]
2296 2123 10.72 26.95 2 [0, 33]
2193 1983 20.7 67.94 2 [26, 7]
2042 1333 56.41 240.36 7 [57, 1, 28, 29, 40, 36, 45]
1509 1924 16.4 53.26 3 [28, 10, 14]
1467 1523 21.65 56.6 9 [58, 28, 38, 48, 1, 32, 34, 23, 40]
1943 2170 17.63 30.58 4 [23, 38, 10, 33]
2096 2204 10.25 33.42 1 [3]
836 1360 800.58 1785.45 4 [1, 10, 29, 20]
587 1532 12.92 13.81 8 [29, 49, 22, 1, 26, 40, 43, 57]
1030 535 11.65 13.6 4 [7, 32, 45, 59]
1469 2091 37.47 90.0 9 [27, 49, 55, 44, 21, 38, 52, 18, 59]
615 719 18.19 70.78 6 [31, 46, 27, 30, 22, 4]
823 1689 12.12 48.85 5 [12, 0, 46, 37, 27]
1983 2070 10.4 40.9 3 [50, 30, 23]
1306 745 15.65 65.14 4 [57, 36, 54, 4]
1506 2175 66.82 213.77 5 [31, 5, 49, 47, 58]
1848 1755 1069.31 4044.13 4 [55, 41, 11, 10]
1420 1328 76.86 249.01 7 [44, 14, 27, 26, 12, 58, 46]
1939 2245 51.35 150.19 3 [48, 59, 51]
906 2142 21.57 94.97 1 [46]
1901 1570 30.02 52.4 2 [46, 25]
1807 1899 20.29 69.33 4 [50, 57, 44, 45]
2344 1663 64.5 149.03 8 [56, 58, 37, 40, 11, 51, 54, 30]
996 1268 15.9 48.22 7 [38, 33, 46, 5, 15, 3, 6]
1983 633 13.32 28.1 6 [48, 18, 34, 23, 52, 8]
1218 2078 74.41 264.36 3 [44, 4, 59]
528 2044 37.99 136.28 7 [39, 59, 1, 10, 38, 8, 26]
995 1474 17.55 29.61 6 [41, 42, 17, 49, 9, 40]
2275 2314 10.55 40.22 9 [57, 2, 42, 3, 58, 28, 33, 26, 35]
1596 1135 34.37 113.69 6 [18, 37, 8, 29, 46, 21]
1230 642 71.41 272.85 5 [41, 22, 44, 35, 6]
2429 1017 24.5 55.19 7 [25, 10, 17, 7, 9, 35, 39]
846 2234 10.03 40.5 6 [27, 56, 17, 10, 20, 12]
1895 1809 27.42 32.9 10 [10, 36, 34, 35, 9, 3, 58, 18, 22, 29]
2054 1247 13.97 68.59 2 [12, 41]
2486 2145 14.89 19.06 2 [47, 36]
1004 1406 40.04 149.04 10 [39, 17, 35, 43, 18, 3, 32, 27, 42, 46]
1193 1457 23.0 28.14 6 [30, 31, 18, 53, 34, 58]
2404 502 15.29 69.86 10 [41, 30, 11, 52, 56, 55, 50, 14, 24, 27]
1157 1892 13.38 31.58 2 [6, 54]
1026 1393 12.75 40.57 3 [49, 56, 55]
508 1528 20.8 74.1 6 [36, 12, 57, 37, 46, 44]
750 840 14.1 33.35 8 [12, 28, 3, 38, 49, 30, 36, 8]
535 2260 20.99 63.7 9 [37, 6, 9, 31, 40, 51, 47, 19, 36]
1115 597 15.69 26.17 7 [41, 59, 54, 0, 30, 27, 26]
1744 1664 24.84 88.33 1 [55]
2397 2232 22.16 108.32 5 [25, 12, 37, 32, 38]
1956 1491 15.46 36.55 4 [23, 36, 54, 37]
574 2277 21.57 104.7 3 [0, 8, 13]
1057 999 34.3 101.42 1 [53]
1427 1257 29.75 104.3 3 [39, 36, 52]
918 1916 35.83 39.99 3 [55, 33, 50]
1738 2478 96.42 244.52 3 [30, 4, 19]
1860 2451 12.02 49.28 8 [18, 48, 56, 3, 30, 59, 2, 23]
637 660 14.85 40.25 2 [54, 43]
1640 2441 96.1 457.54 3 [8, 2, 50]
967 1875 16.39 19.67 5 [55, 50, 59, 2, 26]
2240 1255 14.46 44.22 10 [57, 39, 18, 24, 16, 56, 0, 35, 34, 53]
1453 965 20.93 52.44 9 [44, 22, 53, 17, 42, 34, 2, 3, 20]
1694 2306 26.85 60.21 3 [10, 22, 58]
1513 692 34.3 64.7 1 [40]
1125 2366 83.04 85.45 9 [18, 7, 47, 57, 45, 23, 3, 8, 36]
2296 2268 10.28 19.64 9 [1, 38, 19, 34, 43, 24, 42, 45, 56]
1801 2182 63.95 223.77 8 [54, 20, 46, 0, 59, 42, 8, 18]
2483 2464 12.12 58.56 9 [57, 18, 26, 44, 6, 28, 9, 14, 24]
1596 1175 27.66 60.89 10 [43, 27, 1, 51, 4, 14, 24, 49, 44, 13]
824 601 198.15 485.86 2 [43, 11]
2012 2385 26.66 90.59 1 [41]
658 547 16.23 61.85 9 [42, 27, 52, 31, 16, 7, 1, 34, 6]
2239 2145 12.2 51.07 2 [53, 48]
2373 2064 231.24 828.88 2 [20, 38]
732 1112 31.21 61.26 3 [30, 42, 50]
1163 2048 13.72 37.46 7 [8, 27, 16, 9, 48, 23, 56]
1657 1977 39.55 167.27 10 [40, 59, 32, 35, 25, 13, 31, 55, 45, 6]
1031 601 11.72 36.99 2 [9, 33]
1985 958 13.38 19.34 1 [44]
1359 1316 26.36 100.44 2 [58, 8]
1368 1127 10.47 19.77 7 [20, 18, 28, 39, 34, 27, 52]
540 2452 23.43 110.45 4 [4, 2, 39, 9]
2426 1746 13.34 30.45 5 [33, 38, 59, 22, 41]
2238 601 27.88 88.67 10 [13, 25, 16, 31, 27, 36, 58, 43, 28, 22]
1349 1163 354.79 1151.4 4 [20, 34, 25, 2]
546 2047 29.44 86.51 3 [57, 2, 28]
2045 995 10.32 34.77 2 [15, 44]
1822 1950 26.39 37.5 3 [34, 13, 38]
1260 1750 47.92 78.72 1 [33]
1459 995 11.48 42.33 2 [49, 41]
999 1514 11.01 18.62 3 [8, 39, 15]
658 1449 10.38 43.74 2 [4, 52]
1933 2069 65.01 80.79 8 [53, 28, 4, 38, 56, 37, 13, 47]
2065 2275 38.45 69.29 10 [58, 55, 45, 42, 23, 10, 33, 17, 20, 12]
1526 1605 12.37 33.94 9 [28, 52, 29, 37, 34, 47, 19, 42, 59]
2070 501 14.68 30.04 5 [6, 39, 26, 19, 27]
658 1109 11.74 47.96 3 [55, 7, 4]
1269 1796 13.29 26.07 1 [21]
2204 1020 37.57 97.44 2 [46, 45]
1038 1984 160.32 628.93 6 [52, 45, 25, 15, 41, 0]
2349 2031 13.69 26.11 5 [15, 1, 13, 53, 59]
857 888 10.08 20.65 8 [7, 57, 22, 55, 51, 5, 37, 42]
2477 1631 30.39 79.4 6 [6, 25, 26, 27, 54, 48]
1362 1710 41.07 179.8 1 [46]
1231 1182 10.02 34.11 2 [27, 34]
1676 1548 10.47 28.8 8 [36, 10, 57, 24, 51, 4, 16, 7]
786 1932 31.63 65.42 5 [55, 38, 34, 50, 15]
1868 694 16.72 75.95 4 [24, 59, 4, 39]
1387 740 11.24 33.16 6 [50, 9, 36, 2, 1, 33]
1914 1483 25.34 117.69 5 [9, 8, 25, 19, 50]
624 2232 21.61 92.43 10 [29, 34, 45, 23, 30, 0, 36, 18, 9, 32]
2180 2236 43.71 90.45 10 [13, 32, 50, 39, 8, 4, 12, 5, 30, 21]
1159 2050 16.91 25.18 3 [45, 6, 43]
1603 568 49.23 179.35 10 [16, 5, 23, 38, 56, 46, 19, 36, 57, 8]
2081 1439 10.84 38.85 5 [46, 16, 29, 51, 27]
2184 2113 10.64 14.54 6 [31, 28, 22, 25, 55, 41]
820 1263 24.32 103.35 1 [52]
2165 2229 12.51 31.56 1 [36]
699 602 30.79 143.84 6 [31, 26, 54, 45, 0, 29]
1362 520 10.76 22.86 7 [1, 47, 48, 14, 44, 27, 54]
883 1568 22.41 25.31 9 [12, 50, 55, 21, 52, 26, 46, 25, 41]
2472 1611 17.89 54.98 2 [6, 2]
959 2221 1161.76 3851.0 1 [54]
2215 2036 10.53 27.88 10 [46, 17, 43, 55, 44, 29, 39, 42, 32, 21]
1675 2090 10.61 46.91 3 [20, 30, 41]
1422 1425 16.55 57.37 4 [51, 29, 43, 17]
2303 1635 11.62 17.82 6 [15, 2, 0, 9, 50, 55]
1772 2396 10.9 38.76 2 [28, 11]
1724 583 111.28 442.56 1 [6]
618 1616 40.18 67.14 7 [21, 4, 47, 48, 34, 26, 7]
918 2047 58.27 219.09 7 [57, 38, 58, 32, 22, 29, 56]
2284 2250 16.75 56.31 6 [31, 54, 39, 53, 21, 55]
1624 1218 115.42 572.66 2 [13, 8]
2180 2266 13.77 59.8 2 [19, 20]
650 1394 11.43 47.03 7 [32, 33, 35, 4, 26, 31, 15]
2042 820 20.43 72.51 3 [15, 26, 43]
1937 1319 33.84 151.65 5 [9, 28, 19, 26, 49]
1711 2377 10.46 38.49 7 [4, 51, 42, 45, 5, 1, 25]
2495 1384 20.55 35.78 1 [43]
1284 1552 11.81 55.06 3 [56, 44, 20]
1402 1725 106.43 311.99 7 [23, 30, 33, 56, 29, 55, 47]
580 1005 19.87 55.2 3 [39, 12, 30]
2295 1412 11.96 26.21 8 [17, 40, 53, 31, 19, 10, 52, 59]
613 1357 14.23 31.79 2 [28, 7]
2146 2064 49.52 97.2 4 [34, 4, 35, 29]
2469 723 28.18 50.39 5 [8, 35, 51, 17, 48]
2199 634 12.15 46.52 6 [58, 50, 19, 33, 26, 13]
1109 594 16.53 68.58 9 [41, 51, 36, 13, 25, 46, 59, 1, 39]
2428 2417 42.97 74.87 6 [17, 32, 57, 42, 52, 53]
575 690 19.13 50.4 1 [2]
2489 625 10.83 25.21 5 [30, 34, 36, 52, 4]
1048 1354 15.84 65.79 9 [34, 11, 8, 51, 44, 37, 10, 40, 53]
1661 2090 81.92 401.91 7 [46, 53, 6, 31, 55, 20, 19]
689 1680 23.24 81.45 4 [57, 23, 59, 20]
2019 2369 60.23 197.43 10 [4, 15, 7, 36, 38, 33, 32, 23, 51, 53]
1917 1504 10.11 46.79 8 [44, 15, 42, 38, 58, 27, 56, 22]
963 1285 23.49 71.62 9 [24, 29, 57, 3, 41, 34, 30, 36, 39]
1912 1451 22.18 44.39 2 [55, 50]
1564 2246 54.7 218.08 7 [49, 30, 58, 28, 48, 44, 27]
549 2459 12.94 53.07 4 [27, 7, 26, 38]
1559 2131 24.62 93.26 6 [52, 54, 43, 22, 28, 3]
1132 728 15.96 67.96 5 [39, 14, 30, 12, 22]
843 831 10.13 34.76 4 [50, 29, 20, 57]
1177 1818 13.42 18.91 6 [17, 29, 44, 18, 20, 59]
1349 568 15.89 45.42 10 [39, 42, 10, 19, 16, 25, 41, 0, 48, 18]
1125 553 29.36 94.72 8 [33, 5, 24, 21, 48, 38, 57, 52]
2499 1064 15.03 71.62 1 [55]
1283 1922 17.25 51.75 3 [10, 46, 47]
809 1466 11.5 52.94 8 [14, 56, 50, 22, 7, 5, 35, 2]
2484 2043 26.48 47.45 5 [40, 36, 25, 30, 5]
2456 868 24.72 104.54 7 [28, 16, 54, 21, 11, 36, 23]
2064 2042 13.86 19.66 3 [35, 58, 27]
2347 1103 13.98 47.04 6 [41, 12, 11, 30, 3, 28]
1542 1690 33.04 100.34 3 [52, 45, 42]
1968 2401 49.37 120.12 1 [25]
1468 856 25.06 52.87 3 [18, 3, 5]
2051 2423 45.11 52.32 10 [21, 10, 46, 40, 17, 49, 59, 2, 5, 26]
1917 1240 40.28 108.23 10 [35, 44, 45, 33, 43, 16, 11, 46, 34, 8]
2006 1262 14.34 48.83 5 [47, 44, 53, 30, 6]
2050 2063 25.02 118.17 6 [38, 46, 44, 36, 18, 31]
1392 1062 10.16 21.65 7 [50, 36, 47, 55, 21, 59, 53]
1696 1846 34.79 45.35 7 [21, 10, 45, 3, 12, 43, 39]
916 1167 33.95 78.49 7 [56, 23, 28, 49, 38, 7, 4]
2122 743 36.33 88.91 4 [41, 35, 54, 49]
1716 1531 19.03 20.54 3 [33, 21, 27]
1687 1998 13.68 65.73 5 [6, 29, 52, 10, 23]
701 1232 30.1 77.92 5 [20, 57, 49, 45, 34]
942 2371 10.13 36.36 10 [44, 11, 15, 6, 20, 37, 28, 49, 27, 1]
1513 1051 29.69 93.14 9 [39, 43, 35, 33, 21, 57, 44, 50, 16]
935 2492 16.31 52.49 2 [42, 50]
2388 920 10.35 15.73 8 [35, 7, 5, 37, 18, 29, 47, 52]
2098 1458 11.88 13.49 3 [0, 14, 15]
539 1695 25.06 107.99 10 [25, 33, 23, 45, 32, 0, 44, 4, 50, 16]
1736 999 50.8 124.15 3 [42, 15, 45]
1438 2075 16.14 56.97 1 [54]
2411 1819 53.16 215.13 9 [58, 44, 43, 34, 3, 4, 32, 21, 25]
1450 954 13.55 61.97 9 [49, 29, 5, 8, 16, 2, 54, 1, 44]
604 2103 26.8 74.14 9 [31, 57, 39, 12, 36, 4, 53, 25, 9]
1994 815 13.93 46.9 2 [31, 6]
2438 2423 26.2 75.05 1 [10]
2048 1525 20.08 94.48 3 [31, 14, 42]
1741 1017 17.63 71.39 4 [16, 23, 34, 46]
964 2265 15.16 20.22 3 [14, 31, 39]
551 1348 12.47 52.8 7 [41, 10, 5, 26, 14, 25, 57]
2196 1009 12.22 35.05 1 [32]
2173 1542 45.21 204.13 3 [6, 59, 46]
1516 913 43.48 73.41 9 [51, 17, 46, 59, 7, 11, 33, 19, 39]
1686 1222 18.88 77.57 1 [57]
1735 942 11.46 49.72 9 [16, 14, 25, 55, 26, 30, 39, 41, 44]
1162 784 52.42 127.77 6 [58, 52, 3, 0, 48, 38]
961 745 10.38 36.24 4 [56, 24, 31, 18]
1560 1364 10.17 44.85 4 [28, 5, 13, 3]
1939 1052 115.36 501.56 1 [53]
1403 1432 40.61 73.42 4 [0, 4, 11, 31]
2411 2260 18.96 59.99 5 [50, 4, 15, 3, 8]
517 723 32.96 98.63 7 [20, 17, 36, 35, 4, 5, 13]
730 1302 80.97 249.78 6 [36, 3, 22, 33, 44, 24]
1391 1410 12.08 18.7 4 [38, 45, 8, 52]
1812 1766 43.3 183.11 8 [21, 33, 38, 23, 4, 0, 26, 30]
1795 1343 28.64 89.86 4 [35, 41, 3, 54]
1584 502 13.9 67.05 6 [36, 29, 56, 7, 27, 51]
1297 623 23.12 95.35 7 [10, 0, 8, 53, 36, 13, 19]
2214 849 16.76 64.84 6 [4, 34, 31, 20, 55, 23]
1757 909 115.11 158.54 8 [29, 28, 38, 11, 25, 17, 57, 34]
1328 1930 166.21 424.97 3 [41, 18, 20]
2487 1843 11.06 21.79 4 [52, 11, 15, 10]
820 660 16.98 39.17 7 [45, 19, 31, 36, 30, 28, 38]
785 2001 15.07 49.61 8 [32, 31, 41, 42, 16, 47, 27, 18]
2226 1742 34.23 150.81 5 [47, 56, 32, 34, 2]
1919 2447 22.91 37.96 1 [25]
782 2219 10.72 23.77 4 [12, 52, 35, 21]
985 1617 16.01 69.62 4 [48, 28, 41, 21]
2344 2361 12.88 15.39 7 [29, 8, 46, 22, 21, 17, 11]
1889 875 23.8 109.32 6 [36, 38, 51, 55, 53, 43]
704 2417 15.07 31.29 3 [7, 39, 59]
1534 1377 21.15 62.35 8 [42, 24, 23, 33, 55, 14, 48, 58]
643 1931 39.56 183.24 5 [46, 4, 59, 17, 38]
1027 2260 23.25 40.86 4 [11, 41, 55, 46]
2170 1355 10.65 50.6 6 [49, 54, 37, 35, 52, 14]
994 1196 15.88 76.3 4 [49, 33, 40, 10]
1062 1607 1272.7 2668.17 6 [0, 32, 50, 53, 28, 49]
715 1936 10.73 43.87 7 [15, 55, 19, 16, 35, 10, 2]
1178 2066 16.52 62.06 8 [4, 37, 11, 30, 25, 56, 23, 42]
1688 1983 180.47 345.53 9 [8, 46, 39, 24, 0, 9, 10, 14, 16]
1819 1915 29.76 97.71 5 [1, 44, 45, 34, 58]
2091 1686 14.26 16.43 2 [14, 58]
1178 1364 11.73 53.12 4 [3, 55, 8, 48]
545 2195 53.75 129.18 1 [20]
1569 1446 14.57 20.98 3 [41, 18, 52]
2038 1311 15.66 53.05 3 [47, 11, 56]
728 1061 19.34 56.78 4 [8, 48, 26, 25]
999 542 11.06 19.33 2 [15, 44]
1581 2397 26.06 111.98 9 [3, 21, 30, 42, 2, 31, 26, 12, 0]
1072 2382 12.16 55.61 9 [54, 30, 22, 31, 14, 26, 55, 5, 12]
1741 881 22.07 74.46 8 [10, 25, 2, 0, 4, 43, 58, 40]
1063 683 13.2 52.3 9 [54, 50, 44, 21, 51, 55, 12, 10, 32]
852 2371 20.42 64.53 8 [30, 42, 15, 24, 21, 41, 0, 8]
1018 997 15.26 60.02 3 [5, 33, 6]
1307 1317 22.43 24.6 2 [45, 47]
1663 1458 242.47 602.44 7 [36, 48, 10, 25, 33, 2, 19]
1002 584 12.67 38.43 1 [35]
736 1471 12.36 22.58 10 [23, 57, 20, 14, 58, 32, 5, 49, 40, 43]
728 1403 10.54 44.25 6 [35, 38, 13, 27, 46, 45]
1200 624 10.78 17.16 9 [11, 32, 52, 48, 22, 9, 26, 13, 3]
942 1117 2178.39 2709.93 2 [31, 7]
1408 578 10.83 31.16 3 [8, 2, 13]
2493 2380 11.81 17.86 9 [48, 51, 34, 46, 39, 22, 7, 59, 43]
1854 2461 24.71 86.98 5 [49, 23, 8, 45, 29]
2447 2479 71.68 253.2 2 [27, 41]
1622 1042 12.65 43.92 10 [34, 35, 15, 40, 11, 46, 22, 19, 8, 27]
1706 774 11.31 50.53 2 [1, 2]
1840 2433 17.61 51.52 8 [59, 23, 58, 53, 20, 44, 55, 21]
1972 2066 10.2 20.61 7 [26, 53, 12, 31, 57, 46, 38]
1852 1904 53.56 93.96 5 [49, 14, 58, 29, 6]
649 1638 25.38 58.18 10 [21, 58, 40, 49, 41, 24, 0, 8, 57, 2]
2424 1849 16.7 73.42 6 [4, 42, 11, 58, 53, 51]
2070 2329 12.15 55.51 4 [50, 5, 53, 58]
2071 583 18.0 20.3 8 [34, 30, 45, 31, 29, 37, 58, 18]
1510 590 36.4 113.97 9 [5, 57, 36, 43, 12, 18, 1, 0, 51]
2493 1854 186.26 499.16 10 [14, 42, 45, 57, 58, 35, 44, 1, 48, 13]
702 1501 32.24 36.32 5 [59, 19, 57, 33, 31]
2239 1072 13.79 37.01 5 [14, 11, 5, 49, 39]
2359 1334 13.13 29.3 2 [28, 35]
534 1978 10.24 38.24 7 [3, 13, 20, 42, 2, 48, 35]
2241 1618 35.26 130.27 5 [36, 10, 34, 40, 42]
1231 936 37.16 127.75 5 [17, 54, 9, 32, 59]
908 1981 11.83 27.21 3 [32, 58, 37]
581 1028 50.51 202.42 3 [44, 24, 34]
700 772 19.27 24.29 5 [29, 42, 52, 13, 17]
1394 708 16.85 22.69 5 [19, 16, 48, 39, 35]
1479 1557 53.7 143.09 5 [26, 11, 30, 40, 58]
782 1880 16.3 31.48 7 [31, 40, 19, 26, 33, 43, 13]
1383 1250 19.28 66.0 8 [1, 31, 25, 35, 14, 46, 21, 55]
2466 891 102.79 402.59 5 [18, 56, 51, 44, 38]
1133 843 61.45 183.95 7 [22, 20, 53, 38, 7, 6, 57]
933 2141 18.53 29.73 7 [1, 57, 31, 42, 15, 54, 13]
1586 1917 14.69 70.11 3 [10, 12, 51]
787 544 25.42 83.74 9 [7, 23, 44, 35, 13, 18, 30, 29, 34]
1660 1805 18.93 57.54 5 [18, 38, 59, 19, 42]
701 997 13.11 33.58 1 [51]
1686 1822 23.92 30.0 3 [56, 47, 25]
1209 560 26.38 118.82 6 [55, 11, 53, 6, 21, 20]
603 2189 11.6 52.03 5 [13, 18, 8, 38, 14]
1742 1158 133.67 544.71 2 [13, 56]
1732 1516 10.34 24.51 8 [12, 29, 24, 28, 26, 38, 48, 42]
1669 1933 64.17 172.8 10 [45, 46, 12, 54, 15, 9, 14, 26, 57, 25]
1358 2095 47.92 180.07 8 [39, 11, 21, 42, 40, 5, 48, 23]
1184 690 10.06 45.3 10 [31, 4, 55, 2, 49, 6, 39, 43, 3, 35]
840 2092 42.04 57.74 6 [50, 23, 25, 24, 3, 29]
1597 1797 12.88 22.89 2 [35, 33]
2148 1922 21.62 50.08 7 [10, 30, 24, 0, 6, 7, 18]
1218 791 213.68 331.57 9 [48, 44, 40, 59, 32, 15, 30, 19, 56]
615 1269 13.93 28.43 6 [5, 8, 29, 52, 20, 26]
1856 1103 16.44 58.82 5 [47, 59, 32, 23, 55]
2390 2494 59.05 148.07 1 [19]
2012 2313 35.81 146.06 8 [25, 41, 49, 43, 12, 7, 46, 9]
685 2094 142.0 506.32 3 [39, 55, 51]
690 2338 23.65 94.41 8 [5, 56, 0, 10, 34, 54, 30, 17]
1049 2386 11.92 50.44 6 [37, 5, 24, 28, 9, 47]
1779 2458 10.62 40.94 7 [48, 34, 5, 7, 59, 26, 1]
679 1666 14.29 21.91 9 [15, 52, 57, 17, 10, 8, 2, 53, 27]
2062 2097 16.19 19.7 1 [0]
964 864 19.71 36.14 9 [53, 40, 49, 34, 59, 15, 6, 8, 3]
1633 1661 13.81 19.56 4 [38, 24, 20, 7]
2030 2098 18.98 63.8 9 [7, 38, 1, 49, 31, 8, 24, 13, 19]
845 2063 50.48 163.77 3 [42, 14, 0]
2216 1902 840.0 3855.19 4 [18, 25, 54, 28]
1529 1058 12.08 43.81 1 [51]
755 812 74.39 306.52 6 [56, 49, 8, 19, 47, 57]
1957 893 16.81 55.11 7 [22, 18, 5, 45, 47, 31, 33]
1417 2459 76.78 128.42 2 [17, 14]
2056 1207 22.57 74.77 9 [35, 47, 4, 10, 18, 48, 1, 19, 43]
1318 2092 31.66 47.14 7 [33, 32, 40, 53, 28, 52, 20]
2101 872 29.37 33.58 7 [14, 5, 42, 34, 28, 27, 40]
836 2253 21.71 47.25 1 [29]
543 1702 18.2 61.83 1 [21]
1052 1246 33.51 145.85 5 [5, 21, 8, 36, 11]
690 914 19.55 36.77 5 [43, 20, 53, 49, 23]
523 2125 13.99 55.61 1 [47]
2476 968 40.6 178.78 4 [4, 40, 48, 57]
2018 971 227.06 428.24 8 [38, 27, 12, 25, 46, 20, 30, 13]
1128 2419 10.63 17.26 2 [54, 29]
1635 2079 22.29 45.09 6 [41, 55, 7, 29, 34, 12]
2140 2053 14.05 25.46 1 [55]
617 909 11.41 29.66 6 [7, 26, 18, 49, 46, 54]
1346 1951 24.94 52.0 10 [18, 16, 40, 39, 41, 33, 49, 19, 58, 10]
793 1960 32.45 95.49 8 [56, 27, 46, 19, 26, 8, 52, 29]
1679 2462 10.02 23.04 5 [53, 33, 44, 16, 43]
2059 638 18.41 71.39 1 [10]
1102 788 13.04 64.96 9 [5, 53, 22, 48, 32, 33, 19, 9, 34]
2007 1247 16.41 52.41 10 [46, 14, 37, 23, 47, 42, 16, 20, 7, 56]
1538 1489 69.84 341.23 8 [33, 34, 30, 19, 18, 59, 57, 16]
675 1101 12.91 23.63 5 [7, 3, 41, 40, 18]
1487 1491 19.87 62.41 4 [21, 53, 17, 23]
2238 1956 40.72 147.5 6 [19, 5, 17, 4, 10, 22]
1617 927 22.28 55.42 9 [54, 56, 22, 29, 3, 38, 44, 15, 40]
2487 2266 61.29 300.74 7 [49, 2, 26, 20, 3, 45, 23]
1151 2372 10.85 19.32 4 [45, 43, 26, 5]
1800 1084 13.91 47.66 4 [37, 38, 48, 29]
962 1700 61.77 252.33 10 [13, 29, 45, 48, 38, 19, 55, 50, 37, 34]
1680 1959 17.64 51.03 5 [11, 14, 30, 35, 26]
1007 1718 54.51 178.64 8 [25, 16, 30, 1, 0, 18, 54, 22]
1621 2021 95.29 404.59 8 [48, 37, 6, 20, 39, 8, 21, 30]
1916 826 15.35 26.31 1 [21]
2003 1234 62.17 149.94 10 [2, 19, 39, 3, 23, 46, 33, 40, 17, 18]
1479 2166 99.08 376.46 9 [8, 2, 28, 56, 29, 19, 38, 21, 3]
2193 2433 10.63 29.79 7 [2, 38, 33, 8, 26, 58, 54]
1622 1541 20.77 42.98 10 [58, 12, 41, 15, 6, 0, 9, 14, 57, 48]
2329 2373 15.62 42.56 7 [57, 58, 23, 30, 0, 59, 22]
1539 947 11.7 29.35 9 [59, 49, 46, 12, 7, 5, 6, 27, 53]
1161 1642 25.03 58.13 8 [8, 1, 50, 33, 35, 31, 11, 9]
763 1561 19.35 23.18 7 [8, 45, 7, 12, 33, 26, 13]
741 1401 19.75 61.41 7 [34, 17, 14, 58, 49, 51, 38]
1940 2140 11.26 52.2 10 [56, 3, 52, 55, 13, 28, 19, 49, 50, 43]
620 1362 41.85 88.09 6 [46, 43, 57, 2, 28, 3]
1716 2163 10.26 31.57 5 [36, 33, 41, 20, 23]
1426 1568 15.51 38.95 6 [58, 23, 30, 11, 47, 14]
1342 2096 69.33 214.68 7 [13, 17, 3, 57, 24, 44, 50]
1677 522 10.01 42.46 1 [42]
940 1937 12.97 23.63 2 [32, 30]
1417 1356 15.58 30.69 4 [50, 59, 30, 17]
644 849 10.58 37.98 6 [54, 46, 36, 32, 30, 58]
1384 1199 14.57 27.18 10 [8, 58, 54, 37, 20, 30, 43, 51, 59, 57]
1989 2236 37.36 184.92 1 [38]
1395 1392 39.03 169.48 6 [24, 16, 20, 32, 19, 58]
2029 1602 14.73 40.32 7 [46, 19, 4, 42, 12, 22, 47]
1595 1000 11.78 48.73 10 [5, 28, 6, 29, 2, 11, 49, 19, 46, 7]
1740 500 11.56 41.19 8 [2, 6, 36, 27, 35, 48, 20, 40]
645 1927 26.48 118.39 5 [38, 39, 30, 7, 22]
1064 716 33.84 57.15 5 [27, 44, 14, 12, 50]
1548 1503 10.99 34.17 2 [50, 36]
2011 2304 26.52 44.76 4 [13, 58, 54, 22]
1568 2408 19.75 54.36 6 [26, 31, 32, 29, 9, 46]
1990 1447 10.58 21.5 8 [55, 39, 18, 20, 43, 14, 56, 42]
1711 894 12.12 30.6 6 [10, 40, 13, 41, 7, 44]
1219 1664 22.72 78.38 5 [56, 29, 14, 13, 9]
2066 2302 10.85 16.29 6 [31, 26, 14, 34, 54, 41]
1068 2140 15.55 45.79 10 [59, 51, 41, 22, 18, 24, 40, 15, 30, 32]
2452 1846 11.32 20.93 7 [17, 43, 3, 58, 49, 18, 4]
2116 1372 26.81 91.6 4 [2, 9, 59, 57]
1166 1837 144.29 169.42 6 [48, 26, 15, 44, 9, 39]
2162 1031 14.26 33.62 9 [0, 1, 13, 55, 18, 47, 56, 27, 24]
1248 2198 31.06 131.61 1 [23]
2306 2352 28.47 114.78 2 [51, 41]
1439 2365 13.57 55.36 7 [58, 4, 25, 56, 39, 44, 49]
848 933 10.4 21.45 4 [24, 13, 36, 42]
1477 2129 24.19 36.26 5 [29, 42, 26, 15, 36]
1024 2018 24.3 31.2 10 [49, 18, 55, 16, 56, 31, 24, 4, 2, 34]
1224 1586 73.66 119.72 5 [18, 37, 44, 36, 16]
1611 1399 61.14 243.57 10 [52, 35, 17, 55, 5, 45, 29, 41, 39, 57]
1572 1926 235.33 1128.87 8 [13, 2, 41, 39, 6, 33, 49, 3]
978 1415 13.78 41.52 2 [23, 55]
1928 1354 28.63 109.1 2 [32, 23]
1827 2451 12.39 17.33 9 [18, 2, 12, 53, 44, 43, 54, 50, 42]
1646 1007 58.61 159.33 8 [26, 4, 25, 34, 54, 19, 32, 13]
991 1888 21.37 75.1 5 [22, 37, 32, 17, 48]
2151 1616 24.55 52.85 8 [31, 12, 48, 5, 0, 18, 39, 10]
857 2406 10.01 28.8 7 [56, 30, 51, 1, 28, 16, 15]
948 2051 36.53 93.88 4 [11, 14, 6, 56]
2232 963 24.95 108.49 1 [35]
979 1698 56.4 134.91 6 [11, 17, 53, 56, 23, 43]
995 795 61.15 232.65 8 [40, 27, 1, 19, 29, 0, 59, 17]
2282 1950 32.97 87.66 9 [17, 9, 26, 42, 21, 5, 36, 29, 22]
573 1908 40.27 44.37 7 [26, 49, 43, 10, 38, 9, 57]
1843 2440 14.84 70.45 1 [48]
855 1524 14.87 31.11 7 [16, 3, 12, 11, 0, 23, 59]
1610 2157 14.96 15.61 8 [15, 38, 6, 1, 41, 2, 37, 4]
674 1496 39.18 173.77 9 [22, 15, 46, 56, 37, 13, 9, 0, 12]
2400 2098 362582.49 526472.91 7 [37, 51, 18, 0, 27, 43, 14]
2312 2030 32.99 51.36 7 [0, 31, 20, 56, 34, 13, 7]
708 524 10.56 22.19 7 [59, 1, 2, 57, 35, 41, 20]
1743 1361 10.75 10.97 3 [9, 32, 39]
1524 1901 11.52 48.25 3 [11, 29, 6]
753 1237 10.82 17.03 5 [47, 28, 11, 45, 44]
1496 2026 18.78 31.27 8 [3, 18, 52, 4, 58, 32, 5, 1]
1992 2445 12.47 44.73 8 [0, 15, 22, 3, 50, 19, 5, 9]
623 695 11.94 17.02 4 [41, 57, 59, 14]
2238 1015 123.93 252.42 8 [49, 8, 51, 6, 57, 24, 7, 31]
2066 2316 97.26 167.1 10 [56, 1, 22, 27, 8, 35, 44, 46, 31, 21]
2332 1539 95.01 334.78 10 [40, 47, 15, 45, 11, 22, 41, 36, 4, 54]
562 1118 20.78 63.58 5 [12, 8, 17, 57, 21]
1396 2311 31.25 46.09 1 [46]
754 1990 11.6 48.62 1 [1]
1245 1061 10.17 46.93 2 [57, 25]
1504 1594 16.0 52.66 4 [37, 32, 4, 0]
1674 2246 16.93 39.41 1 [22]
702 1077 30.56 135.77 4 [15, 26, 11, 5]
715 893 34.01 44.45 2 [17, 8]
1772 1220 16.08 47.2 6 [24, 41, 22, 14, 58, 21]
903 1286 21.26 89.6 9 [59, 15, 32, 47, 56, 24, 34, 45, 46]
2426 769 54.06 228.15 1 [38]
625 1473 12.42 30.06 7 [0, 2, 56, 16, 58, 34, 11]
540 2466 13.45 30.48 9 [31, 57, 20, 43, 53, 26, 56, 19, 4]
2178 1325 14.13 39.36 8 [10, 14, 34, 23, 47, 28, 29, 5]
2044 707 25.18 82.58 1 [21]
1002 1424 10.43 47.15 10 [43, 31, 40, 47, 45, 34, 55, 17, 56, 2]
1762 2231 27.44 57.07 1 [44]
1013 1171 139.93 468.16 5 [4, 51, 57, 31, 17]
2156 1424 13.41 28.94 7 [44, 54, 31, 27, 29, 51, 34]
2379 844 14.64 35.64 3 [9, 39, 58]
918 1241 20.53 66.66 1 [36]
2483 2302 13.15 35.78 6 [25, 41, 8, 33, 18, 27]
1517 2133 13.73 49.59 5 [29, 8, 45, 58, 15]
1502 2354 10.26 30.38 5 [13, 33, 34, 45, 16]
872 2176 14.32 60.77 7 [46, 33, 44, 28, 12, 19, 52]
807 1102 13.61 47.95 3 [28, 53, 24]
1171 1636 18.23 74.13 9 [36, 27, 21, 39, 25, 18, 57, 23, 42]
2117 1959 51.39 119.04 4 [16, 33, 35, 22]
1181 1107 13.8 35.15 6 [25, 44, 21, 46, 45, 41]
1051 672 14.61 55.73 2 [7, 23]
696 626 668.64 1429.07 6 [13, 15, 24, 31, 18, 55]
1242 1343 12.41 42.87 5 [23, 1, 37, 29, 32]
611 836 32.9 52.45 9 [43, 23, 40, 30, 39, 54, 41, 3, 9]
1275 1702 12.83 64.09 8 [22, 36, 58, 14, 38, 1, 37, 39]
2180 702 12.04 15.42 7 [27, 0, 30, 18, 33, 38, 17]
2352 763 16.89 17.32 3 [21, 58, 54]
1915 883 22.56 23.54 3 [3, 51, 32]
2233 854 15.17 55.83 3 [2, 9, 23]
1018 899 13.74 51.84 8 [40, 46, 51, 32, 29, 54, 19, 17]
551 2193 26.25 109.97 1 [17]
2409 951 11.25 48.59 6 [54, 25, 13, 23, 48, 6]
1324 2097 23.79 98.19 5 [10, 47, 38, 59, 25]
1995 611 12.35 33.62 10 [59, 39, 18, 11, 3, 15, 21, 43, 24, 51]
524 669 16.02 70.07 4 [24, 2, 25, 30]
2049 1895 22.67 39.63 9 [58, 35, 42, 44, 10, 13, 6, 45, 11]
879 1927 44.98 72.37 1 [55]
2469 1031 11.27 14.16 10 [16, 34, 17, 3, 47, 19, 54, 59, 22, 36]
724 1960 55.63 165.97 4 [0, 43, 58, 45]
1038 1563 18.38 57.76 2 [58, 8]
2216 1971 31.34 144.82 2 [45, 30]
1564 806 12.19 52.71 9 [33, 3, 39, 36, 35, 20, 41, 31, 12]
1416 983 13.25 18.69 1 [48]
953 1098 11.21 37.66 2 [23, 33]
2452 1883 12.23 14.51 6 [13, 0, 36, 14, 30, 29]
955 2199 14.9 43.73 9 [28, 23, 27, 46, 18, 17, 11, 2, 8]
1643 1700 14.25 21.27 5 [12, 55, 29, 16, 33]
967 527 32.93 68.67 9 [7, 10, 50, 39, 49, 58, 47, 8, 41]
1002 652 93.3 291.05 8 [18, 3, 38, 4, 7, 47, 36, 49]
2379 1138 22.01 78.84 10 [53, 57, 40, 23, 21, 36, 22, 49, 47, 52]
2064 1293 11.46 46.09 8 [26, 58, 57, 11, 6, 36, 19, 3]
1961 652 25.9 113.99 3 [43, 44, 26]
1391 702 12.73 25.71 1 [19]
1943 1767 18.11 52.36 7 [5, 52, 43, 21, 46, 19, 16]
560 2028 18.99 46.21 6 [29, 8, 53, 32, 35, 44]
797 1970 21.76 48.44 4 [23, 30, 31, 1]
1207 932 19.13 36.16 4 [6, 52, 36, 30]
1222 1738 17.39 67.63 1 [46]
1030 991 37.17 91.13 1 [52]
943 641 12.24 23.02 7 [37, 54, 1, 39, 42, 24, 40]
1802 2198 30.29 145.37 3 [26, 53, 29]
2108 2397 72.09 151.75 10 [24, 53, 55, 29, 25, 32, 42, 34, 27, 45]
900 1789 16.79 24.98 1 [54]
2354 1422 116.17 172.23 1 [11]
1265 821 10.91 28.11 8 [37, 56, 34, 35, 20, 58, 50, 8]
1646 795 22.31 79.19 9 [1, 18, 2, 5, 32, 24, 56, 21, 38]
1907 1542 15.57 30.32 7 [0, 35, 1, 56, 41, 14, 47]
788 2416 20.66 51.75 5 [58, 33, 59, 36, 11]
2290 2383 12.13 50.55 6 [58, 45, 49, 35, 51, 46]
1475 1172 39.31 113.18 3 [24, 56, 47]
701 899 11.52 37.1 7 [21, 20, 18, 43, 1, 39, 48]
1456 1483 10.46 50.04 2 [6, 54]
548 582 13.47 35.95 4 [37, 28, 34, 40]
504 1116 30.33 66.82 9 [59, 1, 44, 8, 55, 26, 11, 31, 0]
1131 799 72.41 355.0 3 [6, 41, 40]
1087 2155 140.64 665.86 5 [36, 42, 11, 33, 16]
1770 868 10.71 51.69 1 [16]
544 2382 225.85 472.74 9 [35, 17, 54, 59, 28, 32, 0, 16, 36]
1220 2237 10.61 34.75 9 [33, 8, 47, 11, 29, 18, 19, 31, 56]
2206 662 11.28 44.68 7 [23, 11, 55, 10, 48, 30, 59]
1108 1935 10.05 18.09 9 [34, 54, 21, 5, 16, 45, 2, 23, 32]
950 1510 27.7 78.41 9 [7, 14, 50, 59, 26, 20, 37, 3, 12]
1193 657 11.06 21.87 9 [21, 0, 53, 24, 23, 9, 39, 25, 2]
1558 1859 11.15 24.52 7 [19, 56, 34, 47, 48, 50, 37]
1395 2200 36.48 177.17 1 [40]
730 812 31.44 94.02 6 [17, 45, 59, 14, 19, 49]
750 1120 43.1 166.71 9 [27, 35, 39, 25, 45, 10, 8, 54, 52]
1043 2275 19.76 67.6 2 [47, 18]
1509 1863 10.45 30.28 9 [17, 1, 2, 29, 49, 28, 56, 40, 39]
1023 1322 10.9 17.4 6 [1, 33, 20, 54, 2, 22]
1473 829 109.42 179.15 4 [22, 6, 53, 27]
1116 1978 12.97 24.25 1 [8]
1409 661 11.83 40.0 7 [11, 7, 28, 36, 35, 47, 3]
1538 2068 14.28 49.98 1 [59]
780 1057 16.73 45.47 4 [16, 58, 47, 32]
2424 766 11.13 54.54 10 [26, 39, 15, 8, 40, 48, 49, 19, 16, 53]
2245 1098 14.7 23.71 1 [47]
971 1279 17.22 40.94 3 [38, 36, 37]
2197 2132 11.62 17.35 9 [33, 2, 42, 16, 23, 19, 26, 37, 51]
2301 900 215.87 492.49 9 [17, 51, 22, 5, 57, 49, 3, 37, 28]
687 2187 49.32 85.02 10 [23, 1, 51, 42, 56, 32, 22, 19, 54, 4]
1016 1559 10.66 23.17 6 [37, 16, 32, 57, 21, 26]
1789 1919 30.76 44.51 7 [23, 55, 13, 6, 34, 24, 14]
850 2119 15.88 61.97 8 [58, 34, 29, 48, 44, 30, 28, 52]
1516 2323 14.99 51.9 3 [46, 50, 24]
1032 1965 14.28 48.62 3 [15, 4, 34]
827 1795 12.28 57.37 3 [26, 41, 46]
937 2003 12.24 55.49 3 [43, 47, 22]
2129 2100 38.92 164.15 7 [52, 43, 7, 40, 53, 1, 33]
1999 1378 11.45 38.69 2 [7, 36]
1967 2354 10.64 32.9 9 [50, 51, 56, 28, 14, 13, 59, 20, 44]
685 1229 33.98 43.35 5 [28, 38, 41, 32, 9]
1588 2135 12.47 35.3 1 [18]
2203 1059 11.65 21.88 2 [15, 38]
1636 1134 26.06 128.37 9 [1, 13, 48, 12, 40, 18, 20, 9, 16]
1382 1249 139.25 224.77 4 [56, 29, 12, 13]
1523 2150 13.08 46.46 10 [38, 5, 10, 43, 31, 1, 12, 16, 34, 0]
1212 1067 60.46 238.77 3 [1, 9, 14]
2190 604 12.95 41.0 6 [1, 28, 39, 12, 19, 15]
2008 1961 144.79 524.18 10 [51, 49, 47, 58, 52, 10, 50, 48, 6, 36]
1751 912 79.45 226.74 3 [23, 1, 33]
1389 2319 15.3 49.04 7 [59, 21, 20, 31, 44, 48, 32]
2115 1870 11.31 54.95 5 [6, 47, 17, 45, 35]
2455 1296 28.23 47.68 7 [43, 58, 16, 45, 9, 21, 53]
737 749 20.03 74.61 7 [25, 13, 5, 33, 44, 8, 20]
1337 1719 11.06 46.26 9 [59, 50, 43, 26, 22, 33, 24, 41, 31]
1891 2429 15.65 75.03 4 [10, 2, 26, 19]
1075 1145 37.0 114.64 10 [40, 25, 19, 13, 45, 37, 30, 4, 20, 7]
2196 1365 16.56 73.72 10 [0, 47, 49, 19, 22, 53, 50, 33, 29, 51]
1649 2328 10.19 43.28 9 [58, 6, 46, 21, 30, 45, 9, 15, 48]
1987 1743 33.1 61.13 2 [8, 33]
1365 723 100.46 367.52 9 [53, 16, 51, 29, 12, 30, 25, 39, 52]
1754 2228 10.39 14.11 10 [45, 24, 27, 11, 3, 15, 37, 38, 13, 30]
2362 1034 11.79 48.21 10 [57, 45, 10, 1, 21, 41, 31, 8, 30, 37]
1739 726 25.53 26.78 2 [24, 7]
2370 649 25.07 97.66 8 [25, 42, 40, 34, 22, 35, 55, 7]
1937 537 89.53 117.07 8 [54, 10, 9, 51, 50, 47, 57, 34]
909 2024 10.44 31.69 8 [58, 59, 42, 46, 10, 9, 50, 21]
797 1513 59.14 273.21 9 [37, 59, 54, 40, 25, 44, 6, 0, 49]
1297 1060 30.73 118.16 2 [47, 22]
800 2413 24.54 46.12 6 [27, 7, 37, 19, 42, 47]
679 645 155.22 371.27 5 [48, 31, 14, 47, 0]
652 1026 355.23 819.49 4 [52, 27, 38, 12]
1744 1131 14.62 44.81 10 [53, 7, 40, 27, 10, 43, 6, 28, 37, 0]
707 1494 121.95 598.64 6 [26, 12, 58, 23, 39, 42]
2199 1873 69.64 264.99 5 [39, 47, 46, 28, 30]
2448 1095 11.38 51.84 4 [29, 47, 34, 13]
2161 1361 18.36 79.24 5 [3, 12, 22, 25, 16]
1844 2153 13.91 49.3 5 [9, 19, 32, 35, 14]
515 1977 101.26 382.62 9 [48, 38, 9, 33, 23, 0, 40, 35, 45]
1612 1717 18.28 19.08 5 [40, 22, 16, 51, 5]
725 1552 116.51 162.64 8 [14, 40, 13, 11, 31, 10, 47, 59]
1143 1934 31.35 51.2 4 [43, 57, 46, 26]
873 1650 37.14 129.19 2 [34, 35]
2223 1024 24.22 38.65 4 [47, 38, 10, 34]
1023 1857 14.27 41.13 5 [24, 23, 35, 52, 34]
1450 1144 43.51 106.34 2 [54, 8]
2236 1845 18.42 83.41 10 [39, 22, 53, 45, 58, 14, 34, 50, 59, 30]
529 1270 18.68 47.74 6 [44, 35, 39, 58, 26, 56]
946 1356 17.12 30.12 6 [22, 54, 5, 15, 0, 40]
698 2452 133.75 418.24 6 [12, 35, 16, 42, 2, 48]
812 2172 13.77 35.36 6 [43, 23, 46, 4, 0, 49]
2190 1836 20.85 43.11 9 [54, 16, 20, 3, 7, 55, 28, 48, 19]
1098 2192 11.69 13.97 2 [23, 38]
807 1146 12.21 45.72 7 [4, 16, 39, 20, 29, 38, 59]
1530 2100 53.55 131.24 2 [57, 26]
2418 849 262.33 1011.67 4 [39, 34, 23, 4]
597 1679 16.55 80.37 6 [33, 25, 22, 34, 59, 30]
1143 1597 49.51 96.57 4 [2, 56, 44, 34]
1036 1122 19.5 91.41 2 [58, 37]
2011 1200 32.03 115.87 10 [0, 20, 24, 47, 58, 48, 27, 18, 1, 8]
2154 1927 15.5 61.38 9 [16, 42, 39, 12, 36, 59, 47, 24, 37]
2264 937 20.43 84.73 10 [46, 16, 18, 32, 10, 20, 34, 35, 14, 11]
1037 1575 22.72 34.66 3 [53, 33, 59]
2371 1805 35.75 157.45 3 [31, 7, 44]
1896 1979 25.98 66.16 4 [18, 24, 26, 23]
1192 1096 10.74 39.22 1 [27]
1996 536 15.05 64.92 4 [37, 8, 50, 55]
1599 1531 10.59 10.77 1 [54]
1471 862 13.33 54.97 9 [56, 46, 29, 25, 0, 16, 33, 3, 17]
626 1793 12.55 46.3 4 [34, 58, 25, 6]
1556 1822 13.3 48.97 10 [31, 57, 44, 12, 23, 48, 49, 9, 20, 47]
2401 1146 22.58 109.52 1 [30]
1262 1390 22.9 54.12 2 [4, 27]
847 1288 14.63 53.8 3 [43, 16, 46]
1551 1594 63.87 130.04 4 [46, 54, 49, 15]
2132 1826 16.48 66.5 4 [29, 3, 46, 25]
2317 732 41.82 172.08 3 [20, 45, 26]
2189 2496 15.31 34.68 1 [49]
1795 1601 11.6 31.63 1 [17]
803 1375 13.39 15.12 2 [47, 35]
2284 909 22.98 112.97 6 [54, 45, 31, 23, 2, 37]
2083 1574 16.78 19.61 5 [32, 19, 50, 54, 17]
761 1044 10.72 32.98 6 [28, 16, 20, 46, 41, 19]
2172 1842 10.42 20.42 4 [3, 57, 58, 50]
526 2296 10.78 25.54 2 [16, 33]
1938 1192 23.25 68.93 5 [31, 19, 35, 22, 27]
1361 1279 35.02 151.1 9 [17, 8, 10, 52, 27, 15, 2, 12, 13]
1244 1197 45.53 209.18 5 [7, 26, 57, 28, 15]
657 865 10.51 47.1 6 [1, 56, 40, 48, 32, 24]
1051 502 11.63 13.45 7 [8, 9, 16, 32, 17, 53, 29]
1041 1153 11.9 42.97 10 [35, 55, 20, 36, 3, 9, 18, 26, 42, 49]
1905 1530 17.98 73.8 2 [28, 5]
1269 1541 21.3 44.97 9 [6, 42, 49, 28, 24, 17, 59, 37, 22]
1711 2276 11.34 31.9 4 [35, 7, 56, 22]
1702 654 17.03 25.94 9 [3, 59, 19, 26, 46, 36, 6, 33, 14]
1978 764 12.28 39.36 1 [34]
2063 1490 14.08 60.95 9 [13, 59, 52, 27, 29, 46, 3, 44, 55]
839 2389 65.38 85.41 3 [55, 40, 2]
2157 967 48.11 214.25 6 [41, 57, 58, 24, 51, 30]
750 877 10.01 11.69 3 [41, 3, 15]
2136 819 51.89 64.91 9 [26, 53, 0, 49, 9, 19, 12, 7, 40]
1738 1574 10.9 13.37 1 [26]
2462 1691 20.97 88.65 3 [13, 18, 4]
2448 1327 11.34 11.57 7 [21, 40, 34, 22, 14, 8, 38]
788 1190 14.52 50.5 7 [47, 0, 52, 31, 6, 49, 29]
529 1588 10.91 27.66 6 [54, 27, 57, 1, 36, 43]
1510 950 10.74 30.31 6 [45, 33, 14, 22, 49, 0]
2234 2000 10.09 28.19 2 [6, 48]
1014 1042 100.53 234.75 10 [57, 55, 15, 27, 22, 17, 1, 24, 4, 58]
1322 677 19.74 38.5 7 [32, 26, 30, 19, 37, 16, 33]
1065 1004 59.0 291.44 10 [53, 33, 55, 21, 14, 41, 0, 1, 38, 16]
1891 1796 22.86 26.29 6 [38, 29, 34, 6, 18, 17]
1306 1388 53.77 222.66 7 [56, 8, 34, 59, 50, 47, 43]
833 2105 12.79 52.06 8 [53, 58, 48, 52, 4, 40, 7, 42]
803 554 52.14 161.84 10 [38, 9, 10, 40, 20, 58, 56, 25, 26, 13]
1827 1814 1255.73 5505.42 8 [43, 11, 50, 16, 4, 9, 57, 3]
1046 1671 459.62 1976.07 3 [2, 17, 22]
1525 1003 40.63 199.86 2 [32, 40]
1713 710 14.26 48.03 7 [17, 12, 5, 21, 44, 32, 36]
2376 2390 14.25 21.01 3 [32, 36, 48]
2237 2370 10.75 15.35 9 [37, 24, 28, 46, 56, 57, 40, 17, 52]
862 1989 37.76 80.62 3 [50, 46, 27]
1456 1307 21.1 77.93 9 [59, 39, 5, 50, 0, 22, 20, 4, 53]
1081 2254 12.57 13.94 8 [9, 27, 14, 31, 55, 1, 50, 40]
650 1745 18.51 63.35 5 [48, 32, 35, 9, 24]
1647 770 15.32 37.45 9 [45, 49, 53, 16, 54, 7, 56, 58, 30]
1295 1228 10.14 42.25 8 [34, 3, 16, 46, 13, 2, 47, 41]
896 1648 341.49 840.22 4 [16, 2, 33, 17]
815 1620 26.56 60.05 8 [48, 35, 31, 34, 11, 19, 44, 38]
1101 850 14.18 57.03 4 [30, 18, 11, 48]
1985 532 26.38 42.53 7 [11, 36, 50, 23, 22, 16, 1]
2049 2077 25.45 116.19 6 [26, 10, 57, 43, 5, 48]
950 1558 24.27 25.46 7 [58, 48, 25, 10, 50, 44, 46]
1729 1631 14.18 43.8 3 [17, 36, 54]
1152 572 10.16 12.87 1 [48]
1699 1730 25.68 80.24 10 [39, 37, 41, 56, 1, 26, 0, 22, 47, 55]
540 2234 30.07 69.65 5 [23, 47, 27, 2, 14]
1610 872 12.83 39.53 4 [29, 14, 23, 46]
741 2396 13.48 49.08 8 [6, 8, 55, 51, 47, 56, 7, 41]
1134 1134 12.17 17.17 4 [9, 32, 47, 31]
1215 591 24.18 34.69 6 [40, 25, 15, 26, 49, 47]
2379 1077 31.22 94.06 8 [46, 42, 29, 59, 56, 8, 3, 27]
1561 2279 16.27 38.72 2 [9, 59]
1679 1289 55.01 222.56 6 [38, 17, 5, 39, 4, 26]
1346 2058 10.6 47.03 6 [5, 3, 36, 50, 16, 28]
607 1400 12.69 50.01 8 [4, 31, 6, 47, 12, 32, 55, 13]
2347 1101 23.12 54.19 4 [41, 20, 26, 54]
536 2313 23.75 118.22 4 [28, 55, 53, 2]
2081 1660 16135.66 36989.45 6 [7, 27, 49, 5, 28, 50]
1274 1977 135.96 569.07 2 [21, 55]
1522 1834 17.0 69.69 10 [54, 58, 50, 20, 26, 57, 49, 41, 21, 6]
615 1707 12.32 52.02 5 [11, 44, 15, 49, 55]
957 1356 11.01 54.79 3 [23, 28, 14]
1523 1460 15.7 42.85 8 [11, 21, 44, 49, 6, 22, 8, 15]
2205 2119 13.62 61.29 7 [59, 43, 4, 8, 20, 34, 21]
938 2215 141.01 173.5 9 [48, 2, 51, 11, 22, 33, 58, 32, 57]
1560 2106 28.89 104.62 7 [28, 46, 30, 43, 12, 53, 15]
1070 1568 18.05 65.77 3 [18, 29, 38]
1584 1638 14.02 23.4 7 [8, 42, 45, 43, 52, 51, 57]
833 810 29.53 109.49 7 [9, 16, 11, 25, 13, 35, 58]
2290 1470 33.03 41.2 7 [2, 36, 51, 5, 32, 42, 39]
2292 2489 19.82 47.94 4 [27, 10, 52, 37]
1293 2171 21.06 90.07 4 [4, 58, 0, 56]
2335 1226 26.03 72.83 3 [41, 44, 39]
2053 557 12.12 27.31 8 [43, 46, 12, 52, 4, 9, 25, 10]
1752 1847 13.45 65.67 4 [48, 30, 39, 22]
768 2185 10.12 46.06 7 [11, 20, 6, 8, 21, 15, 29]
701 1032 14.04 17.68 3 [8, 34, 12]
1687 1385 41.01 102.57 1 [35]
1564 523 26.09 110.01 3 [5, 25, 22]
1935 2265 28.82 85.74 1 [8]
1751 1982 46.97 154.04 1 [43]
1579 1596 11.84 11.92 2 [42, 51]
1823 1584 28.07 110.28 4 [42, 24, 25, 37]
2371 1399 10.82 16.09 10 [8, 27, 48, 54, 53, 39, 35, 18, 14, 13]
1403 2014 30.07 137.93 5 [24, 35, 48, 54, 44]
2028 945 36.92 149.19 1 [30]
1752 1331 107.79 270.24 5 [17, 6, 12, 58, 16]
2118 1352 15.73 19.97 1 [6]
2309 936 49.31 101.09 6 [39, 44, 2, 6, 34, 5]
583 2392 21.44 23.37 9 [34, 50, 2, 12, 14, 56, 53, 15, 24]
2020 1941 25.1 81.63 4 [37, 51, 52, 21]
601 1240 15.26 40.79 1 [2]
1363 1587 13.16 17.34 3 [38, 20, 15]
2316 696 214.93 957.14 6 [32, 51, 24, 19, 49, 33]
839 826 12.76 24.74 8 [53, 19, 47, 24, 27, 54, 42, 55]
507 1845 15.32 23.76 3 [42, 46, 56]
787 2373 11.04 17.59 3 [35, 25, 17]
724 897 23.66 54.82 3 [18, 51, 58]
513 1032 12.65 42.96 9 [45, 55, 23, 51, 5, 41, 18, 46, 13]
1198 2325 32.42 101.78 5 [30, 32, 29, 1, 50]
1824 1120 13.82 50.82 1 [21]
2178 813 40.82 58.76 9 [51, 47, 27, 30, 56, 45, 8, 1, 28]
642 1231 22.72 49.63 3 [59, 8, 7]
748 2350 10.13 35.43 2 [27, 4]
1158 2124 11.71 55.41 4 [5, 44, 47, 54]
1389 1048 142.82 407.84 1 [45]
2325 535 21.95 95.03 1 [2]
1517 1371 22.68 71.79 5 [5, 22, 53, 2, 36]
1686 1475 16.49 70.13 7 [33, 27, 59, 22, 2, 9, 46]
2458 1533 17.51 31.87 8 [57, 14, 19, 54, 26, 22, 4, 8]
1361 1707 35.43 67.91 8 [54, 46, 55, 17, 49, 16, 39, 31]
1496 1640 15.24 29.23 7 [49, 55, 14, 24, 51, 33, 50]
550 1328 135.18 496.4 1 [48]
618 930 19.13 84.6 8 [26, 52, 53, 24, 58, 10, 44, 27]
658 1869 26.07 70.37 10 [46, 10, 27, 37, 26, 50, 28, 54, 7, 12]
993 1579 17.75 32.36 2 [35, 57]
689 845 14.47 58.56 5 [24, 21, 46, 11, 51]
2398 826 11.88 50.24 6 [18, 58, 47, 41, 8, 1]
2018 1023 43.8 175.08 6 [16, 52, 12, 34, 59, 8]
1528 2496 32.99 129.7 1 [54]
989 2082 46.88 179.65 4 [25, 48, 58, 26]
2398 871 28.56 38.68 5 [55, 40, 43, 54, 32]
2174 1000 11.11 15.05 9 [45, 44, 52, 25, 30, 35, 32, 36, 46]
2238 1350 40.05 74.51 3 [14, 51, 6]
1175 1109 32.07 111.06 6 [50, 29, 57, 44, 55, 56]
918 581 82.71 276.21 5 [10, 38, 12, 59, 52]
2469 2153 14.53 54.0 5 [33, 26, 47, 10, 18]
938 797 11.16 45.84 1 [29]
2102 1956 12.16 14.8 5 [28, 26, 9, 55, 10]
2307 1915 10.2 49.3 5 [52, 14, 50, 44, 5]
1230 717 12.46 14.44 2 [14, 17]
2373 656 11.27 39.49 8 [29, 24, 27, 54, 18, 23, 19, 5]
1745 1338 22.94 80.13 1 [5]
1564 1096 22.75 25.96 1 [41]
2241 2294 11.47 43.48 5 [36, 38, 48, 23, 33]
1019 1133 37.3 133.56 9 [23, 8, 27, 3, 55, 31, 11, 54, 35]
1623 1973 54.29 116.85 6 [20, 19, 27, 21, 47, 7]
2475 1314 35.32 121.29 9 [38, 45, 11, 9, 46, 57, 17, 47, 59]
1157 2431 227.44 283.49 5 [51, 16, 20, 55, 58]
1816 1865 30.36 58.08 3 [8, 20, 41]
1952 504 17.41 47.37 5 [40, 18, 31, 35, 10]
2212 795 10.22 23.0 5 [33, 38, 9, 44, 37]
1358 1983 14.54 46.24 1 [35]
2092 799 13.52 32.41 3 [54, 33, 31]
978 1002 22.7 43.75 4 [22, 39, 8, 10]
1552 796 12.24 56.49 2 [4, 52]
1150 1804 10.91 25.23 6 [58, 16, 9, 23, 36, 40]
1347 1763 89.27 260.0 1 [20]
1371 1284 17.25 29.14 3 [38, 21, 44]
1254 740 19.54 96.57 2 [26, 45]
2412 698 42.55 62.63 7 [3, 32, 50, 34, 24, 53, 10]
1261 677 13.89 34.74 2 [6, 15]
1339 855 10.44 44.52 3 [52, 17, 34]
846 1472 27.51 51.41 3 [38, 43, 19]
1964 1584 11.83 59.05 7 [4, 32, 11, 2, 56, 19, 34]
1642 1576 13.73 51.75 1 [39]
1216 1829 10.35 38.95 1 [17]
2372 2344 16.61 44.18 7 [56, 6, 20, 35, 48, 0, 47]
1357 1947 38.62 50.24 5 [31, 17, 29, 42, 15]
640 539 12.15 25.48 10 [21, 57, 44, 34, 58, 43, 4, 48, 38, 53]
969 2496 18.3 24.76 6 [4, 59, 40, 33, 16, 8]
1412 1235 49.84 143.28 8 [0, 15, 7, 44, 28, 4, 54, 38]
1198 1781 35.13 134.26 8 [17, 40, 9, 48, 59, 44, 3, 2]
2278 2247 36.74 68.11 3 [45, 48, 42]
2326 1283 21.43 64.36 6 [56, 41, 33, 14, 31, 10]
911 651 16.57 64.02 6 [46, 27, 31, 47, 49, 51]
1531 1167 18.19 21.12 4 [27, 6, 42, 1]
2425 1080 10.83 48.24 7 [13, 34, 22, 30, 8, 48, 4]
534 2444 31.79 154.03 10 [5, 42, 27, 47, 15, 2, 24, 21, 26, 29]
1270 1172 19.25 88.01 8 [31, 44, 9, 26, 8, 52, 49, 33]
1374 1671 24.43 108.85 10 [23, 46, 4, 56, 26, 17, 51, 32, 13, 55]
1168 1253 13.05 47.81 9 [28, 22, 38, 9, 25, 4, 56, 44, 32]
1773 2149 23.02 73.51 8 [3, 35, 15, 4, 17, 24, 23, 19]
903 546 102.98 185.62 6 [46, 33, 51, 29, 2, 28]
2204 2118 159.12 609.15 6 [51, 12, 1, 46, 23, 37]
680 500 12.85 17.42 8 [57, 19, 11, 35, 59, 14, 21, 44]
2173 2289 16.72 62.58 10 [25, 7, 40, 43, 18, 46, 29, 45, 26, 35]
1769 2244 11.75 44.25 6 [24, 42, 53, 4, 10, 38]
538 2389 21.19 93.94 10 [50, 24, 34, 19, 12, 4, 0, 18, 48, 22]
2300 517 13.91 19.08 5 [0, 3, 13, 49, 47]
1016 2233 14.61 50.53 7 [51, 12, 11, 16, 32, 55, 3]
508 1507 12.99 36.34 4 [49, 56, 4, 9]
1354 2263 17.54 58.56 5 [47, 9, 50, 13, 58]
1155 2220 15.44 59.22 5 [55, 57, 39, 59, 15]
925 2366 18.48 38.02 1 [44]
1476 1929 13.08 38.48 1 [29]
2211 537 10.52 23.81 3 [36, 21, 8]
2153 2148 387.2 1769.63 5 [9, 42, 56, 49, 7]
954 1206 13.28 34.57 1 [10]
679 2289 13.3 39.58 2 [56, 51]
1000 1786 17.95 21.73 4 [56, 38, 44, 29]
2472 1094 13.77 32.79 4 [39, 9, 22, 36]
1424 1144 17.65 64.85 4 [54, 23, 17, 46]
2199 815 21.66 33.2 3 [25, 54, 21]
1509 756 17.39 80.9 9 [41, 15, 35, 18, 40, 32, 3, 5, 23]
791 775 16.55 61.72 4 [0, 43, 48, 33]
1920 555 36.02 152.58 6 [15, 18, 3, 36, 42, 10]
1012 2173 13.72 34.84 7 [54, 3, 28, 37, 48, 2, 8]
1956 1782 126.4 251.08 7 [56, 36, 28, 0, 57, 5, 58]
2055 2289 10.34 44.63 2 [2, 48]
700 1070 31.23 145.45 4 [28, 27, 12, 17]
1568 1836 361.19 922.3 10 [9, 20, 56, 12, 52, 28, 4, 10, 24, 11]
991 558 63.44 95.72 3 [55, 12, 1]
906 738 11.49 30.79 3 [28, 56, 53]
880 1258 19.89 66.46 9 [54, 51, 30, 44, 3, 5, 19, 45, 26]
573 979 13.71 54.59 10 [43, 46, 5, 23, 37, 35, 40, 16, 8, 52]
2008 1878 10.12 30.08 8 [47, 2, 22, 51, 48, 26, 32, 29]
622 636 28.83 73.55 2 [52, 9]
1215 2060 10.57 27.98 7 [18, 5, 27, 22, 34, 29, 20]
1430 1612 11.71 27.53 6 [38, 49, 48, 1, 53, 33]
1571 1841 186.31 225.03 8 [55, 56, 7, 30, 1, 0, 12, 8]
2209 1574 11.27 33.29 2 [35, 15]
1876 1719 197.86 788.05 3 [38, 58, 45]
1857 2462 13.45 42.64 9 [38, 35, 9, 14, 31, 18, 54, 2, 3]
1653 1230 38.04 154.02 5 [58, 44, 39, 50, 35]
872 2455 15.35 27.91 2 [32, 16]
582 664 12.61 57.73 5 [41, 6, 9, 10, 33]
1760 1096 13.87 51.57 5 [2, 20, 36, 5, 55]
2203 2034 27.6 119.27 6 [19, 10, 6, 34, 5, 39]
2250 1453 40.55 49.75 10 [55, 37, 53, 36, 2, 7, 29, 25, 45, 9]
1977 550 13.08 15.0 4 [8, 20, 29, 22]
1221 748 14.33 26.57 6 [6, 25, 28, 5, 4, 14]
765 1988 53.75 185.13 9 [50, 54, 41, 47, 0, 5, 18, 34, 36]
1798 736 13.78 45.54 8 [19, 55, 20, 9, 35, 57, 32, 46]
2430 2140 12.55 15.42 7 [56, 50, 52, 15, 30, 45, 3]
527 1987 23.53 40.5 7 [28, 49, 58, 50, 27, 51, 34]
1202 883 29.1 37.81 4 [4, 46, 35, 40]
998 1864 14.92 34.59 6 [24, 22, 30, 10, 52, 20]
2356 1510 10.23 47.74 6 [56, 1, 5, 17, 41, 26]
2495 1553 37.01 104.16 1 [13]
1456 582 118.13 239.97 1 [27]
641 1609 30.95 97.94 7 [32, 49, 27, 40, 37, 24, 21]
2244 2461 27.56 134.42 5 [9, 25, 33, 53, 20]
622 865 16.58 82.75 10 [54, 14, 31, 43, 7, 33, 37, 39, 30, 16]
1059 980 12.32 55.59 8 [39, 15, 48, 34, 20, 44, 10, 36]
2075 1617 77.23 178.95 5 [48, 28, 55, 57, 8]
610 1220 56.84 124.4 4 [56, 42, 3, 22]
2177 1992 19.04 60.58 7 [40, 51, 43, 57, 33, 6, 5]
2052 1970 48.64 217.41 9 [17, 38, 15, 23, 52, 39, 7, 11, 47]
1880 1810 26.86 46.74 1 [3]
945 1515 29.76 84.8 2 [8, 0]
1088 812 15.54 67.18 5 [39, 0, 49, 36, 35]
2245 655 324.92 622.4 10 [32, 28, 25, 12, 30, 21, 50, 44, 35, 41]
1747 729 33.03 122.36 4 [59, 45, 55, 50]
906 1852 45.21 63.54 3 [26, 8, 20]
1385 535 15.25 61.43 4 [8, 12, 13, 3]
1445 1466 13.86 31.88 7 [44, 42, 32, 17, 58, 21, 45]
2150 1722 21.43 55.48 5 [43, 58, 20, 15, 26]
904 1314 147.29 407.52 10 [36, 54, 27, 31, 44, 16, 6, 55, 4, 32]
1707 567 14.62 56.54 6 [17, 43, 4, 39, 23, 33]
910 728 10.48 24.58 6 [39, 9, 42, 23, 40, 53]
1240 1073 10.21 40.75 7 [1, 59, 26, 51, 36, 56, 53]
2305 1536 422.72 665.98 4 [2, 26, 37, 16]
721 1693 43.31 145.86 2 [37, 22]
1564 1174 11.65 41.24 5 [33, 11, 19, 48, 12]
1168 1215 365.09 1408.12 10 [48, 9, 22, 36, 57, 35, 54, 0, 3, 44]
1206 1148 10.98 51.0 3 [57, 1, 35]
527 1859 13.73 31.18 6 [28, 1, 34, 31, 6, 38]
1198 724 29.12 95.78 9 [54, 59, 47, 5, 48, 55, 43, 53, 15]
2440 1046 23.78 104.28 5 [1, 45, 43, 53, 52]
1328 974 14.43 31.19 4 [8, 2, 43, 34]
521 884 15.2 26.55 9 [26, 44, 45, 27, 15, 28, 34, 16, 21]
2489 759 10.98 15.65 6 [2, 52, 27, 56, 15, 13]
1279 1839 15.96 77.13 9 [26, 56, 2, 43, 9, 31, 49, 32, 35]
1441 1647 18.79 38.04 5 [43, 44, 18, 8, 5]
1328 594 45.47 146.93 6 [38, 22, 8, 49, 36, 25]
903 553 31.01 52.21 7 [42, 47, 34, 59, 49, 54, 22]
1572 1965 17.32 57.11 3 [28, 38, 21]
2349 2064 10.67 45.61 6 [53, 26, 22, 49, 48, 41]
620 1039 17.4 78.53 5 [58, 56, 5, 52, 45]
1493 2152 19.41 56.42 8 [51, 50, 30, 6, 39, 18, 40, 29]
1772 1803 24.01 108.5 5 [54, 40, 56, 32, 59]
1850 639 13.91 14.83 9 [39, 3, 9, 59, 52, 51, 29, 32, 13]
646 2138 17.98 49.82 7 [14, 23, 33, 28, 29, 59, 24]
615 929 12.45 30.79 2 [0, 28]
1932 2001 12.83 13.4 7 [55, 29, 19, 49, 20, 14, 48]
2192 2267 55.01 118.1 6 [11, 7, 20, 3, 27, 52]
1966 1349 12.23 30.92 1 [53]