0 10
1 14
2 12
3 10
4 12
5 6
6 16
7 8
8 6
9 10
10 12
11 16
12 8
13 12
14 8
15 20
16 18
17 18
18 22
19 20
20 14
21 20
22 10
23 16
24 12
25 14
26 14
27 12
28 8
29 10
30 22
31 20
32 14
33 14
34 8
35 14
36 14
37 22
38 8
39 8
40 6
41 12
42 22
43 18
44 20
45 14
46 10
47 4
48 8
49 8
50 22
51 12
52 6
53 6
54 8
55 6
56 8
57 18
58 8
59 8
60 22
61 20
62 14
63 6
64 16
65 20
66 22
67 10
68 14
69 12
70 6
71 6
72 6
73 16
74 8
75 20
76 10
77 6
78 6
79 6
80 16
81 10
82 20
83 14
84 12
85 8
86 10
87 12
88 8
89 10
90 6
91 6
92 6
93 8
94 18
95 16
96 14
97 8
98 16
99 14
100 20
101 14
102 12
103 16
104 14
105 20
106 6
107 6
108 22
109 14
110 22
111 6
112 8
113 14
114 18
115 20
116 16
117 6
118 12
119 10
120 8
121 6
122 8
123 8
124 8
125 18
126 4
127 8
128 12
129 22
130 20
131 8
132 6
133 20
134 18
135 18
136 18
137 22
138 8
139 6
140 18
141 16
142 18
143 14
144 20
145 6
146 6
147 4
148 16
149 10
150 12
151 22
152 20
153 8
154 8
155 6
156 6
157 8
158 6
159 18
160 22
161 20
162 12
163 8
164 6
165 6
166 16
167 10
168 6
169 14
170 6
171 6
172 18
173 12
174 10
175 14
176 12
177 22
178 22
179 8
180 22
181 12
182 12
183 6
184 6
185 12
186 16
187 20
188 6
189 6
190 18
191 18
192 8
193 22
194 20
195 18
196 12
197 12
198 18
199 8
200 12
201 16
202 6
203 8
204 16
205 8
206 18
207 6
208 10
209 12
210 14
211 20
212 12
213 6
214 12
215 20
216 16
217 10
218 22
219 18
220 20
221 6
222 16
223 10
224 14
225 12
226 8
227 14
228 22
229 18
230 6
231 8
232 18
233 12
234 16
235 6
236 14
237 8
238 6
239 8
240 22
241 22
242 12
243 12
244 16
245 16
246 16
247 10
248 8
249 12
250 12
251 22
252 20
253 6
254 18
255 8
256 22
257 8
258 6
259 20
260 20
261 20
262 6
263 4
264 8
265 10
266 8
267 16
268 6
269 8
270 20
271 6
272 20
273 14
274 10
275 10
276 18
277 20
278 12
279 14
280 10
281 18
282 10
283 14
284 16
285 14
286 18
287 12
288 8
289 18
290 12
291 20
292 6
293 14
294 14
295 8
296 6
297 22
298 6
299 6
300 6
301 16
302 14
303 12
304 20
305 12
306 10
307 12
308 22
309 6
310 20
311 8
312 10
313 6
314 20
315 20
316 18
317 20
318 18
319 8
320 4
321 8
322 20
323 20
324 10
325 6
326 10
327 18
328 20
329 8
330 20
331 16
332 16
333 14
334 10
335 14
336 6
337 8
338 10
339 18
340 20
341 20
342 20
343 12
344 20
345 8
346 12
347 8
348 8
349 10
350 12
351 12
352 16
353 18
354 12
355 14
356 16
357 8
358 20
359 12
360 6
361 8
362 14
363 12
364 22
365 16
366 22
367 8
368 6
369 14
370 6
371 16
372 20
373 14
374 12
375 6
376 18
377 8
378 18
379 14
380 16
381 20
382 4
383 20
384 8
385 18
386 8
387 16
388 18
389 16
390 6
391 20
392 16
393 16
394 6
395 6
396 12
397 12
398 6
399 10
400 16
401 6
402 14
403 6
404 14
405 22
406 18
407 12
408 6
409 20
410 22
411 18
412 12
413 8
414 14
415 20
416 16
417 10
418 10
419 22
420 12
421 18
422 18
423 6
424 22
425 20
426 16
427 22
428 14
429 20
430 18
431 16
432 16
433 22
434 14
435 12
436 14
437 16
438 6
439 6
440 10
441 14
442 22
443 6
444 10
445 16
446 22
447 18
448 12
449 12
450 4
451 10
452 14
453 18
454 14
455 12
456 14
457 22
458 16
459 10
460 16
461 10
462 6
463 4
464 16
465 10
466 12
467 22
468 12
469 22
470 6
471 10
472 16
473 20
474 18
475 12
476 18
477 16
478 10
479 6
480 14
481 18
482 20
483 16
484 6
485 16
486 18
487 20
488 22
489 20
490 14
491 8
492 10
493 20
494 20
495 6
496 12
497 8
498 4
499 14
500 22
501 6
502 12
503 14
504 18
505 6
506 12
507 10
508 10
509 16
510 12
511 14
512 18
513 6
514 22
515 6
516 18
517 20
518 20
519 12
520 18
521 14
522 8
523 14
524 14
525 14
526 12
527 14
528 14
529 8
530 6
531 18
532 16
533 8
534 8
535 8
536 18
537 6
538 14
539 12
540 22
541 10
542 20
543 6
544 22
545 10
546 6
547 6
548 20
549 6
550 6
551 14
552 20
553 12
554 20
555 18
556 22
557 18
558 8
559 6
560 16
561 14
562 10
563 10
564 6
565 6
566 16
567 8
568 22
569 6
570 14
571 20
572 6
573 16
574 12
575 14
576 8
577 16
578 4
579 8
580 20
581 8
582 8
583 6
584 20
585 20
586 16
587 20
588 20
589 20
590 16
591 6
592 14
593 20
594 6
595 20
596 14
597 6
598 6
599 16
600 6
601 10
602 22
603 6
604 8
605 18
606 14
607 22
608 14
609 16
610 18
611 8
612 8
613 8
614 8
615 14
616 6
617 20
618 12
619 6
620 6
621 20
622 18
623 18
624 8
625 14
626 8
627 18
628 20
629 8
630 8
631 16
632 16
633 6
634 6
635 6
636 22
637 20
638 6
639 12
640 2
641 10
642 20
643 16
644 16
645 18
646 18
647 20
648 6
649 14
650 16
651 22
652 6
653 14
654 18
655 12
656 12
657 22
658 12
659 8
660 10
661 6
662 10
663 12
664 6
665 22
666 14
667 14
668 20
669 6
670 20
671 6
672 16
673 6
674 10
675 14
676 10
677 6
678 22
679 20
680 22
681 8
682 8
683 10
684 6
685 10
686 4
687 20
688 10
689 22
690 6
691 6
692 8
693 8
694 10
695 8
696 6
697 6
698 6
699 14
700 12
701 14
702 10
703 6
704 12
705 20
706 12
707 14
708 16
709 22
710 6
711 20
712 10
713 20
714 6
715 20
716 8
717 14
718 8
719 20
720 6
721 8
722 16
723 16
724 14
725 14
726 6
727 8
728 20
729 14
730 12
731 12
732 20
733 6
734 22
735 6
736 12
737 6
738 16
739 6
740 20
741 8
742 20
743 18
744 12
745 20
746 16
747 6
748 18
749 10
750 16
751 12
752 16
753 8
754 6
755 22
756 12
757 10
758 18
759 8
760 14
761 18
762 6
763 14
764 14
765 18
766 10
767 10
768 6
769 6
770 18
771 10
772 16
773 14
774 12
775 14
776 14
777 18
778 22
779 8
780 16
781 22
782 20
783 6
784 18
785 10
786 16
787 8
788 6
789 8
790 6
791 6
792 4
793 10
794 22
795 12
796 6
797 12
798 6
799 14
800 20
801 10
802 6
803 8
804 16
805 16
806 6
807 6
808 6
809 14
810 12
811 6
812 20
813 8
814 6
815 10
816 6
817 16
818 16
819 18
820 14
821 14
822 16
823 16
824 8
825 10
826 14
827 14
828 14
829 18
830 16
831 10
832 16
833 6
834 10
835 22
836 6
837 22
838 6
839 12
840 12
841 20
842 14
843 16
844 14
845 20
846 12
847 8
848 12
849 12
850 6
851 8
852 10
853 6
854 14
855 6
856 8
857 6
858 16
859 6
860 8
861 8
862 16
863 6
864 6
865 14
866 12
867 22
868 14
869 18
870 18
871 6
872 14
873 14
874 10
875 16
876 22
877 18
878 22
879 20
880 18
881 20
882 22
883 16
884 20
885 20
886 14
887 12
888 20
889 18
890 14
891 6
892 6
893 8
894 4
895 6
896 10
897 12
898 18
899 8
900 20
901 8
902 14
903 16
904 22
905 10
906 8
907 10
908 6
909 6
910 6
911 12
912 8
913 6
914 6
915 6
916 12
917 6
918 16
919 6
920 22
921 6
922 22
923 6
924 6
925 14
926 6
927 22
928 14
929 18
930 6
931 22
932 16
933 16
934 10
935 14
936 14
937 6
938 6
939 16
940 16
941 6
942 10
943 14
944 8
945 6
946 18
947 20
948 4
949 6
950 12
951 22
952 10
953 8
954 10
955 14
956 12
957 16
958 22
959 14
960 6
961 20
962 6
963 12
964 8
965 14
966 22
967 6
968 10
969 12
970 8
971 10
972 16
973 20
974 6
975 8
976 16
977 8
978 14
979 12
980 18
981 12
982 20
983 16
984 6
985 16
986 14
987 6
988 8
989 12
990 18
991 6
992 8
993 12
994 18
995 22
996 8
997 12
998 12
999 14
