0
0
0
0
0
0
0
0
0
0
0
0
0
0
0
0
0
0
0
0
0
0
0
0
0
0
0
0
0
0
0
0
0
0
0
0
0
0
0
0
0
0
0
0
0
0
0
0
0
0
0
0
0
0
0
0
0
0
0
0
0
0
0
0
0
0
0
0
0
0
0
0
0
0
0
0
0
0
0
0
0
0
3.2e-07
3.2e-07
3.2e-07
3.2e-07
3.2e-07
3.2e-07
3.2e-07
3.2e-07
3.2e-07
3.2e-07
3.2e-07
3.2e-07
3.2e-07
3.2e-07
3.2e-07
3.2e-07
3.2e-07
3.2e-07
3.2e-07
3.2e-07
3.2e-07
3.2e-07
3.2e-07
3.2e-07
3.2e-07
3.2e-07
3.2e-07
3.2e-07
3.2e-07
3.2e-07
3.2e-07
3.2e-07
3.2e-07
3.2e-07
3.2e-07
3.2e-07
3.2e-07
3.2e-07
3.2e-07
3.2e-07
3.2e-07
3.2e-07
3.2e-07
3.2e-07
3.2e-07
3.2e-07
3.2e-07
3.2e-07
3.2e-07
3.2e-07
3.2e-07
3.2e-07
3.2e-07
3.2e-07
3.2e-07
3.2e-07
3.2e-07
3.2e-07
3.2e-07
3.2e-07
3.2e-07
3.2e-07
3.2e-07
3.2e-07
3.2e-07
3.2e-07
3.2e-07
3.2e-07
2.3215e-05
2.3215e-05
2.3215e-05
2.6609999999999998e-05
2.6609999999999998e-05
2.6609999999999998e-05
2.6609999999999998e-05
2.6609999999999998e-05
2.6609999999999998e-05
2.6609999999999998e-05
2.6609999999999998e-05
2.6609999999999998e-05
2.6609999999999998e-05
2.6609999999999998e-05
2.6609999999999998e-05
2.6609999999999998e-05
2.6609999999999998e-05
2.6609999999999998e-05
2.6609999999999998e-05
2.6609999999999998e-05
2.6609999999999998e-05
2.6609999999999998e-05
2.6609999999999998e-05
2.6609999999999998e-05
2.6609999999999998e-05
2.6609999999999998e-05
2.6609999999999998e-05
2.6609999999999998e-05
3.832e-05
3.832e-05
3.832e-05
3.832e-05
3.832e-05
3.832e-05
3.832e-05
3.832e-05
3.832e-05
3.832e-05
3.832e-05
3.832e-05
3.832e-05
3.832e-05
3.832e-05
3.832e-05
3.832e-05
3.832e-05
3.832e-05
3.832e-05
3.832e-05
3.832e-05
3.832e-05
3.832e-05
3.832e-05
3.832e-05
3.832e-05
3.832e-05
3.832e-05
3.832e-05
3.832e-05
3.832e-05
3.832e-05
3.832e-05
3.832e-05
3.832e-05
3.832e-05
3.832e-05
3.832e-05
3.832e-05
3.832e-05
3.832e-05
3.832e-05
3.832e-05
3.832e-05
3.832e-05
3.832e-05
3.832e-05
3.832e-05
3.832e-05
3.832e-05
3.832e-05
3.832e-05
3.832e-05
3.832e-05
3.832e-05
3.832e-05
3.85e-05
3.85e-05
3.85e-05
3.85e-05
3.85e-05
3.85e-05
3.85e-05
3.85e-05
3.85e-05
3.85e-05
3.85e-05
3.85e-05
3.85e-05
3.85e-05
3.85e-05
3.85e-05
5.1445e-05
5.1445e-05
5.1445e-05
5.1445e-05
5.1445e-05
5.1445e-05
5.1445e-05
5.1445e-05
5.1445e-05
5.1445e-05
5.1445e-05
5.1445e-05
5.1445e-05
5.1445e-05
5.1445e-05
5.1445e-05
5.1445e-05
5.1445e-05
5.1445e-05
5.1445e-05
5.1445e-05
5.1445e-05
5.1445e-05
5.1445e-05
5.1445e-05
5.1445e-05
5.1445e-05
5.1445e-05
5.1445e-05
5.1445e-05
5.1445e-05
9.506999999999998e-05
9.506999999999998e-05
9.506999999999998e-05
9.506999999999998e-05
9.506999999999998e-05
0.00010093
0.00010093
0.00010093
0.00010093
0.00010093
0.00010093
0.00010093
0.00010093
0.00010093
0.00010093
0.00010093
0.00010093
0.00010093
0.000108705
0.000108705
0.000108705
0.000108705
0.00011135
0.00011135
0.00011135
0.00011135
0.00011135
0.00011135
0.00011135
0.00011135
0.00011135
0.00011135
0.00011135
0.00011135
0.00011135
0.00011135
0.00011135
0.00011135
0.00011135
0.00011135
0.00011135
0.00011135
0.00011135
0.00011135
0.00011135
0.00011135
0.00011135
0.00011135
0.00011135
0.00011135
0.00011135
0.00011135
0.00011135
0.00011135
0.00011135
0.00011135
0.00011135
0.00011135
0.00011135
0.00011135
0.00011135
0.00011135
0.00011135
0.00011135
0.00011135
0.00011135
0.00011135
0.000148965
0.000148965
0.000148965
0.000148965
0.000148965
0.000211525
0.000211525
0.000211525
0.000211525
0.000211525
0.000211525
0.000211525
0.000211525
0.000211525
0.000211525
0.00022139500000000002
0.00022139500000000002
0.00022139500000000002
0.00022139500000000002
0.00022139500000000002
0.00022139500000000002
0.00022139500000000002
0.00022139500000000002
0.00022285000000000002
0.00022285000000000002
0.00022285000000000002
0.00022285000000000002
0.00022285000000000002
0.00022974500000000003
0.00022974500000000003
0.00022974500000000003
0.00022974500000000003
0.00022974500000000003
0.00022974500000000003
0.00022974500000000003
0.00022974500000000003
0.00022974500000000003
0.00022974500000000003
0.00022974500000000003
0.00022974500000000003
0.00022974500000000003
0.00022974500000000003
0.00022974500000000003
0.00025234
0.00025234
0.00025234
0.00025234
0.00025234
0.00025234
0.00025234
0.00025234
0.00025234
0.00025234
0.00025234
0.00025234
0.00025234
0.00025234
0.00025234
0.00025234
0.00025234
0.00025234
0.00025234
0.00025234
0.000267245
0.000267245
0.000280665
0.000280665
0.00029274499999999996
0.00054582
0.0005676450000000001
0.0005676450000000001
0.0005676450000000001
0.0005676450000000001
0.0005676450000000001
0.0005676450000000001
0.0005676450000000001
0.0005676450000000001
0.0005676450000000001
0.0005676450000000001
0.000581
0.000581
0.000581
0.000581
0.000581
0.000581
0.000581
0.000581
0.000581
0.000581
0.000581
0.000581
0.000581
0.000581
0.000581
0.00059284
0.00059284
0.00059284
0.00059284
0.0005972149999999999
0.0005972149999999999
0.0005972149999999999
0.0005972149999999999
0.0005972149999999999
0.0005972149999999999
0.0005972149999999999
0.0005972149999999999
0.0005972149999999999
0.0005972149999999999
0.0005972149999999999
0.0005972149999999999
0.0005972149999999999
0.0005972149999999999
0.0005972149999999999
0.0005972149999999999
0.0005972149999999999
0.0005972149999999999
0.0006026649999999998
0.0006026649999999998
0.0006026649999999998
0.00067214
0.0007380249999999999
0.0007380249999999999
0.0007380249999999999
0.0007380249999999999
0.0007380249999999999
0.0007380249999999999
0.0007380249999999999
0.0007380249999999999
0.0007380249999999999
0.0007380249999999999
0.0007380249999999999
0.00073905
0.00073905
0.00073905
0.00073905
0.00073905
0.00073905
0.0007642150000000001
0.0007642150000000001
0.0007642150000000001
0.0007642150000000001
0.0007642150000000001
0.0007642150000000001
0.0007642150000000001
0.0007642150000000001
0.0007642150000000001
0.0007642150000000001
0.0007642150000000001
0.0007642150000000001
0.0007642150000000001
0.0007642150000000001
0.0007642150000000001
0.0007642150000000001
0.0007642150000000001
0.0007642150000000001
0.0007642150000000001
0.0007642150000000001
0.0007642150000000001
0.0007642150000000001
0.0007642150000000001
0.0007642150000000001
0.0007642150000000001
0.0007642150000000001
0.00084761
0.00084761
0.00084761
0.00084761
0.00084761
0.00084761
0.00084761
0.00084761
0.00084761
0.00084761
0.00084761
0.000857215
0.000857215
0.000857215
0.00088511
0.00088511
0.00088511
0.00088511
0.00088511
0.00088511
0.00088511
0.00088511
0.00088511
0.00088511
0.00088511
0.00088511
0.00088511
0.00088511
0.00088511
0.00088511
0.0008934450000000001
0.0009264550000000002
0.0009264550000000002
0.0009264550000000002
0.0009264550000000002
0.0009264550000000002
0.0009264550000000002
0.0009264550000000002
0.0009264550000000002
0.0009264550000000002
0.0009264550000000002
0.0009264550000000002
0.0009264550000000002
0.0009264550000000002
0.0009264550000000002
0.0009919450000000002
0.0009919450000000002
0.0009919450000000002
0.0009919450000000002
0.0009919450000000002
0.0009919450000000002
0.0009919450000000002
0.0009919450000000002
0.0009919450000000002
0.0009919450000000002
0.0009919450000000002
0.0009919450000000002
0.0009919450000000002
0.0009919450000000002
0.0009919450000000002
0.0010020050000000003
0.0010020050000000003
0.0010020050000000003
0.0010020050000000003
0.0010020050000000003
0.0010020050000000003
0.0010020050000000003
0.0010020050000000003
0.0010020050000000003
0.0010291649999999999
0.0011102799999999997
0.0011102799999999997
0.0011750499999999995
0.0011877449999999994
0.0011877449999999994
0.0011877449999999994
0.0011877449999999994
0.0011879049999999993
0.0011879049999999993
0.0011879049999999993
0.0011879049999999993
0.0011879049999999993
0.0011879049999999993
0.001237039999999999
0.001261149999999999
0.001261149999999999
0.001261149999999999
0.001261149999999999
0.001261149999999999
0.001261149999999999
0.001261149999999999
0.0012738749999999992
0.0012885349999999993
0.0012885349999999993
0.0012885349999999993
0.0012885349999999993
0.0012885349999999993
0.0012885349999999993
0.0012885349999999993
0.0012885349999999993
0.0012885349999999993
0.0012885349999999993
0.0012885349999999993
0.0013068699999999993
0.0013068699999999993
0.0013068699999999993
0.0013068699999999993
0.0013068699999999993
0.0013068699999999993
0.0013068699999999993
0.0013419349999999994
0.0013419349999999994
0.0013419349999999994
0.0013419349999999994
0.0013622349999999996
0.0013724999999999996
0.0013724999999999996
0.0013724999999999996
0.0013724999999999996
0.0013724999999999996
0.0013724999999999996
0.0013835949999999992
0.0013835949999999992
0.0013835949999999992
0.0013980999999999991
0.0013980999999999991
0.0013980999999999991
0.0013980999999999991
0.0013980999999999991
0.0013980999999999991
0.0013980999999999991
0.0013980999999999991
0.0013980999999999991
0.0013980999999999991
0.0013980999999999991
0.0013980999999999991
0.0013980999999999991
0.0014229549999999994
0.0014229549999999994
0.0014229549999999994
0.0014229549999999994
0.0014229549999999994
0.0014324599999999995
0.0014324599999999995
0.0014454699999999995
0.0014454699999999995
0.0014454699999999995
0.0014454699999999995
0.0014454699999999995
0.0014454699999999995
0.0014454699999999995
0.0014454699999999995
0.0014454699999999995
0.0014920899999999997
0.0014920899999999997
0.0014928549999999995
0.0015418649999999997
0.0015579099999999996
0.0015731699999999998
0.0015731699999999998
0.0015731699999999998
0.0015731699999999998
0.0015731699999999998
0.0015731699999999998
0.0015731699999999998
0.0015731699999999998
0.0015731699999999998
0.0015731699999999998
0.0015915499999999997
0.0015915499999999997
0.0015915499999999997
0.0015915499999999997
0.0015940199999999998
0.0015940199999999998
0.0015940199999999998
0.0015940199999999998
0.0015940199999999998
0.0015944649999999998
0.0015944649999999998
0.0015944649999999998
0.0015944649999999998
0.0015944649999999998
0.0015944649999999998
0.0015944649999999998
0.0015944649999999998
0.0015944649999999998
0.0015944649999999998
0.0016119399999999994
0.0016119399999999994
0.0016119399999999994
0.0016238749999999995
0.0016321849999999995
0.0016467549999999995
0.0016709399999999997
0.0016907099999999996
0.0016907099999999996
0.0016907099999999996
0.0016907099999999996
0.0016907099999999996
0.0016907099999999996
0.0016907099999999996
0.0016907099999999996
0.0016907099999999996
0.0016907099999999996
0.0016907099999999996
0.0016907099999999996
0.0016907099999999996
0.0016907099999999996
0.0016907099999999996
0.0016907099999999996
0.0017056649999999994
0.0017323299999999994
0.0017369949999999994
0.0017369949999999994
0.0017369949999999994
0.0017369949999999994
0.0017369949999999994
0.0017369949999999994
0.0017369949999999994
0.0017369949999999994
0.0017369949999999994
0.0017369949999999994
0.0017369949999999994
0.0017369949999999994
0.0017369949999999994
0.0017397549999999995
0.0017397549999999995
0.0017397549999999995
0.0017397549999999995
0.0017397549999999995
0.0017397549999999995
0.0017397549999999995
0.0017617299999999995
0.0017617299999999995
0.0017617299999999995
0.0017617299999999995
0.0017617299999999995
0.0017617299999999995
0.0017617299999999995
0.0017617299999999995
0.0017658049999999996
0.0017792099999999998
0.0017792099999999998
0.0017792099999999998
0.0017792099999999998
0.0017792099999999998
0.0017792099999999998
0.0017952199999999997
0.0017952199999999997
0.0017952199999999997
0.0017952199999999997
0.0017952199999999997
0.0018343699999999999
0.001850725
0.001850725
0.001850725
0.00201096
0.00201096
0.00201096
0.00202695
0.00202695
0.002098935
0.002098935
0.002098935
0.002104355
0.0021529900000000005
0.0021529900000000005
0.0021529900000000005
0.0021529900000000005
0.0021529900000000005
0.0021529900000000005
0.0021529900000000005
0.0021529900000000005
0.0021529900000000005
0.0021529900000000005
0.0021648850000000005
0.0021648850000000005
0.0022876650000000004
0.0023148699999999997
0.0023148699999999997
0.0023148699999999997
0.0023148699999999997
0.0023550549999999996
0.0023550549999999996
0.002369835
0.0023914299999999995
0.0023914299999999995
0.0023914299999999995
0.0023914299999999995
0.0023914299999999995
0.0023914299999999995
0.0023914299999999995
0.0024017549999999998
0.0024017549999999998
0.0024017549999999998
0.0024017549999999998
0.0024831049999999998
0.0024831049999999998
0.0024831049999999998
0.0024831049999999998
0.0024831049999999998
0.0024831049999999998
0.0024831049999999998
0.0024831049999999998
0.0024831049999999998
0.002483385
0.00249666
0.00249666
0.00249666
0.00249666
0.0025246
0.0025246
0.0025246
0.0025246
0.0025246
0.0025246
0.0025246
0.0025246
0.0025246
0.0025246
0.0025246
0.0025246
0.00253666
0.00253666
0.00253666
0.0025572350000000006
0.0025572350000000006
0.0025572350000000006
0.0025572350000000006
0.0025572350000000006
0.0025572350000000006
0.0025572350000000006
0.0025572350000000006
0.0025676550000000003
0.0025676550000000003
0.0025676550000000003
0.0025676550000000003
0.0025676550000000003
0.002599875
0.002599875
0.002599875
0.002652245
0.002652245
0.002652245
0.002652245
0.00265874
0.00265874
0.0026748350000000004
0.0026748350000000004
0.0027193200000000003
0.0027193200000000003
0.0027193200000000003
0.0027193200000000003
0.0027304300000000003
0.002741835
0.002741835
0.002741835
0.002741835
0.0027499950000000003
0.0027677300000000004
0.0027716900000000003
0.002784360000000001
0.002784360000000001
0.002784360000000001
0.002784360000000001
0.002812560000000001
0.002812560000000001
0.002812560000000001
0.002838090000000001
0.002838090000000001
0.002838090000000001
0.002838090000000001
0.002838090000000001
0.002838090000000001
0.002838090000000001
0.002838090000000001
0.002838090000000001
0.002838090000000001
0.0029106950000000013
0.0029106950000000013
0.0029215650000000014
0.0029228400000000016
0.0029228400000000016
0.0029775200000000013
0.0029775200000000013
0.0029775200000000013
0.003071910000000001
0.003071910000000001
0.003100325000000001
0.003100325000000001
0.003100325000000001
0.003107505000000001
0.003107505000000001
0.003107505000000001
0.003107505000000001
0.003107505000000001
0.003155390000000001
0.003155390000000001
0.003155390000000001
0.003155390000000001
0.003173585000000001
0.003173585000000001
0.003181585000000001
0.0031916600000000007
0.0031916600000000007
0.003358965000000001
0.0033728350000000007
0.0033728350000000007
0.0033728350000000007
0.0033728350000000007
0.0033728350000000007
0.0033728350000000007
0.0033854550000000008
0.0033854550000000008
0.0034022550000000007
0.003436375
0.003436375
0.003452575
0.003452575
0.00347382
0.00347382
0.0035122199999999995
0.0035596099999999995
0.0035596099999999995
0.00361855
0.00361855
0.00361855
0.0036544249999999998
0.003666665
0.003666665
0.003666665
0.00371302
0.00371302
0.00371302
0.00372941
0.00372941
0.00372941
0.0037308799999999994
0.0037308799999999994
0.0037308799999999994
0.0037308799999999994
0.003808635
0.003808635
0.0038140899999999996
0.0038140899999999996
0.0038661299999999997
0.003896835
0.003896835
0.003896835
0.003896835
0.003896835
0.003896835
0.003896835
0.003896835
0.003896835
0.003948184999999999
0.003948184999999999
0.003948184999999999
0.003948184999999999
0.003948184999999999
0.003948184999999999
0.003948184999999999
0.0039640349999999994
0.0039640349999999994
0.003973829999999999
0.004019095
0.004019095
0.004047115
0.004047115
0.0040635149999999984
0.004066074999999999
0.00413288
0.00413288
0.00413288
0.00413288
0.00413288
0.004173735
0.00419373
0.004286395
0.004333719999999999
0.004344455
0.004377799999999999
0.004383274999999999
0.004383274999999999
0.004383274999999999
0.004383274999999999
0.004383274999999999
0.004383274999999999
0.004383274999999999
0.004383274999999999
0.004383274999999999
0.004383274999999999
0.004383274999999999
0.004383274999999999
0.004383274999999999
0.004399039999999999
0.004399039999999999
0.004399039999999999
0.004399039999999999
0.004399039999999999
0.004430319999999999
0.004430319999999999
0.0044690450000000005
0.0044690450000000005
0.0044690450000000005
0.0044690450000000005
0.0044690450000000005
0.0044940250000000004
0.0044940250000000004
0.004544085000000001
0.004544085000000001
0.004544085000000001
0.004547140000000001
0.004547140000000001
0.004553260000000001
0.004565555000000001
0.004565555000000001
0.004565555000000001
0.004565555000000001
0.004565555000000001
0.004565555000000001
0.0045950800000000005
0.0045950800000000005
0.0045950800000000005
0.0045950800000000005
0.004633895
0.004633895
0.004633895
0.004633895
0.004633895
0.00465963
0.00465963
0.00465963
0.00465963
0.00465963
0.004697395
0.004697395
0.004709845
0.004709845
0.004709845
0.004709845
0.00471434
0.00471434
0.00473071
0.004782520000000001
0.004782520000000001
0.004782520000000001
0.004782520000000001
0.004782520000000001
0.004782520000000001
0.004782520000000001
0.004859075000000001
0.004859075000000001
0.004859075000000001
0.004876185000000001
0.004876185000000001
0.00488793
0.00488793
0.004920315000000001
0.004920315000000001
0.004945100000000001
0.004945100000000001
0.004945100000000001
0.004958225
0.004958225
0.004958225
0.004958225
0.004978695000000001
0.004978695000000001
0.004978695000000001
0.004978695000000001
0.004978695000000001
0.004978695000000001
0.005010935
0.005010935
0.005010935
0.005010935
0.005010935
0.005010935
0.005010935
0.005010935
0.00503247
0.005083399999999999
0.00509794
0.00509794
0.00509794
0.00509794
0.005139535
0.005139535
0.00515635
0.00515635
0.00515635
0.00518847
0.00518847
0.005209944999999999
0.005209944999999999
0.005232395
0.005243889999999999
0.005267424999999999
0.005300639999999999
0.005325645
0.005325645
0.00534348
0.00534348
0.00534348
0.0054072750000000004
0.0054072750000000004
0.0054072750000000004
0.005456315000000001
0.005555715000000001
0.005570465000000001
0.005602640000000002
0.005602640000000002
0.005602640000000002
0.005602640000000002
0.005602640000000002
0.005602640000000002
0.005627055000000002
0.005627055000000002
0.005627055000000002
0.005627055000000002
0.005627055000000002
0.005627055000000002
0.005639195000000001
0.0056600500000000015
0.005693150000000001
0.005781330000000002
0.005797860000000003
0.005797860000000003
0.005797860000000003
0.0059468800000000025
0.005985515000000002
0.005985515000000002
0.005985515000000002
0.005985515000000002
0.006029000000000002
0.0060397550000000026
0.006061215000000003
0.006066725000000003
0.006066725000000003
0.006066725000000003
0.006066725000000003
0.006110230000000002
0.006110230000000002
0.006110230000000002
0.006110230000000002
0.006157745000000002
0.006191870000000001
0.006191870000000001
0.006203240000000002
0.0062417650000000015
0.0062417650000000015
0.0062441200000000014
0.006307935000000002
0.006324800000000003
0.006325165000000002
0.006325440000000003
0.006325440000000003
0.006337735000000003
0.0063455650000000035
0.006367310000000004
0.006416510000000002
0.006416510000000002
0.006455780000000002
0.006478880000000002
0.006478880000000002
0.006478880000000002
0.006510075000000002
0.006572460000000001
0.006572460000000001
0.006572460000000001
0.006572460000000001
0.006572460000000001
0.006572460000000001
0.006613380000000001
0.006613380000000001
0.006644355000000001
0.006644355000000001
0.006644535000000001
0.006712105000000001
0.006735480000000001
0.0067516350000000015
0.0067516350000000015
0.0067900350000000016
0.0067900350000000016
0.0067900350000000016
0.0067900350000000016
0.006820985000000001
0.006834120000000002
0.006834120000000002
0.006859610000000001
0.00686375
0.006877010000000001
0.006913355000000001
0.006913355000000001
0.006913355000000001
0.006936575000000003
0.006945825000000003
0.006969510000000003
0.006975925000000003
0.006975925000000003
0.006975925000000003
0.0070405050000000025
0.0070405050000000025
0.007072145000000003
0.007083120000000003
0.007083120000000003
0.007083120000000003
0.007083120000000003
0.007083120000000003
0.007131720000000003
0.007131720000000003
0.007137575000000004
0.007152075000000003
0.007181005000000004
0.007181005000000004
0.007195170000000003
0.007254710000000003
0.007254710000000003
0.007269550000000002
0.007269550000000002
0.007269550000000002
0.007287850000000002
0.007287850000000002
0.007287850000000002
0.0073229450000000034
0.007341415000000003
0.007341415000000003
0.007341415000000003
0.007365255000000003
0.007365255000000003
0.007381170000000003
0.007381170000000003
0.007393390000000002
0.007393390000000002
0.007420215000000001
0.007483415000000001
0.007516580000000001
0.007540815000000003
0.007540815000000003
0.007560980000000004
0.007560980000000004
0.007560980000000004
0.007665255000000003
0.0077018050000000025
0.0077018050000000025
0.0077018050000000025
0.007734745000000003
0.007763230000000002
0.007778700000000002
0.007799120000000002
0.007799120000000002
0.007799120000000002
0.007812260000000002
0.007812260000000002
0.007812260000000002
0.007812260000000002
0.007825655000000003
0.007837435000000002
0.007848950000000002
0.007949160000000002
0.007949160000000002
0.007966860000000003
0.007976215000000002
0.007976215000000002
0.007976215000000002
0.007976215000000002
0.007976215000000002
0.007976215000000002
0.008043840000000003
0.008043840000000003
0.008043840000000003
0.008043840000000003
0.008150890000000006
0.008161865000000006
0.008161865000000006
0.008189450000000003
0.008219450000000001
0.008222045
0.008230055000000002
0.008230055000000002
0.008239300000000001
0.008239300000000001
0.008239300000000001
0.008249435000000001
0.008283140000000005
0.008307355000000004
0.008309635000000006
0.008607495000000007
0.008607495000000007
0.008607495000000007
0.008607495000000007
0.008607495000000007
0.008607495000000007
0.008619755000000007
0.008639410000000007
0.008650735000000007
0.008650735000000007
0.008650735000000007
0.008650735000000007
0.008650735000000007
0.008650735000000007
0.008663850000000008
0.00883313000000001
0.00883313000000001
0.00889299500000001
0.008903705000000012
0.008903705000000012
0.008919525000000011
0.008919525000000011
0.008940435000000012
0.008940435000000012
0.008972225000000012
0.009023425000000014
0.009023425000000014
0.009023425000000014
0.009030325000000014
0.009030325000000014
0.009045530000000013
0.009116035000000014
0.009116035000000014
0.009138850000000014
0.009138850000000014
0.009138850000000014
0.009138850000000014
0.009161230000000013
0.009161230000000013
0.009213450000000014
0.009226070000000013
0.009226070000000013
0.009226070000000013
0.009250215000000013
0.009290010000000013
0.009290010000000013
0.009342945000000014
0.009350935000000013
0.009350935000000013
0.009394145000000013
0.009394145000000013
0.009394145000000013
0.009394145000000013
0.009394145000000013
0.009394145000000013
0.009452320000000014
0.009452320000000014
0.009487000000000015
0.009555175000000016
0.009568965000000016
0.009601795000000019
0.009616495000000018
0.009630960000000018
0.009630960000000018
0.009656665000000017
0.009663145000000017
0.009676340000000018
0.009676495000000018
0.009676495000000018
0.009729865000000018
0.009733640000000017
0.009733640000000017
0.009752310000000017
0.009752310000000017
0.009796925000000017
0.009796925000000017
0.009811360000000017
0.009825150000000017
0.009825150000000017
0.009869490000000015
0.009895380000000016
0.009895380000000016
0.009895380000000016
0.009931050000000014
0.009931050000000014
0.009939685000000016
0.009939685000000016
0.009950820000000015
0.009969030000000014
0.009969030000000014
0.009980000000000015
0.010000510000000015
0.010009805000000014
0.010030650000000014
0.010030650000000014
0.010049535000000014
0.010081445000000015
0.010095315000000016
0.010095315000000016
0.010122025000000017
0.010223715000000015
0.010320365000000015
0.010346365000000015
0.010346365000000015
0.010376355000000014
0.010420760000000013
0.010420760000000013
0.010423445000000014
0.010435100000000013
0.010468655000000014
0.010468655000000014
0.010468655000000014
0.010468655000000014
0.010468655000000014
0.010468655000000014
0.010468655000000014
0.010468655000000014
0.010474030000000014
0.010538825000000017
0.010538825000000017
0.010556640000000018
0.010681485000000015
0.010693760000000014
0.010729935000000013
0.010754215000000015
0.010754215000000015
0.010754215000000015
0.010761865000000015
0.010874585000000016
0.010932585000000015
0.010932585000000015
0.010932585000000015
0.010988985000000015
0.010988985000000015
0.010999505000000015
0.011013590000000016
0.011013590000000016
0.011013590000000016
0.011036245000000017
0.011061155000000015
0.011061155000000015
0.011061155000000015
0.011114890000000014
0.011114890000000014
0.011133735000000014
0.011156810000000014
0.011169730000000015
0.011198000000000017
0.011198000000000017
0.011216280000000016
0.011216280000000016
0.011304950000000015
0.011346240000000018
0.011346240000000018
0.011368325000000018
0.011368325000000018
0.011397295000000016
0.011397295000000016
0.011454735000000011
0.011476100000000012
0.01148747000000001
0.01148747000000001
0.01148747000000001
0.011570535000000012
0.011574635000000012
0.011574635000000012
0.01171180000000001
0.011780930000000012
0.011796360000000013
0.011815850000000013
0.011815850000000013
0.011820080000000014
0.011840995000000012
0.011853845000000012
0.011879240000000011
0.011906760000000013
0.011963060000000011
0.011963060000000011
0.011976090000000012
0.011976090000000012
0.011976090000000012
0.011987520000000012
0.011997875000000014
0.011997875000000014
0.011997875000000014
0.01205029000000001
0.01207259500000001
0.01213010500000001
0.01213010500000001
0.012175005000000013
0.012224250000000016
0.012235220000000015
0.012258120000000016
0.012287915000000016
0.012292815000000016
0.012292815000000016
0.012323770000000013
0.012345875000000013
0.012393160000000012
0.012409815000000013
0.012503865000000012
0.012595535000000012
0.01264894500000001
0.01267634000000001
0.01271871500000001
0.01276223500000001
0.01276223500000001
0.012781860000000011
0.013019370000000013
0.013032555000000013
0.013053340000000012
0.013162950000000014
0.013162950000000014
0.013223350000000014
0.013273670000000013
0.013273670000000013
0.013273670000000013
0.013290890000000014
0.013303300000000014
0.013303300000000014
0.013303300000000014
0.013303300000000014
0.013458430000000014
0.013520915000000012
0.013520915000000012
0.01361558000000001
0.01367785500000001
0.01369891000000001
0.01369891000000001
0.01369891000000001
0.013734170000000009
0.013734170000000009
0.013734170000000009
0.01375522000000001
0.013767805000000011
0.013767805000000011
0.01378351500000001
0.01380886500000001
0.013923060000000006
0.013923060000000006
0.013933365000000007
0.013933365000000007
0.01397900500000001
0.014093655000000009
0.014143125000000005
0.014170020000000004
0.014170020000000004
0.014197450000000006
0.014274365000000004
0.014297085000000005
0.014309105000000004
0.014309105000000004
0.014329345000000005
0.014364080000000006
0.014407140000000006
0.014439235000000003
0.01446475
0.014490635000000002
0.01450929
0.01450929
0.01450929
0.01456545
0.014614195000000003
0.014646440000000005
0.014646440000000005
0.014661885000000005
0.014694350000000005
0.014710165000000006
0.014710165000000006
0.014710165000000006
0.014721030000000006
0.014721030000000006
0.014741485000000004
0.014741485000000004
0.014755690000000005
0.014755690000000005
0.014755690000000005
0.014806930000000006
0.014806930000000006
0.014806930000000006
0.014806930000000006
0.014856135000000005
0.014901490000000007
0.014901490000000007
0.014934390000000006
0.014980725000000005
0.015006070000000005
0.015030615000000004
0.015030615000000004
0.015030615000000004
0.015030615000000004
0.015102545000000009
0.015108180000000008
0.015120120000000008
0.015135510000000007
0.015154685000000008
0.015163385000000007
0.015163385000000007
0.015175730000000007
0.015175730000000007
0.015180855000000007
0.015200225000000006
0.015200225000000006
0.015200225000000006
0.015344080000000005
0.015344080000000005
0.015344080000000005
0.015344080000000005
0.015381990000000003
0.015582170000000003
0.015604775000000001
0.015685545000000002
0.015685545000000002
0.015727180000000007
0.015807360000000006
0.015832650000000007
0.015891940000000007
0.015891940000000007
0.01589624000000001
0.01589624000000001
0.015917015000000007
0.01593815000000001
0.01593815000000001
0.01601587000000001
0.01601587000000001
0.01607881000000001
0.01629979000000001
0.01629979000000001
0.016321770000000006
0.016354510000000013
0.016376530000000014
0.016376530000000014
0.01644791000000001
0.01651581000000001
0.016575595000000002
0.016634600000000003
0.016634600000000003
0.016672495000000002
0.01668946
0.016702010000000003
0.016745260000000005
0.016875420000000002
0.016875420000000002
0.0169237
0.0169237
0.016945195000000003
0.01697746
0.017066409999999997
0.017066409999999997
0.017142474999999997
0.017195504999999993
0.017271889999999995
0.017282899999999993
0.017282899999999993
0.017292649999999996
0.017292649999999996
0.017405949999999996
0.017405949999999996
0.01745687
0.017571385
0.017571385
0.017573595
0.017573595
0.017573595
0.017573595
0.017593615000000003
0.01765076000000001
0.017779125000000014
0.017820955000000017
0.017945345000000015
0.017945345000000015
0.017945345000000015
0.01798278000000001
0.01798278000000001
0.017995715000000013
0.017995715000000013
0.017995715000000013
0.018088415000000007
0.01809196500000001
0.01814127000000001
0.018151560000000014
0.018241265000000017
0.01831173000000002
0.01831173000000002
0.018329010000000017
0.018329010000000017
0.018399610000000018
0.018423830000000016
0.018444870000000023
0.018493265000000023
0.01850796000000002
0.01852201500000002
0.01852201500000002
0.01857174000000002
0.018612110000000022
0.01862407000000002
0.018674000000000024
0.018708010000000025
0.018708010000000025
0.018720255000000026
0.018720255000000026
0.018777330000000023
0.018791730000000024
0.01882813500000002
0.01884982000000002
0.01884982000000002
0.018977265000000024
0.019000885000000023
0.01903134500000002
0.01905853500000002
0.01913049500000002
0.019142175000000018
0.019142175000000018
0.019340700000000023
0.019340700000000023
0.019364135000000025
0.019405005000000027
0.01952831000000002
0.01953839000000002
0.019571235000000017
0.01962506000000002
0.019643050000000016
0.019706835000000016
0.019706835000000016
0.019717605000000017
0.01995470000000002
0.01995470000000002
0.01995470000000002
0.02004348000000002
0.02004348000000002
0.02004348000000002
0.02015207000000002
0.02016624500000002
0.02016624500000002
0.020190085000000017
0.02020001000000002
0.02020001000000002
0.02020001000000002
0.02023641500000002
0.020237805000000022
0.020294660000000023
0.020337110000000023
0.020337110000000023
0.020337110000000023
0.020355505000000024
0.020397670000000027
0.020470175000000024
0.020497890000000026
0.02050284000000003
0.02050284000000003
0.020556900000000024
0.020578215000000025
0.020644510000000033
0.020660410000000032
0.020682755000000032
0.020695760000000032
0.02075158500000003
0.020775480000000027
0.02078592000000003
0.02078592000000003
0.02078592000000003
0.020809110000000033
0.020836000000000035
0.02087004500000003
0.020908125000000034
0.02099137500000003
0.02099137500000003
0.021002575000000034
0.021013695000000034
0.02111277000000003
0.021123775000000025
0.021123775000000025
0.021178170000000024
0.021190675000000023
0.021498630000000022
0.021498630000000022
0.021512450000000023
0.021512450000000023
0.021609855000000025
0.021609855000000025
0.021622995000000023
0.021622995000000023
0.02163795500000002
0.021719730000000027
0.021782350000000027
0.021852530000000026
0.021852530000000026
0.021908540000000025
0.021987675000000026
0.021991310000000024
0.022035055000000022
0.022049475000000023
0.02211347000000002
0.02211347000000002
0.02211347000000002
0.02212956500000002
0.02217926000000002
0.022232215000000024
0.022236435000000027
0.022251660000000024
0.022269845000000024
0.022281525000000024
0.022281525000000024
0.022414905000000023
0.022434495000000023
0.022434495000000023
0.022490080000000023
0.022602380000000026
0.022602380000000026
0.022603895000000027
0.022619710000000025
0.02271991500000003
0.022757775000000032
0.022757775000000032
0.02281344500000003
0.02284768000000003
0.02284768000000003
0.022871930000000026
0.02294082500000003
0.022944395000000027
0.02309219500000002
0.023107615000000022
0.02312504500000002
0.02312504500000002
0.02313639500000002
0.02345117500000002
0.023534060000000013
0.02357010500000001
0.023581790000000012
0.02363086000000001
0.02364463000000001
0.02365570000000001
0.02365712500000001
0.023706700000000008
0.02376405000000001
0.02380009500000001
0.02381485000000001
0.02381485000000001
0.023898155000000008
0.023898155000000008
0.023898155000000008
0.023914250000000005
0.023914250000000005
0.023955940000000005
0.023955940000000005
0.023960730000000006
0.02406208000000001
0.024132490000000006
0.024132490000000006
0.024147245000000008
0.024147245000000008
0.02415715500000001
0.02415715500000001
0.024171510000000007
0.024232365000000013
0.02424211000000001
0.024261135000000014
0.024261135000000014
0.024325545000000014
0.02441537000000001
0.02441746000000001
0.02441746000000001
0.02441746000000001
0.02441746000000001
0.02449015000000001
0.02451954000000001
0.024623725000000006
0.024679490000000012
0.02469540000000001
0.02470617000000001
0.024815795000000012
0.024854090000000006
0.02490905500000001
0.02493207000000001
0.024977525000000007
0.025211110000000012
0.025246570000000013
0.02525643500000001
0.02525643500000001
0.025291905000000007
0.025304720000000006
0.025383185000000006
0.025416635000000007
0.025416635000000007
0.025449155000000005
0.025493785000000005
0.025605920000000004
0.025605920000000004
0.025605920000000004
0.02573042000000001
0.025782375000000003
0.025812650000000006
0.025823125000000006
0.025823125000000006
0.025835175000000002
0.025883775000000008
0.025883775000000008
0.02595428500000001
0.02600613000000001
0.026114805000000012
0.02614980000000001
0.026253235000000003
0.026594705000000003
0.026614625
0.026674440000000004
0.02671584
0.026788115
0.026808955000000002
0.02682254
0.026850535
0.026864679999999995
0.026913459999999997
0.026960845
0.026978715
0.026998315000000005
0.027048055000000005
0.02706227000000001
0.027102390000000007
0.02711349000000001
0.02711349000000001
0.02713884000000001
0.02713884000000001
0.02713884000000001
0.027159280000000015
0.027172270000000016
0.027279240000000017
0.027835850000000023
0.02784578000000002
0.027869205000000022
0.02788260000000002
0.027889800000000024
0.027921965000000024
0.027921965000000024
0.027954830000000028
0.028174340000000027
0.028184330000000025
0.028218885000000023
0.028218885000000023
0.028218885000000023
0.028241015000000026
0.028293875000000027
0.028337080000000025
0.028372095000000028
0.02852236500000003
0.028546135000000028
0.02856517500000003
0.02858010500000003
0.028650685000000026
0.028663400000000026
0.028713290000000027
0.028713290000000027
0.028818595000000023
0.028920085000000022
0.028941425000000024
0.029004865000000022
0.02905145000000002
0.02915164000000002
0.029258700000000023
0.029279195000000025
0.029289905000000026
0.029376350000000027
0.02940092000000003
0.029875570000000025
0.029889930000000023
0.029959405000000026
0.029980555000000023
0.03003380000000002
0.03013803500000002
0.030179635000000024
0.030179635000000024
0.030265225000000014
0.030275585000000015
0.030288470000000015
0.030310605000000015
0.03033481000000001
0.030355625000000015
0.030391755000000017
0.030406070000000018
0.030406070000000018
0.03040755000000002
0.030595450000000017
0.030623980000000016
0.03063220000000002
0.030656295000000017
0.030663585000000017
0.030663585000000017
0.030735335000000016
0.030761805000000014
0.030761805000000014
0.030799695000000012
0.030889510000000012
0.030941235000000008
0.03094183000000001
0.03108220500000001
0.031133660000000014
0.031133660000000014
0.03114741500000001
0.03126247500000002
0.03139396500000002
0.03139396500000002
0.03143144000000002
0.03148502000000002
0.031520915000000024
0.031583665000000025
0.03160984500000002
0.031620130000000024
0.031629675000000024
0.03166571000000002
0.03170207000000003
0.031748795000000024
0.03178091500000002
0.03183002000000002
0.031861460000000015
0.031883530000000014
0.031883530000000014
0.031905240000000015
0.03200061500000001
0.03212079500000001
0.032185670000000006
0.032210685
0.032210685
0.03222499
0.032249195
0.03232998499999999
0.032772135
0.033063579999999995
0.03324822499999999
0.03330556499999999
0.03332754999999999
0.03332754999999999
0.03336718999999999
0.03342746999999999
0.03342746999999999
0.03342746999999999
0.03349470999999998
0.03357033499999999
0.03358980499999999
0.03365042
0.03366701
0.033678825
0.033723185
0.03373845
0.03373845
0.03373845
0.033766835
0.03383608499999999
0.03385311999999999
0.03385311999999999
0.033924149999999986
0.034022184999999996
0.03405486499999999
0.034111099999999984
0.03414897499999999
0.034364884999999984
0.03441455999999999
0.03441455999999999
0.034424809999999986
0.034573045000000004
0.03464693499999999
0.03468666999999999
0.03471586999999999
0.034899279999999984
0.034899279999999984
0.035168669999999985
0.035199994999999984
0.03521270499999999
0.03524440999999999
0.035273594999999984
0.035273594999999984
0.035273594999999984
0.035273594999999984
0.035331594999999986
0.03537103999999998
0.03539481999999998
0.035408794999999986
0.035408794999999986
0.035408794999999986
0.035443029999999986
0.035484309999999984
0.03552028999999999
0.03553230999999999
0.03572545999999998
0.035746254999999984
0.03578913499999998
0.035793939999999975
0.03586591999999997
0.03597987999999998
0.036067034999999976
0.03610821499999997
0.036345394999999975
0.036377914999999976
0.036377914999999976
0.03643649499999998
0.03644666999999997
0.036488359999999984
0.03655356499999999
0.036577484999999986
0.03663976999999999
0.036677564999999995
0.03669653499999999
0.03679722
0.036811325
0.036845989999999995
0.03687505999999999
0.03687505999999999
0.03687505999999999
0.036999519999999994
0.036999519999999994
0.036999519999999994
0.036999519999999994
0.03702372999999999
0.03708619
0.037119955
0.037239205000000004
0.03729033500000001
0.03729033500000001
0.037309430000000005
0.037309430000000005
0.037309430000000005
0.037334330000000006
0.037372455
0.037392605
0.037406815
0.03741768
0.03752679500000001
0.037597505
0.03786572500000001
0.03788681500000001
0.03789773500000001
0.03792158
0.037941340000000004
0.037962840000000005
0.03798902000000001
0.03804174
0.038077605
0.038213265
0.038213265
0.03833744
0.038617795
0.038645535
0.038692605
0.038705595
0.03876468500000001
0.03881177999999999
0.038858769999999994
0.03895836999999998
0.039080754999999974
0.03912995999999997
0.03921242999999998
0.03932300499999997
0.03939987999999998
0.03947581999999997
0.039528119999999965
0.039551134999999966
0.039551134999999966
0.03955622999999996
0.03959622499999997
0.039624339999999966
0.03996433999999998
0.04024493999999998
0.04024493999999998
0.04026572999999998
0.040302039999999976
0.040338294999999975
0.040338294999999975
0.04037837499999997
0.04037837499999997
0.04037837499999997
0.04039059999999997
0.04039059999999997
0.04045225999999997
0.04048507499999996
0.04054389999999996
0.04058005499999996
0.04063977999999996
0.040650104999999964
0.04066427499999996
0.04068537999999996
0.040713254999999955
0.040745524999999956
0.04075880499999996
0.04080685499999996
0.04082842499999996
0.04123055999999996
0.04123055999999996
0.04125663499999996
0.041270054999999965
0.04133066499999996
0.04142799499999997
0.04145241999999997
0.04151061499999997
0.04155997499999997
0.041574149999999976
0.04173770499999998
0.04180292999999997
0.04182672499999997
0.041838024999999966
0.04191960999999997
0.041942924999999964
0.041957934999999974
0.04196948999999997
0.041984734999999974
0.041996284999999973
0.04216781499999997
0.04216781499999997
0.04221566499999996
0.04234803999999996
0.042369809999999966
0.04245703999999997
0.04251409499999997
0.04254918499999997
0.04254918499999997
0.04259660499999996
0.04263871499999996
0.04264318999999996
0.042704964999999956
0.04274476999999996
0.04294175999999997
0.04297043499999997
0.04301193999999996
0.04305167999999995
0.04306891999999995
0.04309986499999995
0.04343474499999995
0.04348653999999994
0.04353996499999994
0.04359426999999994
0.043689399999999934
0.04390664999999994
0.04390664999999994
0.04390664999999994
0.04390664999999994
0.043927199999999944
0.044009894999999945
0.044065264999999944
0.044083429999999944
0.044138099999999944
0.04419913499999994
0.04422973999999994
0.04426609999999995
0.04428119999999995
0.04429387499999995
0.04429387499999995
0.04432907999999995
0.04440105999999994
0.04440296499999994
0.04440296499999994
0.044414654999999935
0.04442537999999993
0.04467132999999994
0.04467132999999994
0.04467132999999994
0.044721879999999936
0.044735629999999936
0.04474701999999994
0.04480895499999995
0.04480895499999995
0.04483740499999995
0.04483740499999995
0.04489107499999995
0.04491325999999994
0.04492570499999994
0.04493677499999994
0.04497471999999993
0.044999039999999935
0.04500347499999994
0.04503716999999993
0.04507496999999993
0.04514068999999993
0.04519282499999992
0.045268359999999924
0.045294104999999925
0.045294104999999925
0.045318774999999915
0.045320939999999914
0.04533522499999992
0.0454480749999999
0.04563753999999991
0.04567015999999992
0.04572209499999992
0.045757349999999926
0.04582469499999993
0.04582469499999993
0.046028634999999915
0.04605674999999992
0.046070344999999915
0.04612932499999993
0.04612932499999993
0.04615062499999993
0.046190524999999934
0.04627475999999994
0.04627475999999994
0.046279014999999944
0.046279014999999944
0.04632596499999995
0.046439639999999956
0.04645322499999996
0.046466964999999964
0.04657276499999997
0.04659903499999996
0.04661114999999996
0.04668476999999996
0.04673639499999996
0.04678560499999995
0.04681248999999996
0.047068279999999955
0.047142884999999954
0.04716345499999996
0.04729413999999995
0.04732725499999994
0.04735123499999994
0.04735395499999994
0.04741675499999993
0.04747428999999993
0.04749145999999993
0.04749145999999993
0.04758694999999994
0.04761867499999993
0.04765424499999994
0.04768378999999995
0.047683939999999946
0.04778234499999993
0.047798499999999924
0.04786014499999992
0.047876824999999935
0.048061454999999934
0.048161559999999944
0.048161559999999944
0.048161559999999944
0.04817696999999993
0.04817696999999993
0.048341284999999956
0.048341284999999956
0.04834215999999996
0.048393429999999946
0.04860097499999994
0.04863244999999996
0.04864447999999995
0.04891579999999994
0.049130959999999946
0.049170284999999946
0.04920308499999996
0.04924247999999994
0.04944537499999995
0.04960008999999995
0.04962800499999995
0.04966707999999993
0.04967930999999995
0.04967930999999995
0.04973164499999995
0.04977544999999994
0.049791924999999945
0.04986221499999994
0.04986869999999994
0.04986869999999994
0.04988206999999994
0.04990202499999995
0.05003408999999994
0.05021798499999995
0.05027314999999994
0.05030449999999993
0.05033477999999993
0.05041989499999993
0.050466969999999924
0.05055941499999993
0.05063325999999993
0.05069566499999992
0.050978844999999905
0.051094444999999905
0.05112049999999991
0.0512340799999999
0.0512587249999999
0.0512944149999999
0.05151741499999992
0.05158191499999993
0.051659154999999936
0.05171625999999993
0.051783674999999925
0.051809909999999924
0.05184355499999993
0.051864999999999925
0.05194060499999992
0.05194060499999992
0.05195010499999992
0.05198509499999993
0.05202648999999994
0.05204411499999993
0.05207025999999993
0.05212856999999994
0.05212856999999994
0.05216979999999994
0.05216979999999994
0.05218842999999994
0.05237128999999994
0.05240440999999996
0.052518439999999944
0.05261848499999995
0.05265973999999994
0.05275471999999994
0.05284180999999995
0.052882449999999956
0.052903489999999956
0.05292616499999995
0.05293820999999995
0.05296197499999996
0.05310287499999995
0.05315299499999996
0.05321360999999996
0.05323540499999996
0.05326971499999996
0.05329886999999995
0.05332794999999996
0.05336458499999995
0.05339319999999995
0.05342244999999995
0.05347204999999996
0.053620699999999966
0.053667794999999976
0.053667794999999976
0.053667794999999976
0.05367267999999998
0.05369492999999997
0.05371873499999997
0.05375862999999997
0.05378663999999996
0.053807649999999964
0.053899209999999954
0.05394422999999996
0.05406462999999996
0.054149739999999946
0.054196774999999954
0.054226554999999954
0.05428223499999996
0.054327864999999954
0.054327864999999954
0.054351014999999954
0.054432599999999956
0.05449319999999996
0.054544664999999964
0.054544664999999964
0.05458437499999995
0.05467443499999995
0.05472864499999995
0.054763339999999966
0.054763339999999966
0.054911654999999955
0.054983719999999965
0.05499019999999997
0.05501166499999996
0.055132964999999964
0.055132964999999964
0.05515807499999996
0.05520803999999997
0.055436204999999975
0.055436204999999975
0.05560568499999997
0.055643194999999965
0.055705204999999966
0.05581422499999998
0.05581422499999998
0.05586177499999998
0.05586177499999998
0.055914609999999976
0.055927514999999976
0.05598844499999998
0.05598844499999998
0.05603588499999997
0.05616080499999997
0.05616080499999997
0.05616080499999997
0.056173244999999976
0.056240399999999975
0.056257459999999974
0.05650854999999996
0.056532224999999964
0.056570964999999966
0.05663078999999995
0.05672451999999996
0.05677792499999995
0.05680920999999995
0.05689706499999996
0.05689706499999996
0.057154364999999964
0.05740772499999998
0.05742016999999998
0.05747052499999999
0.057488034999999986
0.057513739999999994
0.057533644999999994
0.057559489999999984
0.05804131999999999
0.05804214999999999
0.05805238499999999
0.058094154999999995
0.05811826499999999
0.05819700999999999
0.05834052
0.058369029999999995
0.05844689500000001
0.058472170000000004
0.05878260000000001
0.058830565000000015
0.058868569999999995
0.05891466000000001
0.05898612000000001
0.05914681000000001
0.059169880000000015
0.05928931000000001
0.05933696500000002
0.05933696500000002
0.05939665000000002
0.05946155500000002
0.05947247500000003
0.05951600000000003
0.05955751000000002
0.059654850000000016
0.06011141500000001
0.060140835000000004
0.06035021000000001
0.060381040000000004
0.06069100000000001
0.06072308500000001
0.06092202000000001
0.061042080000000006
0.061042080000000006
0.06112031000000001
0.061158505000000016
0.061197200000000014
0.06125720000000001
0.061282280000000015
0.06136118500000002
0.06137218500000002
0.06141758000000001
0.061432560000000025
0.061447960000000024
0.061515970000000024
0.06154220500000002
0.061606235000000016
0.06163284000000002
0.061709390000000024
0.061709390000000024
0.061709390000000024
0.061770250000000027
0.06183114500000003
0.061932035000000045
0.06194153000000004
0.06199028000000004
0.062102600000000036
0.06220866500000003
0.062272900000000034
0.06260289500000005
0.06269317500000005
0.06275568000000004
0.06276770000000004
0.06276770000000004
0.06276770000000004
0.06276770000000004
0.06282609500000004
0.06282609500000004
0.06286229500000004
0.06293384000000003
0.06293384000000003
0.06294810500000005
0.06294852500000003
0.06298931500000003
0.06298931500000003
0.06304824500000002
0.06305794500000002
0.06308689500000002
0.06310607500000003
0.06318012500000003
0.06318945500000003
0.06325574500000003
0.06332466000000002
0.06339052500000003
0.06344225000000003
0.06348663000000003
0.06362461000000005
0.06369604000000005
0.06374666000000004
0.06376791000000004
0.06382954000000003
0.06382954000000003
0.06382954000000003
0.06389894000000004
0.06397440000000006
0.06401657000000006
0.06415055500000007
0.06430645500000005
0.06431672000000006
0.06450201500000001
0.06459696499999999
0.06497521500000002
0.06505706500000003
0.06509151000000002
0.06511929500000001
0.06513177
0.06517913000000002
0.06524538
0.06526495500000001
0.065352425
0.06539848000000001
0.065418945
0.065624685
0.06589335499999999
0.06621342499999999
0.06626066499999998
0.066329265
0.06639244999999999
0.066409035
0.06645155000000001
0.06645691000000001
0.06650447000000001
0.06664581499999998
0.06675327999999998
0.06686467999999997
0.06690672999999997
0.06698559999999995
0.06703420499999994
0.06705932999999994
0.06707300499999994
0.06708971999999994
0.06708971999999994
0.06712744499999995
0.06725049999999995
0.06725049999999995
0.06727187499999995
0.06739480499999995
0.06747663499999995
0.06747663499999995
0.06752744499999995
0.06755989499999994
0.06757035499999993
0.06761537999999995
0.06764065499999995
0.06768732499999994
0.06769692999999992
0.06777759999999995
0.06778310499999995
0.06786718499999994
0.06793132999999994
0.06794076999999994
0.06806742999999994
0.06814882999999997
0.06814882999999997
0.06820680999999995
0.06820680999999995
0.06825406999999994
0.06826460499999995
0.06826460499999995
0.06827295499999994
0.06837876999999992
0.0683973149999999
0.06854947999999993
0.06856106499999993
0.06859959999999993
0.06872314499999994
0.06876409499999994
0.06876409499999994
0.06881984499999995
0.06889257499999994
0.06906172499999992
0.06909373999999993
0.06914081499999994
0.06915348499999992
0.06924893499999991
0.06931096999999993
0.06935318999999993
0.06935318999999993
0.06943440499999992
0.06949631499999993
0.06949631499999993
0.06957308999999993
0.06961056499999994
0.06967830999999995
0.06969116999999996
0.06972668499999995
0.06979846499999996
0.06985765999999996
0.06992524499999994
0.06998443999999995
0.07010013999999995
0.07018905499999994
0.07020664499999994
0.07023262499999994
0.07024461499999994
0.07028043999999993
0.07044954499999993
0.07078197999999994
0.07082370499999993
0.07093634499999991
0.07099635499999993
0.07106927499999992
0.07111440499999992
0.07112405499999991
0.07121076499999993
0.07141949499999994
0.07141949499999994
0.07146213999999995
0.07152075999999996
0.07154445999999998
0.07170258
0.07173826
0.07182360499999998
0.07203851499999997
0.07209338499999998
0.072121575
0.07227573999999999
0.07230263999999999
0.07232256999999999
0.07234839999999998
0.07234839999999998
0.07236550999999998
0.07293552500000001
0.07299919000000002
0.07315499500000001
0.07318395500000002
0.07323517000000004
0.07336191500000003
0.07342608500000004
0.07347525000000003
0.07347525000000003
0.07362075500000004
0.07369732000000005
0.07382896000000005
0.07385506500000005
0.07391535500000006
0.07397631500000007
0.07402984000000008
0.07406996500000007
0.07416351500000007
0.07427865500000008
0.07428957500000008
0.07438803000000009
0.07444627500000008
0.07457388500000008
0.07464759000000007
0.07472685000000005
0.07482517000000007
0.07490068000000007
0.07501560000000004
0.07512017500000007
0.07521976500000005
0.07525088000000005
0.07528152500000006
0.07533066500000005
0.07536277500000005
0.07537922000000005
0.07547368000000006
0.07550435500000006
0.07551569000000007
0.07563340000000005
0.07563340000000005
0.07570626500000005
0.07583444000000007
0.07592653500000007
0.07594702000000006
0.07597053000000006
0.07601778500000007
0.07605354500000006
0.07611583000000006
0.07611583000000006
0.07613269500000006
0.07618928000000005
0.07633212500000003
0.07637745000000004
0.07641974500000005
0.07648480000000003
0.07661765500000005
0.07667471000000005
0.07668643500000004
0.07673841500000006
0.07678601500000005
0.07686820500000006
0.07693393500000005
0.07693393500000005
0.07703286500000005
0.07710899000000004
0.07717279500000004
0.07736809500000007
0.07736809500000007
0.07737788000000007
0.07754394500000006
0.07757781500000008
0.07769699500000007
0.07773244500000008
0.07776898000000008
0.07777335000000007
0.07806376500000006
0.07809066000000006
0.07813385000000005
0.07820697000000006
0.07820697000000006
0.07824171500000003
0.07861400500000001
0.07866078000000001
0.07871771000000001
0.07873590000000001
0.07881526000000001
0.078966
0.078991235
0.07903609499999999
0.07914081499999999
0.07923344499999999
0.07929539
0.07929539
0.07938952
0.07941603500000002
0.07953117000000003
0.07958196000000003
0.07968658500000002
0.07973357500000001
0.07978213499999999
0.07984660500000003
0.07997650000000002
0.07999451
0.08004868999999999
0.080061425
0.08013955000000002
0.08027225000000002
0.08035189000000002
0.08039204000000003
0.08046147500000002
0.08047721000000002
0.08049048500000001
0.08059920000000001
0.08059920000000001
0.08062234500000001
0.08068363500000002
0.08088729000000003
0.08089984000000003
0.08094175500000003
0.08101110500000004
0.08105438000000004
0.08110254500000003
0.08116620500000003
0.08120792500000003
0.08133695500000003
0.08133695500000003
0.08136773000000003
0.08140239000000002
0.08143595500000003
0.08143595500000003
0.08151614000000007
0.08161397000000006
0.08167655500000007
0.08173045000000007
0.08179557500000005
0.08191666500000007
0.08196845500000007
0.08196845500000007
0.08206271000000007
0.08210168500000008
0.08222598500000008
0.08223927000000007
0.08233508500000009
0.0823481200000001
0.0823481200000001
0.08242739500000008
0.08242739500000008
0.0824994200000001
0.0825116400000001
0.08253606500000009
0.0826180800000001
0.0826291000000001
0.0826416900000001
0.08273496000000008
0.0827865250000001
0.0828371700000001
0.08319042500000012
0.08326764500000011
0.08331932000000011
0.08339626000000012
0.08347856000000012
0.08365354000000011
0.08371960500000011
0.08384157500000013
0.08386720500000013
0.08402345500000014
0.08455451500000015
0.08459792500000016
0.08464607500000015
0.08468433000000015
0.08469673500000016
0.08471874500000016
0.08474519000000018
0.08483316000000017
0.08493952500000018
0.08520380500000019
0.08525760000000018
0.0854927600000002
0.08559154000000017
0.0856165150000002
0.08577617000000022
0.0858285600000002
0.08616750000000022
0.0863999600000002
0.08643679500000022
0.08655482000000023
0.08658666000000022
0.0866827400000002
0.08674119500000022
0.0867635500000002
0.0868177350000002
0.08686148000000021
0.08696312000000021
0.08700346000000023
0.08700346000000023
0.08705526500000023
0.08715163000000023
0.08715163000000023
0.0872711150000002
0.0873808450000002
0.0874413100000002
0.08750661500000019
0.08754652500000018
0.08759196000000019
0.08768445000000016
0.08773871000000018
0.0877846200000002
0.08782218000000021
0.0878270050000002
0.08789136000000021
0.08794586000000021
0.08801354500000022
0.08806294000000021
0.0881261900000002
0.0881687800000002
0.0881687800000002
0.0882306850000002
0.08828296500000017
0.08829729500000018
0.08833779000000017
0.08838249000000019
0.08857918500000021
0.08861700000000021
0.08861700000000021
0.08867132500000019
0.0887218900000002
0.0887848650000002
0.08887101500000018
0.08890424500000019
0.08902446500000018
0.08904190000000019
0.08917180000000018
0.08920322000000017
0.08933080000000017
0.08933080000000017
0.08968730000000019
0.08972340500000021
0.08977110500000021
0.08978147500000022
0.08989090000000023
0.08993975000000023
0.09001472500000023
0.0901347300000002
0.09016026000000019
0.09022537000000021
0.09032699500000023
0.09034225000000022
0.09034225000000022
0.09036415000000021
0.09102783000000023
0.09110004500000023
0.09123591000000021
0.09132593000000022
0.09133884000000023
0.09136183000000023
0.09149276500000024
0.09152577000000024
0.09155173000000023
0.09169814000000025
0.09172141000000024
0.09180423000000024
0.09180423000000024
0.09184215000000025
0.09199130000000023
0.09201215000000024
0.09204363000000024
0.09211734500000024
0.09221471500000027
0.09230164500000027
0.09234127000000027
0.09237854500000024
0.09239241000000024
0.09244670000000024
0.09248727000000025
0.09253283500000024
0.09258654500000024
0.09262178500000025
0.09262178500000025
0.0926840100000002
0.0927323200000002
0.0927642600000002
0.09279705000000019
0.0928502950000002
0.09291011000000018
0.09292763000000019
0.09312642000000018
0.09323708500000016
0.09355311500000016
0.09358369000000016
0.09360280500000016
0.09374680000000016
0.09379156500000017
0.09387071000000016
0.09388414000000016
0.09388986500000016
0.09402876000000014
0.09404180000000015
0.09409326000000015
0.09411534500000016
0.09414554500000015
0.09418138500000015
0.09424455000000015
0.09431037500000015
0.09435804000000016
0.09439613500000016
0.09440241500000016
0.09446499500000016
0.09447754500000016
0.09451318000000017
0.09454725000000015
0.09459361500000014
0.09477408000000014
0.09483330000000013
0.09499639000000014
0.09499639000000014
0.09521340000000013
0.09526408000000014
0.09540145500000013
0.09545811000000014
0.09560712000000016
0.09563103500000014
0.09570702500000014
0.09570858000000014
0.09574060000000015
0.09577272000000013
0.09579102500000011
0.09581116000000012
0.09589117000000012
0.09589117000000012
0.09598833000000011
0.09607948500000009
0.09607948500000009
0.09611761000000009
0.0961874450000001
0.0964674600000001
0.0965677400000001
0.0965677400000001
0.09658958000000009
0.09663635500000009
0.0966569900000001
0.09697057000000008
0.09700585500000009
0.09720433000000009
0.09721483000000007
0.09730571500000004
0.09731567500000006
0.09736096000000005
0.09741268000000007
0.09743682500000006
0.09776138000000002
0.09776138000000002
0.09794885500000004
0.09797504500000005
0.09810826500000006
0.09829067500000005
0.09835508000000004
0.09855811500000004
0.09862611500000004
0.09877049500000006
0.09881883500000005
0.09888464500000005
0.09892851000000005
0.09925827000000005
0.09936148000000004
0.09946444000000004
0.09953987000000002
0.09969785500000002
0.09978110000000003
0.09982332500000005
0.09984954000000003
0.09988896000000004
0.09994092000000003
0.10010054500000003
0.10014039500000002
0.10016707500000002
0.10026849500000001
0.10028110500000002
0.10029058000000003
0.10031400000000004
0.10054433500000005
0.10067709500000004
0.10074468500000003
0.10075666500000002
0.10079483500000004
0.10080462500000004
0.10082764000000002
0.10096387000000002
0.10109825000000004
0.10116099500000005
0.10120974500000006
0.10120974500000006
0.10122090500000006
0.10123367000000007
0.10131022500000006
0.10137222000000005
0.10141567500000007
0.10151268500000005
0.10158941000000006
0.10165666000000008
0.10172963500000007
0.10181212500000009
0.10185556500000006
0.10185556500000006
0.10199922000000007
0.10214599000000009
0.10216608000000008
0.10226073000000006
0.10232650500000005
0.10242884500000005
0.10248606000000005
0.10253282500000005
0.10262119000000004
0.10272896000000004
0.10278128000000004
0.10300112500000004
0.10300112500000004
0.10324055000000003
0.10328704500000002
0.10331303500000001
0.10342629500000003
0.10351857500000003
0.10359246500000002
0.10370171000000002
0.10370299500000002
0.10374527500000001
0.10378198000000001
0.10381626
0.10393701500000001
0.10401668
0.10424061500000001
0.10429463499999997
0.10433319999999997
0.10434897999999998
0.10437181499999998
0.10438485499999997
0.10439715999999997
0.10440867499999998
0.10442344999999997
0.10449683999999997
0.10454696999999996
0.10457037999999996
0.10471977999999993
0.10475986499999992
0.10475986499999992
0.10489909999999995
0.10493818999999995
0.10500762499999995
0.10523452999999994
0.10538821999999994
0.10541115499999994
0.10549565999999994
0.10550686999999993
0.10558010999999994
0.10570701999999993
0.10581865499999996
0.10589089999999997
0.10622747999999997
0.10623976999999997
0.10631464499999997
0.10644190499999998
0.10652477999999996
0.10662762499999996
0.10667463499999996
0.10671746999999998
0.10676141499999998
0.10683650499999998
0.10689405499999999
0.10692967499999997
0.10699843499999998
0.10700987499999998
0.10704606999999997
0.10705177499999997
0.10740657499999998
0.10762137499999999
0.10768220999999999
0.10777552499999997
0.10786620999999998
0.10796514499999998
0.10797519499999998
0.1081173
0.10823232000000002
0.10823232000000002
0.10830807000000003
0.108366205
0.108366205
0.108407285
0.10864386999999999
0.10869673499999999
0.10873443999999999
0.10876990999999998
0.10876990999999998
0.10885128999999998
0.10887095499999996
0.10889099999999996
0.10889099999999996
0.10889815499999995
0.10895214499999996
0.10901395499999995
0.10906177999999996
0.10921913499999995
0.10931958999999995
0.10946502499999992
0.10948814499999994
0.10948814499999994
0.10966705499999993
0.11012211499999994
0.11023095499999994
0.11025451999999994
0.11041253999999993
0.11050204499999994
0.11066821999999994
0.11074411999999995
0.11084758999999994
0.11090481999999995
0.11094532499999994
0.11109975999999994
0.11111282499999993
0.11116508999999994
0.11127645999999994
0.11154689499999995
0.11160353999999996
0.11162542499999994
0.11163702999999996
0.11187452999999994
0.11213169499999998
0.11215920499999998
0.11217697499999998
0.11228339999999999
0.11235347999999998
0.11249292499999998
0.11257730499999999
0.11261831
0.11267004
0.11274857000000002
0.11290414000000003
0.11292685500000002
0.11306650000000001
0.11309554000000001
0.113246345
0.113246345
0.113470205
0.11355519000000001
0.11362151500000003
0.11363208000000004
0.11373519500000003
0.11381703000000001
0.11390947000000001
0.113959785
0.11397004
0.113996215
0.11416373000000003
0.11420619500000005
0.11442675000000005
0.11447903000000006
0.11447903000000006
0.11465951000000006
0.11482497500000009
0.11485930500000009
0.11490004500000009
0.11492399500000008
0.11493454500000008
0.11497600000000008
0.11506566000000011
0.11506566000000011
0.11511690500000012
0.11518188000000013
0.11519591500000012
0.11519591500000012
0.11525843500000013
0.11525843500000013
0.11531702000000013
0.11536195000000009
0.11544279500000007
0.11550534000000008
0.11557507000000009
0.11563866000000012
0.1156631000000001
0.11573116000000011
0.11588443500000012
0.11588443500000012
0.11594555000000012
0.11597148000000013
0.11598626500000012
0.1160606350000001
0.1160746400000001
0.1161700800000001
0.11632702000000009
0.11634429000000009
0.11636543500000009
0.11663072500000012
0.11668609000000013
0.11676190000000015
0.11676190000000015
0.11677259000000015
0.11679087000000016
0.11712550000000015
0.11715749000000016
0.11722467000000017
0.11723656500000017
0.11733268500000017
0.11742026500000016
0.11747715000000016
0.11749200500000015
0.11753122000000014
0.11807631000000014
0.11808893500000013
0.11812640000000013
0.11819139500000013
0.11822115500000013
0.11834593000000015
0.11838857000000012
0.11849881500000013
0.11858517000000016
0.11897344500000018
0.1193379350000002
0.1193379350000002
0.11936846000000022
0.11941554000000021
0.11941554000000021
0.1194807900000002
0.1195530350000002
0.11960026500000019
0.11967506500000019
0.11994262500000018
0.11995757000000018
0.12004922500000016
0.12009272500000018
0.12016134000000019
0.12023391500000016
0.12027690000000019
0.12043182000000018
0.12059530500000015
0.12061737000000015
0.12079730500000013
0.12094706000000012
0.12097067000000013
0.12107276000000014
0.12109072000000015
0.12110280500000015
0.12112026500000014
0.12114987500000016
0.12114987500000016
0.12120910500000016
0.12127491500000014
0.12131077000000014
0.12133387000000014
0.12136409500000013
0.12144990500000015
0.12149820500000014
0.12161949000000015
0.12163149500000016
0.12163821500000016
0.12201388500000016
0.12201388500000016
0.12201388500000016
0.12203588500000016
0.12217655000000018
0.12220456000000018
0.12227942500000018
0.12243762500000019
0.12263217000000017
0.12267428500000016
0.12277112500000015
0.12282811000000016
0.12293579000000017
0.12315237000000016
0.12315237000000016
0.12319301000000016
0.12324245500000015
0.12328274500000015
0.12338479000000015
0.12362250500000015
0.12366579000000012
0.12366822500000013
0.12377033000000011
0.12386943500000012
0.12392962500000013
0.12403721500000014
0.12411329000000015
0.12417464000000016
0.12440892500000017
0.12453646500000018
0.12455007500000018
0.12461050000000015
0.12461050000000015
0.12462681000000014
0.12478536000000018
0.12484541500000018
0.12484541500000018
0.1249625850000002
0.12509663000000015
0.12523708500000016
0.12547306000000016
0.12557343500000015
0.12582347500000016
0.12611225000000015
0.12612464500000015
0.12613823000000016
0.12615837000000016
0.12615837000000016
0.12616948000000017
0.12622739500000016
0.12631511500000017
0.1263860050000002
0.12673938000000018
0.1268227700000002
0.12683275000000022
0.1270685850000002
0.12713083000000022
0.1271715900000002
0.1271863550000002
0.12728180500000016
0.12735780500000018
0.1274512100000002
0.1275328300000002
0.1275960400000002
0.1276286550000002
0.12765353500000018
0.1276958500000002
0.12781456000000016
0.12781456000000016
0.12788345000000018
0.12797141000000017
0.12802444500000018
0.1281555600000002
0.12828645500000024
0.12831654000000026
0.12833193500000026
0.12841176500000026
0.12845865000000026
0.1285209700000002
0.1285541450000002
0.12872316500000022
0.1289051100000002
0.12901649500000023
0.12902661500000023
0.1290438550000002
0.12907684500000022
0.12936479000000026
0.12944360500000027
0.12945313000000028
0.12949904500000028
0.12990359500000032
0.1299157600000003
0.1300229950000003
0.13010608000000035
0.13012883000000033
0.13023353000000037
0.1303885850000003
0.13040843500000032
0.13061009000000032
0.13075974500000037
0.13081799500000038
0.13090138500000037
0.13090138500000037
0.13105587500000038
0.13109603500000036
0.1313458850000003
0.1314497600000003
0.1314497600000003
0.13149138500000032
0.13150377000000033
0.13155416500000033
0.13165736500000033
0.1316919000000003
0.13217065000000028
0.13226041000000027
0.13243979000000025
0.13250802000000025
0.13256789000000024
0.13266962000000024
0.13276462000000028
0.13296995500000025
0.13303876000000026
0.1332793000000003
0.13336704500000027
0.13337914500000028
0.13342584500000026
0.13379814500000026
0.1338462000000003
0.1339588800000003
0.1340188950000003
0.13428323000000028
0.1344647000000003
0.1344749650000003
0.1345051400000003
0.1345051400000003
0.13463450000000032
0.13463450000000032
0.1347120150000003
0.13485836000000034
0.13486901500000034
0.1349860100000003
0.1350275650000003
0.13509084500000032
0.13510366500000032
0.1351577400000003
0.1352088300000003
0.1352242350000003
0.1354371900000003
0.13561084500000029
0.13571659000000025
0.13580657000000024
0.13587948000000022
0.13591626000000023
0.13594183000000024
0.13597533500000022
0.1360092800000002
0.1360294200000002
0.1362545750000002
0.13638829500000024
0.13649898000000027
0.1365253050000003
0.13660200000000025
0.13667740000000028
0.13675522000000026
0.1368024150000003
0.1368024150000003
0.13687161000000025
0.13689970500000026
0.13704127000000024
0.13706475500000026
0.13709754500000026
0.13709754500000026
0.13712123500000023
0.13713568000000026
0.1372253800000003
0.1372436450000003
0.13730530500000032
0.13731641500000033
0.1373618500000003
0.1373728900000003
0.1374335750000003
0.1375548300000003
0.13758895000000027
0.13758895000000027
0.13765698000000032
0.13766864000000031
0.13783277000000033
0.1378515450000003
0.13790967500000031
0.13808669500000031
0.1381481600000003
0.13824437500000034
0.13835965000000033
0.13838170500000033
0.13842326000000035
0.1385692100000004
0.13858947500000038
0.13868179000000042
0.1387122900000004
0.1387759800000004
0.1388903400000004
0.13905178500000037
0.13905178500000037
0.13912351000000034
0.13924703000000035
0.13948730500000037
0.13957718000000036
0.1395914650000004
0.1397801000000004
0.13992493500000036
0.13995671500000037
0.13995671500000037
0.14008634500000036
0.14012333000000035
0.14025668000000038
0.14036086000000036
0.14037361500000037
0.1403863750000004
0.14041343500000036
0.14047527000000037
0.1405168450000004
0.14055026000000037
0.14061453500000037
0.1406384850000004
0.14097706500000035
0.14115901000000036
0.14130558000000037
0.14151463500000033
0.14151463500000033
0.14153620000000036
0.14177697500000036
0.14190666500000038
0.1419905750000004
0.1421600150000004
0.1421822900000004
0.1422359000000004
0.1423267200000004
0.1423708700000004
0.14251373000000037
0.14258085500000037
0.14265284000000036
0.14285633500000036
0.14286930000000034
0.14293088000000034
0.14314032000000032
0.1432878850000003
0.1433440250000003
0.1433950550000003
0.14343596500000033
0.14346298500000032
0.1434762500000003
0.1435170550000003
0.14352835500000033
0.14354232000000033
0.14363737000000035
0.14363822000000037
0.1437486350000004
0.1437728400000004
0.14382445500000038
0.14389906500000035
0.14392514000000037
0.14397214500000038
0.1439947400000004
0.14406450500000043
0.1440854450000004
0.1440854450000004
0.1440854450000004
0.14439437000000044
0.14445653000000042
0.14454295500000042
0.14462602000000035
0.14473839000000038
0.14485166500000038
0.14492515500000036
0.1450709050000004
0.14517353000000044
0.1451858750000004
0.14551973500000046
0.14559627000000044
0.14561151500000044
0.14575668500000044
0.1457891200000004
0.1458372000000004
0.1459695500000004
0.14610849000000042
0.14646884000000043
0.14662213000000038
0.1466727300000004
0.14682194500000037
0.14682194500000037
0.1468679950000004
0.14689266000000037
0.1469538050000004
0.1470013650000004
0.1470803850000004
0.14714044000000043
0.14735908500000042
0.14742111000000044
0.14750210000000044
0.1476543600000004
0.1476916800000004
0.14774743000000043
0.14779489000000043
0.14783196500000043
0.14805612500000048
0.1480775250000005
0.14813782000000045
0.14830109500000044
0.14864447000000042
0.14872958500000044
0.14894582000000045
0.14908238500000048
0.14911065000000046
0.14915929000000042
0.14917314000000043
0.14921829500000044
0.14922939500000043
0.14926864000000037
0.14930010000000038
0.14947528000000046
0.14950404000000042
0.14985869000000046
0.14996433000000045
0.14997820500000042
0.15002829000000042
0.15014350500000045
0.15028717500000044
0.15032791500000045
0.15075993000000046
0.15077602500000045
0.15087503000000047
0.15093624500000047
0.15097566000000046
0.15099368500000046
0.1510621150000004
0.1510621150000004
0.15109536000000043
0.1511647950000005
0.15129811000000049
0.15183124000000045
0.15184848000000045
0.15195542000000045
0.15200630500000042
0.15205951500000042
0.1521487700000004
0.15225752500000042
0.15236520000000042
0.15244141500000039
0.1525093150000004
0.15291700500000038
0.15294291000000035
0.15307475500000034
0.15317989500000034
0.15327758500000035
0.15348463000000032
0.15376913000000028
0.15385529500000028
0.1539080000000003
0.1539080000000003
0.15391756000000031
0.15398281500000033
0.15432022500000034
0.15438381000000037
0.1546833350000004
0.15475792500000038
0.15483031000000036
0.15488328500000031
0.15495234500000032
0.1549671000000003
0.1549818350000003
0.15503836000000032
0.1550882800000003
0.1551262650000003
0.15519803500000032
0.15521109500000035
0.15535059500000037
0.1553739600000004
0.15541166000000034
0.15545065500000033
0.15557123500000036
0.15562855000000037
0.15564352000000037
0.15568485000000035
0.15586366500000035
0.1559270450000003
0.1559270450000003
0.1559270450000003
0.15604459000000032
0.15605549000000032
0.1561306700000003
0.15627371000000032
0.1563584250000003
0.15652618500000026
0.15685132000000027
0.1569864800000003
0.15711080500000024
0.15712108000000027
0.15721056500000027
0.1572299800000003
0.1573074250000003
0.15738724000000032
0.1574756850000003
0.1577577250000003
0.1577992000000003
0.1578123800000003
0.1579091800000003
0.1580319650000003
0.15806032500000028
0.15808133000000027
0.1582436000000003
0.15835224000000028
0.15848533500000028
0.15857669500000027
0.15864914000000027
0.15875232000000022
0.1588000100000002
0.1588209450000002
0.15884296000000023
0.15891457000000025
0.1590416450000002
0.15947365000000024
0.15949554000000024
0.1596548500000002
0.15978007000000022
0.15984997000000023
0.15988230500000022
0.1600114750000002
0.16010232500000024
0.16015455000000023
0.16027425500000017
0.1603807700000002
0.1604500800000002
0.16055308500000015
0.16092606500000017
0.16097902500000014
0.16103303000000016
0.16112108000000014
0.16121195500000016
0.16123306000000015
0.16124851500000015
0.1613479200000001
0.1613816000000001
0.1614250450000001
0.16143720500000008
0.1614860500000001
0.1615344550000001
0.1615478050000001
0.1615656100000001
0.1616604300000001
0.1617373350000001
0.16176784000000008
0.1617898750000001
0.1618025550000001
0.16189415000000007
0.16190341500000008
0.16203132000000012
0.16212794000000014
0.16254756000000015
0.16263327500000013
0.16264744000000014
0.16269554500000014
0.1631234300000001
0.16316973000000012
0.16323267500000013
0.16324327500000016
0.16374431000000017
0.16391662500000018
0.16420548500000018
0.16461089500000023
0.16464164000000023
0.1647098350000002
0.16473229000000023
0.16482397500000023
0.16486614500000024
0.16489076000000022
0.1650797650000002
0.16514190000000023
0.16525744000000023
0.1653130350000002
0.16548216500000018
0.1655429850000002
0.16579448000000016
0.16583110000000015
0.16586357500000015
0.1658900150000001
0.16596881500000013
0.16616049500000016
0.16648210500000013
0.16657899500000015
0.1667504350000001
0.1667504350000001
0.16690995500000014
0.16699027500000013
0.16711077500000016
0.16722342500000018
0.16726545500000017
0.16734527000000018
0.16755918000000017
0.16759429000000017
0.16763392500000018
0.1676833200000002
0.16772968500000018
0.16772968500000018
0.16794462500000015
0.16796851000000015
0.16806333500000015
0.16808646000000016
0.16809628500000018
0.16819294000000015
0.16822632500000015
0.16826282000000015
0.16837498500000014
0.16841819500000013
0.1684524300000001
0.16846304500000012
0.16857989500000015
0.16865892500000013
0.16868687500000012
0.16878210000000013
0.16879658000000014
0.16881881500000015
0.16898539500000012
0.16911305500000015
0.16920773000000014
0.1693595100000002
0.16944483500000018
0.1695102550000002
0.1696093700000002
0.1696101400000002
0.1696501150000002
0.1698460550000002
0.16985659500000017
0.16995348000000018
0.1699747600000002
0.1700244750000002
0.17017501000000015
0.17023263500000016
0.17057578500000015
0.17063462000000013
0.17063857000000013
0.17070575000000013
0.17078799500000014
0.17097118000000017
0.17106714000000017
0.17109798000000015
0.1712313100000002
0.17131276500000012
0.17149738000000012
0.1715097250000001
0.17174124000000013
0.1717871600000001
0.17184291500000012
0.17186746000000008
0.1719124700000001
0.17193780500000008
0.17228224500000008
0.17239765000000007
0.17248057000000006
0.17255083500000004
0.17255265000000003
0.172601835
0.17262898500000004
0.17283593499999997
0.172924565
0.17301274500000002
0.17333094000000004
0.17345089500000005
0.17348186000000004
0.17351378000000006
0.1736482750000001
0.1736800250000001
0.1737323950000001
0.1737827300000001
0.17382379500000011
0.17393998000000008
0.1740202200000001
0.17408053000000004
0.17415091500000002
0.17419378500000002
0.17442439000000004
0.17449098000000005
0.17460206000000006
0.17476057000000003
0.17490660000000002
0.17496068000000004
0.17504141499999998
0.17510307
0.17524664
0.17550224000000003
0.17556469000000002
0.17563096500000003
0.17575009500000005
0.17584652000000003
0.17590937000000004
0.17605674000000002
0.17614381500000004
0.17626556500000007
0.17630963000000005
0.17641409500000005
0.17643577500000007
0.17675859000000005
0.17687452500000003
0.17718817500000006
0.17720162500000006
0.17729724500000005
0.17748009000000006
0.17753184500000008
0.17763208500000008
0.1776458250000001
0.17776682000000005
0.17798274000000008
0.17806020000000006
0.1782110400000001
0.1782416050000001
0.17829260000000008
0.1783199400000001
0.17838994500000008
0.17848215000000006
0.17870261000000007
0.1787781200000001
0.1788404800000001
0.17902546000000016
0.17914656000000018
0.1792440300000002
0.17933154500000015
0.1794421950000001
0.17959556500000007
0.1796186700000001
0.17964076000000012
0.1796811000000001
0.17990517000000011
0.18004949000000012
0.1800701250000001
0.18015695000000012
0.1801989650000001
0.1803057000000001
0.18035612500000006
0.18037027500000005
0.18041368000000005
0.18042725000000007
0.1804415550000001
0.1805128750000001
0.18061382500000012
0.18067449500000007
0.18081535
0.18088479000000007
0.18091125000000005
0.18096496500000003
0.18105373000000002
0.18108574000000002
0.18119098
0.18130092
0.18137168
0.181395235
0.181433515
0.18146411000000004
0.18162650500000002
0.1818544
0.18199595999999996
0.18211890999999997
0.18224297499999997
0.18239526000000003
0.18258839000000004
0.18294121
0.18302898999999995
0.18309619499999993
0.18320788499999996
0.18336230499999998
0.183382685
0.18347323499999998
0.183527535
0.18364894500000006
0.18408476000000007
0.18431020500000012
0.1845703550000001
0.18472050000000007
0.18482022500000006
0.18489972000000005
0.18492232000000003
0.18493416500000007
0.18500848500000006
0.18507689500000005
0.1851493750000001
0.1851964700000001
0.18522497500000012
0.18529284500000012
0.1853804650000001
0.1853804650000001
0.18551234000000008
0.1855590750000001
0.1855841900000001
0.18574610000000008
0.1857902050000001
0.18598910000000013
0.18641529000000012
0.1864497750000001
0.18652700500000013
0.18653885500000014
0.18659460000000017
0.18669959000000017
0.18679692000000017
0.18717621000000018
0.18719040500000017
0.18724322000000018
0.18733485500000022
0.18739354500000016
0.1875278900000002
0.18762647500000013
0.1877233850000002
0.18781402500000013
0.18811632500000014
0.18824608500000015
0.18829557000000013
0.18832005000000016
0.18832005000000016
0.18839974500000015
0.18846377000000009
0.18856328500000005
0.18885508500000006
0.18894647500000003
0.18908360500000004
0.18915719500000003
0.18922484499999997
0.18935045499999997
0.18943797
0.18962866000000006
0.18983301000000002
0.189893365
0.18998290499999998
0.19007112
0.190265585
0.190345735
0.19053428999999997
0.19064554499999997
0.190829355
0.190894205
0.19092147999999998
0.190986405
0.190986405
0.19107358500000002
0.191125415
0.191170415
0.19119527500000003
0.19128314500000002
0.19145506499999998
0.19157076000000003
0.19157076000000003
0.19164528
0.1916545
0.191737975
0.19179927
0.19185362000000003
0.19190047000000005
0.19194942500000003
0.19203263
0.1924808950000001
0.19252481500000007
0.19264064500000008
0.1926561950000001
0.19266855000000013
0.1927925850000001
0.19284965500000004
0.19286269500000008
0.1929601200000001
0.19301999500000008
0.19307177500000006
0.19317708000000008
0.19325688000000005
0.19340051000000005
0.19372015500000006
0.1938113600000001
0.19385310000000014
0.1939052950000001
0.19411431500000012
0.19411431500000012
0.19422274500000009
0.1943606050000001
0.19443070500000012
0.19457361500000014
0.1947534500000001
0.19480341500000015
0.19528889000000013
0.19584023500000017
0.19591029000000018
0.19613960500000016
0.19631750500000014
0.19637048000000012
0.19646580500000016
0.1965495800000001
0.1965638600000001
0.19660181000000004
0.1966681900000001
0.19680080000000003
0.19685856500000007
0.19693535000000004
0.19709045000000003
0.19717163000000007
0.1976277550000001
0.197736675
0.197790115
0.19784605500000002
0.1978669
0.19803325500000005
0.19811856500000005
0.19821047000000003
0.19828681500000006
0.19846354000000005
0.19865998999999998
0.19871997
0.198759475
0.19885119000000004
0.19887397
0.19897338500000009
0.19897338500000009
0.19905933500000011
0.1991678600000001
0.1991777150000001
0.19930667000000007
0.19931952500000008
0.19936942500000007
0.19937948000000008
0.19939074000000007
0.19948105000000005
0.19951973000000006
0.19962528500000012
0.19967941000000014
0.19997541000000013
0.19998660000000013
0.2000725800000001
0.20014294000000013
0.20029058500000008
0.20039315000000005
0.20041304000000004
0.20053689500000008
0.20056852500000005
0.20063732500000006
0.2007074000000001
0.2008405800000001
0.2010681600000001
0.20109782500000015
0.2013678500000001
0.20150776500000006
0.20155399500000004
0.20171764
0.20182774999999997
0.20202354500000008
0.20206817000000007
0.20220904000000006
0.20223670500000004
0.20226278500000006
0.20257974500000003
0.20263161000000005
0.20274563000000004
0.20284546500000009
0.20293650500000007
0.2030348900000001
0.20315323500000007
0.2032021650000001
0.20321298000000013
0.2035308350000001
0.20355686500000011
0.2036853850000001
0.20372495000000013
0.20402127000000017
0.20412184500000013
0.2042695450000001
0.2042695450000001
0.2043173250000001
0.20442524000000006
0.20462884
0.20470384
0.20471599000000001
0.204851105
0.204851105
0.20517996000000002
0.20517996000000002
0.20521264500000008
0.20536545000000003
0.20594545500000003
0.20609189000000003
0.20620302000000004
0.20621430500000001
0.20626125
0.20636092000000011
0.2064849050000001
0.2065406050000001
0.2065406050000001
0.20659359000000016
0.20661799500000014
0.20668391500000016
0.20673757500000017
0.20680013500000016
0.20682760500000016
0.20711247000000027
0.20711247000000027
0.20717771000000026
0.20733920500000028
0.20736107000000029
0.2073867150000003
0.20741758000000027
0.20748528500000027
0.2076241550000003
0.2079074700000003
0.20800579000000027
0.20819816500000032
0.20823242000000036
0.20828822500000033
0.20842260500000037
0.20845649500000032
0.20849101500000036
0.20857879000000037
0.2087618350000004
0.20891301500000042
0.2089650650000004
0.2090460900000004
0.20917844500000038
0.20927093000000038
0.20935480500000042
0.20949009500000043
0.2095344400000004
0.20969137000000038
0.20982547000000037
0.20992631500000042
0.2101507400000004
0.2102408000000004
0.21031541000000042
0.21039973500000042
0.21057669000000037
0.2108407350000003
0.21114877500000026
0.21125841000000026
0.21146903500000028
0.21154465500000022
0.21160847000000024
0.21171308000000028
0.21178140000000029
0.2118891300000003
0.2118891300000003
0.2119888550000003
0.2120034250000003
0.2120712200000003
0.21229515000000038
0.2123298200000004
0.2124557050000004
0.21277933000000032
0.2128798150000004
0.2129722900000004
0.21301644500000044
0.21310848500000037
0.2131939000000004
0.21333051500000036
0.21335618500000036
0.21339755000000035
0.21340919500000038
0.21346827000000035
0.21353446500000037
0.21392844000000036
0.21394929000000032
0.21409651500000032
0.2143095000000003
0.2145019350000003
0.21452995500000027
0.21492929000000027
0.21521576500000023
0.21531905500000018
0.21531905500000018
0.21548259500000017
0.21548259500000017
0.21556189000000014
0.21628428000000005
0.216372475
0.21640689500000002
0.2165055750000001
0.21669991500000005
0.21676896000000007
0.21682920000000006
0.21688789000000003
0.21693705500000007
0.21708341500000006
0.21737677500000005
0.21745502000000008
0.21756328500000005
0.2175798000000001
0.21770371000000008
0.21787655000000009
0.21790922000000013
0.2179727150000001
0.21805553500000013
0.21813762000000014
0.21813762000000014
0.21819008000000017
0.21869562000000015
0.21873067000000015
0.21907312500000015
0.21925465000000016
0.21934655000000014
0.21950476000000016
0.21951785000000018
0.21958618000000016
0.21970843500000017
0.21979642000000013
0.2198363300000001
0.22000086000000008
0.2200552150000001
0.2201973300000001
0.2202678050000001
0.22051904500000005
0.22059539500000008
0.2207126050000001
0.22081426500000015
0.22089422500000014
0.22105758000000011
0.2212538350000001
0.22152053500000007
0.22163571999999998
0.22165635999999997
0.22192117000000003
0.22205779000000006
0.22216295500000005
0.22227514000000004
0.22228631500000004
0.22237207000000003
0.22242373499999996
0.22243577499999997
0.22255941
0.22257553000000002
0.22275698000000002
0.222852765
0.22287550500000003
0.222943595
0.223008
0.22302872499999996
0.223189915
0.22321317499999999
0.2233811
0.223392495
0.22341494
0.22343777999999997
0.223459055
0.22349327999999996
0.22350955999999997
0.22362229
0.223708765
0.22375204499999998
0.22384488999999996
0.22391255
0.22395606999999998
0.22412097
0.22418973999999994
0.22420220499999993
0.22444682499999993
0.22454332999999993
0.22459306999999992
0.2246515549999999
0.22484717999999987
0.22490294499999988
0.22491580999999986
0.22503920499999994
0.22521504499999992
0.22522960499999994
0.22540852999999997
0.2255480049999999
0.2255821299999999
0.22570171999999994
0.22573147499999993
0.2258440999999999
0.22605809499999996
0.22609659499999996
0.22620302999999994
0.22635456999999998
0.22644434499999994
0.22651478999999994
0.2266138749999999
0.22682385499999988
0.22712424499999986
0.22713516499999986
0.22732864999999983
0.22763606499999983
0.22771268999999983
0.22829747999999983
0.22864541999999985
0.22872548499999984
0.22874762999999984
0.22876761499999987
0.2288079499999999
0.2289067749999999
0.2290016549999999
0.22931817999999987
0.2294313099999999
0.2295281549999999
0.22968241999999994
0.22986519499999997
0.22996916999999995
0.23008154999999994
0.23014297999999994
0.23056208499999994
0.23061148999999995
0.23083910999999996
0.23086194499999996
0.23106400500000004
0.23125156500000005
0.23130957000000005
0.23140987999999998
0.23140987999999998
0.231591615
0.231591615
0.23163596500000003
0.23169707000000003
0.23188982500000005
0.23198631500000008
0.23239514000000008
0.23261204000000013
0.23273172000000011
0.23277091000000014
0.23289005500000012
0.2329375600000001
0.2329964600000001
0.2331165300000001
0.23319710500000004
0.23322410500000004
0.23333810000000005
0.23344763000000007
0.23351226000000008
0.23360701500000008
0.23363351000000004
0.23370918000000004
0.23378675999999995
0.23393813
0.234242165
0.234288805
0.23438966999999997
0.23453233999999998
0.23480512999999997
0.23482008499999998
0.23501399999999997
0.23503439999999995
0.235062115
0.23507811499999998
0.23512562999999997
0.23513763
0.23522950499999995
0.235412325
0.235412325
0.23586843999999996
0.23598233499999996
0.23605053499999995
0.23610733499999992
0.23630769999999993
0.23641424999999994
0.23647266999999994
0.23650961999999992
0.2365386349999999
0.23675653499999993
0.23683738499999993
0.2370117199999999
0.2370976849999999
0.2372148949999999
0.2372960749999999
0.2373094099999999
0.2375775399999999
0.2378413699999999
0.23814872999999992
0.23820608999999995
0.23841931999999996
0.23872390999999996
0.23875286999999998
0.238806525
0.23891774999999998
0.239020435
0.23920333999999996
0.23922058499999996
0.23923571999999999
0.23931667999999998
0.23937666
0.23949156500000002
0.23956427999999994
0.23963864499999996
0.23980406499999996
0.24007864499999992
0.24007864499999992
0.24014568999999994
0.24020144499999993
0.24043281499999994
0.24073782999999996
0.24084443999999997
0.24087922999999994
0.24113245499999994
0.24127875999999998
0.24131399999999997
0.24144470499999995
0.24197204999999997
0.24218249499999994
0.24256672999999995
0.24271287499999994
0.24279273499999993
0.24284322499999988
0.24322129499999987
0.24332643999999984
0.24349758999999982
0.24353208499999981
0.24368495499999984
0.24372412999999984
0.24378682999999982
0.24384416999999983
0.24395998499999982
0.2440742949999998
0.2443214999999998
0.24443550999999983
0.2445478749999998
0.2446234799999998
0.24476510499999982
0.2449327149999998
0.2449770949999998
0.24517685999999983
0.24520584499999984
0.24528472499999987
0.2454109449999999
0.2454743399999999
0.2455896849999998
0.24562623499999978
0.2456440349999998
0.24574741999999977
0.2457703549999998
0.24581210499999978
0.24588475499999976
0.2465091349999998
0.2465547749999998
0.24662631499999982
0.24679863999999982
0.24684586999999983
0.24696955999999978
0.24704662499999974
0.24718421999999973
0.2472728499999997
0.2473739049999997
0.2474178399999997
0.24753345499999965
0.24766400999999966
0.24774274499999968
0.24783150999999973
0.24793075999999975
0.24803954999999975
0.24803954999999975
0.24813267499999972
0.24815349499999967
0.2481731199999997
0.2481731199999997
0.24826911499999968
0.24851740499999966
0.24878059499999963
0.24881838499999964
0.24883173499999964
0.24910101999999962
0.24920535999999957
0.2493403299999996
0.24991257499999955
0.24997386499999957
0.2500550649999996
0.25015063499999957
0.2502532449999995
0.25036264999999946
0.25066137499999946
0.25071478999999947
0.25080021999999946
0.2509805999999995
0.2514650849999994
0.25164291499999947
0.25172327999999944
0.25177956499999943
0.2518654349999994
0.25193820499999936
0.2520063549999994
0.2523174149999994
0.2525004749999994
0.25251388499999944
0.25255301499999944
0.2525928699999994
0.2527095049999994
0.25281815999999935
0.2528811699999994
0.2529448249999993
0.2532038099999993
0.2532220049999993
0.2533057149999993
0.2533372849999993
0.2533964799999993
0.2534591999999993
0.2536289899999993
0.2536423049999993
0.2537061699999993
0.2538661349999993
0.25395086999999933
0.25407440999999936
0.25415491999999934
0.25418007499999934
0.2542584099999993
0.25465036999999935
0.25475181999999935
0.2548292799999993
0.2549978199999994
0.25504897999999937
0.2551871649999994
0.2552376199999994
0.25540095499999943
0.2555160799999994
0.25554828499999943
0.2555989149999994
0.2556169599999994
0.2557039849999994
0.2559553199999993
0.2560586199999994
0.2561784449999994
0.2563254399999995
0.2569347349999995
0.2569519199999995
0.2569863049999995
0.2572102999999994
0.2573335649999994
0.2573948149999994
0.25748991999999943
0.25757898999999945
0.2576027299999995
0.2576420599999994
0.25797846999999935
0.25815142999999935
0.2582599799999993
0.2583960599999993
0.2585237649999993
0.2587160049999993
0.25878107499999925
0.25883299499999923
0.2589109749999992
0.2590280149999992
0.25920591499999934
0.25941826499999937
0.25955391499999936
0.25961934499999934
0.2598509349999993
0.2598717549999993
0.25990229999999936
0.25997987999999933
0.26044747499999943
0.26057194499999947
0.2607939749999995
0.26083922999999953
0.26099619999999957
0.2611178349999996
0.26117733499999957
0.26119987499999964
0.2612320749999997
0.2613145349999996
0.2616495349999997
0.2617865699999998
0.26179954999999977
0.26188882499999977
0.2624360299999997
0.2625362049999997
0.26279398499999973
0.26280800499999973
0.2629725649999997
0.26311870999999964
0.26319502499999964
0.2633400649999996
0.2635050499999997
0.2635266699999997
0.2637673249999997
0.2637957399999997
0.26390898499999976
0.2639852849999997
0.2640658399999997
0.2641563349999997
0.2642371249999997
0.26428866999999967
0.2643574199999997
0.26437732999999963
0.2644719149999996
0.26449681999999963
0.2645777699999996
0.26467099499999963
0.26504871999999957
0.26567451499999956
0.26591717999999953
0.2659805049999995
0.26608380499999945
0.26611004499999946
0.2661351149999995
0.2662035699999995
0.2662035699999995
0.2663073599999995
0.26635620499999946
0.26664295499999946
0.2673341699999997
0.2673659549999997
0.2674780899999997
0.2675701599999998
0.26765429999999973
0.26775253999999965
0.2677670299999997
0.2678108849999997
0.26783603999999966
0.2679395499999997
0.2680656649999997
0.2683223549999997
0.2684458949999997
0.2684458949999997
0.2685529149999998
0.2686741249999997
0.26873592999999973
0.2687569349999997
0.26884176499999973
0.2688598599999997
0.2689756299999998
0.26906524499999973
0.2691089049999998
0.2691445749999998
0.26919757499999974
0.2692324499999998
0.2693261999999998
0.2694281999999998
0.26948379499999975
0.2695259449999998
0.2695757099999998
0.2696482649999999
0.2697479499999999
0.2698178949999999
0.26983536499999994
0.2699419149999999
0.2700408199999999
0.2700809899999999
0.27023527499999994
0.27025132999999996
0.2703622049999999
0.2704279699999999
0.2704547549999999
0.2709118199999999
0.2709249949999999
0.2709541449999999
0.2709792099999999
0.27099164499999995
0.2711401949999999
0.271275565
0.271389185
0.2716517600000001
0.27169981000000015
0.2717922600000001
0.2718470350000001
0.2719454450000002
0.2720334550000002
0.27221401000000023
0.2722539800000002
0.2724057950000001
0.2726373500000002
0.27272677500000025
0.2728415300000003
0.2729136500000002
0.2729552200000002
0.2730341950000002
0.2731505950000002
0.2732074650000003
0.2733713700000002
0.27345342000000034
0.27373363500000036
0.2737684650000004
0.27418389000000043
0.2742273300000004
0.2743465200000003
0.2744596800000003
0.2745499950000004
0.2747601150000003
0.2748727250000004
0.2751429600000004
0.27524017000000034
0.27531041000000034
0.27549129000000033
0.27554290500000034
0.2756178650000004
0.2757509900000004
0.2758561800000004
0.27590189000000037
0.2760403300000003
0.27613181000000026
0.2761960800000003
0.2762732250000002
0.2763711000000002
0.2764783850000001
0.2769572950000001
0.2769572950000001
0.2770698150000001
0.27722442000000014
0.27739327000000014
0.27748117500000014
0.27752982500000006
0.27759997000000003
0.27783033000000007
0.2779332000000001
0.2780718750000001
0.2782782900000001
0.27853966
0.27876337
0.27879285499999995
0.27880857
0.27893991
0.27907187499999997
0.2791589249999999
0.27926740999999994
0.2794705999999999
0.279615615
0.27973483999999993
0.2797783399999999
0.2798001849999999
0.28004807499999995
0.2801156749999999
0.2801262499999999
0.28016326499999983
0.28021413499999986
0.2802965349999999
0.28040329
0.280455275
0.28058314500000003
0.280967475
0.281045045
0.2812231699999998
0.2812423549999998
0.2812538649999998
0.2813717899999999
0.2814953649999999
0.2818718549999999
0.2819240449999998
0.2819348099999998
0.28204189999999985
0.28214588999999984
0.2822384999999999
0.28235438499999993
0.282412215
0.28245545999999994
0.28251480999999995
0.282571815
0.28261582499999993
0.28269898499999996
0.28270983499999996
0.28278471499999996
0.282798515
0.2828463999999999
0.283010235
0.283022035
0.28304608
0.283127675
0.283437465
0.283503605
0.28351369
0.28354074500000004
0.28382756
0.283961175
0.28406937
0.2841714450000001
0.284369865
0.28442321
0.28443430000000003
0.2845696649999999
0.2846478599999999
0.2847277449999999
0.28477675499999994
0.2848838699999999
0.28501724999999994
0.2852287649999999
0.28539850499999997
0.28547180999999994
0.2854943
0.285593685
0.285665905
0.28575580000000006
0.28583688
0.28586255499999996
0.2862400599999999
0.28634572999999997
0.286472055
0.28653760500000003
0.28669556
0.28706878999999996
0.2872837600000001
0.2875329700000001
0.28765636000000006
0.28843079500000013
0.28848501000000015
0.28851657000000014
0.28855990500000006
0.2887854150000001
0.28920538500000004
0.28931745500000006
0.28933696000000003
0.289469945
0.28953488499999996
0.28962100499999993
0.28972203499999993
0.28976381499999987
0.2898241099999999
0.28991869499999984
0.2899497099999999
0.2900463049999999
0.29022871499999997
0.29033642499999995
0.29033642499999995
0.29036924
0.2905381749999999
0.2907705999999999
0.2910529749999998
0.29110069999999977
0.2911802499999998
0.2912710099999999
0.2913165349999999
0.2914116349999999
0.2915843149999999
0.2917032949999999
0.2917311299999999
0.2917403649999999
0.29197091499999994
0.2922261999999999
0.2922917649999999
0.292318665
0.29249547499999995
0.29261071499999985
0.2926795499999999
0.2928386249999998
0.29317565499999987
0.29330824499999986
0.29345841999999983
0.29364173999999976
0.2937928849999998
0.2938698199999997
0.2939067499999998
0.29404770999999985
0.29404770999999985
0.29413094999999995
0.2941761349999999
0.29423644999999987
