0 1670 566 [1670, 1671, 560, 566]
1 1838 2160 [1838, 1830, 1831, 2162, 2161, 2160]
2 2261 784 [2261, 2260, 2262, 780, 784]
3 1904 1120 [1904, 1900, 1121, 1120]
4 1693 508 [1693, 1690, 1691, 500, 508]
5 1143 1865 [1143, 1865]
6 1164 2228 [1164, 1160, 1161, 1162, 2221, 2220, 2228]
7 1847 647 [1847, 1840, 647]
8 2369 1731 [2369, 1731]
9 2153 891 [2153, 2150, 890, 891]
10 1568 865 [1568, 1560, 1561, 860, 865]
11 2092 860 [2092, 2090, 2091, 2093, 862, 861, 860]
12 996 663 [996, 990, 663]
13 1515 1879 [1515, 1510, 1511, 1870, 1879]
14 840 1502 [840, 841, 1502]
15 1215 1603 [1215, 1210, 1211, 1212, 1213, 1602, 1601, 1600, 1603]
16 603 1216 [603, 600, 601, 602, 1218, 1217, 1214, 1216]
17 2389 1415 [2389, 2380, 2381, 2382, 1412, 1411, 1410, 1415]
18 1161 1767 [1161, 1163, 1165, 1166, 1167, 1763, 1762, 1761, 1760, 1767]
19 1970 1092 [1970, 1971, 1972, 1973, 1974, 1093, 1091, 1090, 1092]
20 1718 1320 [1718, 1710, 1711, 1322, 1321, 1320]
21 696 1901 [696, 690, 691, 692, 693, 1905, 1903, 1902, 1901]
22 1246 737 [1246, 1240, 730, 737]
23 1282 2284 [1282, 1280, 1281, 1283, 2281, 2280, 2284]
24 1435 1368 [1435, 1430, 1431, 1360, 1368]
25 1539 2359 [1539, 1530, 1531, 2351, 2350, 2359]
26 1476 1702 [1476, 1470, 1471, 1701, 1700, 1702]
27 1351 1975 [1351, 1350, 1352, 1976, 1975]
28 2016 1312 [2016, 2010, 1312]
29 695 1638 [695, 694, 1630, 1638]
30 892 1666 [892, 893, 894, 895, 896, 1663, 1662, 1661, 1660, 1666]
31 2064 2078 [2064, 2060, 2061, 2062, 2063, 2073, 2072, 2071, 2070, 2078]
32 2082 823 [2082, 2080, 2081, 821, 820, 823]
33 1215 680 [1215, 1219, 1217, 682, 681, 680]
34 1748 1424 [1748, 1740, 1424]
35 2184 2189 [2184, 2180, 2182, 2185, 2186, 2183, 2181, 2189]
36 1810 1798 [1810, 1811, 1812, 1791, 1790, 1798]
37 1136 2458 [1136, 1130, 1131, 1132, 1133, 2453, 2452, 2451, 2450, 2458]
38 659 1207 [659, 650, 1207]
39 2472 1458 [2472, 2470, 1458]
40 813 1551 [813, 1551]
41 742 981 [742, 740, 741, 980, 981]
42 2325 702 [2325, 2320, 2321, 2322, 2323, 704, 703, 701, 700, 702]
43 1920 968 [1920, 1921, 1922, 1923, 962, 961, 960, 968]
44 642 2484 [642, 640, 641, 643, 644, 2482, 2481, 2480, 2484]
45 1193 2207 [1193, 1190, 1191, 2201, 2200, 2207]
46 921 760 [921, 920, 761, 760]
47 1616 1697 [1616]
48 511 752 [511, 510, 752]
49 638 529 [638, 630, 529]
50 597 1629 [597, 590, 591, 592, 593, 1623, 1622, 1621, 1620, 1629]
51 1960 1246 [1960, 1961, 1962, 1241, 1246]
52 1069 660 [1069, 660]
53 1089 1944 [1089]
54 1031 1800 [1031, 1030, 1800]
55 615 1746 [615]
56 800 1126 [800, 801, 1126]
57 1557 1870 [1557, 1550, 1552, 1553, 1873, 1872, 1871, 1870]
58 815 1424 [815, 810, 1424]
59 1461 816 [1461, 1460, 816]
60 933 1513 [933, 930, 931, 932, 934, 1517, 1516, 1514, 1512, 1513]
61 613 1437 [613, 610, 611, 612, 614, 1434, 1433, 1432, 1437]
62 573 761 [573, 570, 571, 763, 762, 761]
63 2377 1855 [2377, 1855]
64 1433 1376 [1433, 1436, 1438, 1439, 1371, 1370, 1376]
65 1973 819 [1973, 1977, 1978, 1979, 1975, 814, 812, 811, 819]
66 639 1596 [639, 631, 632, 633, 634, 1593, 1592, 1591, 1590, 1596]
67 1430 866 [1430, 1432, 863, 866]
68 1030 817 [1030, 1032, 1033, 816, 818, 817]
69 1930 2295 [1930, 1931, 1932, 2290, 2295]
70 2325 2217 [2325, 2217]
71 2296 2123 [2296, 2123]
72 2193 1983 [2193, 1983]
73 2042 1333 [2042, 2040, 2041, 2043, 1331, 1330, 1333]
74 1509 1924 [1509, 1500, 1924]
75 1467 1523 [1467, 1462, 1463, 1464, 1465, 1522, 1521, 1520, 1523]
76 1943 2170 [1943, 1940, 2171, 2170]
77 2096 2204 [2096]
78 836 1360 [836]
79 1456 1143 [1456]
80 1891 1502 [1891, 1890, 1892, 1893, 1503, 1501, 1502]
81 585 788 [585, 580, 781, 788]
82 1469 2091 [1469, 1466, 1468, 1461, 1460, 2097, 2095, 2094, 2091]
83 615 719 [615, 616, 617, 711, 710, 719]
84 823 1689 [823, 822, 824, 1680, 1689]
85 1983 2070 [1983, 1980, 2070]
86 1306 745 [1306, 1300, 743, 745]
87 1506 2175 [1506, 1504, 1505, 2172, 2175]
88 1848 1755 [1848, 1841, 1755]
89 2330 1940 [2330, 2331, 1941, 1940]
90 1981 1939 [1981, 1982, 1939]
91 906 2142 [906]
92 1901 1570 [1901, 1570]
93 1807 1899 [1807, 1801, 1894, 1899]
94 2344 1663 [2344, 2340, 2341, 2342, 1667, 1665, 1664, 1663]
95 996 1268 [996, 991, 992, 993, 1261, 1260, 1268]
96 1983 633 [1983, 1984, 1985, 636, 635, 633]
97 1218 2078 [1218, 1216, 2078]
98 528 2044 [528, 520, 521, 522, 2046, 2045, 2044]
99 995 1474 [995, 994, 997, 1473, 1472, 1474]
100 2275 2314 [2275, 2270, 2271, 2272, 2273, 2312, 2311, 2310, 2314]
101 1596 1135 [1596, 1594, 1595, 1137, 1134, 1135]
102 1230 642 [1230, 1231, 1232, 645, 642]
103 2429 1017 [2429, 2420, 2421, 2422, 1011, 1010, 1017]
104 846 2234 [846, 842, 843, 2231, 2230, 2234]
105 1895 1809 [1895, 1896, 1897, 1898, 1893, 1805, 1804, 1803, 1802, 1809]
106 2054 1247 [2054, 1247]
107 2486 2145 [2486, 2145]
108 1004 1406 [1004, 1000, 1001, 1002, 1003, 1403, 1402, 1401, 1400, 1406]
109 1193 1457 [1193, 1192, 1194, 1451, 1450, 1457]
110 2404 502 [2404, 2400, 2401, 2402, 2403, 505, 504, 503, 501, 502]
111 1157 1892 [1157, 1892]
112 1026 1393 [1026, 1020, 1393]
113 508 1528 [508, 506, 507, 1525, 1524, 1528]
114 750 840 [750, 751, 753, 754, 847, 845, 844, 840]
115 535 2260 [535, 530, 531, 532, 533, 2265, 2264, 2263, 2260]
116 1115 597 [1115, 1110, 1111, 1112, 595, 594, 597]
117 1744 1664 [1744]
118 2397 2232 [2397, 2390, 2391, 2233, 2232]
119 1956 1491 [1956, 1950, 1490, 1491]
120 574 2277 [574, 572, 2277]
121 1057 999 [1057]
122 1427 1257 [1427, 1420, 1257]
123 918 1916 [918, 910, 1916]
124 1738 2478 [1738, 1730, 2478]
125 1860 2451 [1860, 1861, 1862, 1863, 2456, 2455, 2454, 2451]
126 637 660 [637, 660]
127 1640 2441 [1640, 1641, 2441]
128 967 1875 [967, 963, 964, 1874, 1875]
129 2240 1255 [2240, 2241, 2242, 2243, 2244, 1253, 1252, 1251, 1250, 1255]
130 1453 965 [1453, 1452, 1454, 1455, 1459, 961, 969, 966, 965]
131 1694 2306 [1694, 1692, 2306]
132 1513 692 [1513]
133 1125 2366 [1125, 1122, 1123, 1124, 1127, 2362, 2361, 2360, 2366]
134 2296 2268 [2296, 2291, 2292, 2293, 2294, 2269, 2267, 2266, 2268]
135 1801 2182 [1801, 1806, 1808, 1800, 2181, 2188, 2187, 2182]
136 2483 2464 [2483, 2485, 2487, 2488, 2489, 2462, 2461, 2460, 2464]
137 1596 1175 [1596, 1597, 1598, 1599, 1591, 1173, 1172, 1171, 1170, 1175]
138 824 601 [824, 825, 601]
139 2230 1727 [2230, 1727]
140 980 1939 [980, 982, 983, 984, 1935, 1934, 1933, 1939]
141 1666 2130 [1666, 1668, 1669, 1661, 2132, 2131, 2130]
142 1962 978 [1962, 1963, 1964, 1965, 972, 971, 970, 978]
143 1389 759 [1389, 1380, 1381, 756, 755, 759]
144 2153 1085 [2153, 2151, 2152, 2154, 2155, 1082, 1081, 1080, 1085]
145 601 827 [601, 827]
146 1985 958 [1985]
147 1359 1316 [1359, 1316]
148 1368 1127 [1368, 1361, 1362, 1363, 1129, 1128, 1127]
149 540 2452 [540, 541, 2457, 2452]
150 2426 1746 [2426, 2423, 2424, 1741, 1746]
151 2238 601 [2238, 2235, 2236, 2237, 2239, 607, 606, 605, 604, 601]
152 1349 1163 [1349, 1340, 1341, 1342, 1343, 1167, 1169, 1168, 1163]
153 1418 2045 [1418, 1413, 2045]
154 1822 1950 [1822, 1820, 1950]
155 1260 1750 [1260]
156 1459 995 [1459, 995]
157 999 1514 [999, 998, 1514]
158 658 1449 [658, 1449]
159 1933 2069 [1933, 1936, 1937, 1938, 2067, 2066, 2065, 2069]
160 2065 2275 [2065, 2068, 2060, 2064, 2062, 2279, 2278, 2276, 2274, 2275]
161 1526 1605 [1526, 1527, 1529, 1520, 1522, 1607, 1606, 1604, 1605]
162 2070 501 [2070, 2074, 2075, 509, 501]
163 658 1109 [658, 651, 1109]
164 1269 1796 [1269]
165 2204 1020 [2204, 1020]
166 1038 1984 [1038, 1034, 1035, 1036, 1987, 1986, 1984]
167 995 536 [995, 999, 534, 536]
168 729 2348 [729, 2348]
169 2477 1631 [2477, 2471, 2473, 1633, 1632, 1631]
170 1362 1710 [1362]
171 1231 1182 [1231, 1182]
172 1676 1548 [1676, 1672, 1673, 1674, 1542, 1541, 1540, 1548]
173 786 1932 [786, 782, 783, 1935, 1932]
174 1868 694 [1868, 1864, 697, 694]
175 1387 740 [1387, 1382, 1383, 746, 744, 740]
176 1914 1483 [1914, 1910, 1911, 1480, 1483]
177 624 2232 [624, 620, 621, 622, 623, 2238, 2233, 2234, 2231, 2232]
178 2180 2236 [2180, 2183, 2189, 2184, 2185, 2231, 2237, 2239, 2235, 2236]
179 1159 2050 [1159, 1150, 2050]
180 1603 568 [1603, 1608, 1609, 1606, 1604, 564, 563, 562, 561, 568]
181 2081 1439 [2081, 2083, 2084, 1437, 1439]
182 2184 2113 [2184, 2186, 2185, 2111, 2110, 2113]
183 820 1263 [820]
184 2165 2229 [2165]
185 699 602 [699, 698, 697, 609, 608, 602]
186 1362 520 [1362, 1364, 1365, 1366, 524, 523, 520]
187 883 1568 [883, 880, 881, 882, 884, 1564, 1563, 1562, 1568]
188 2472 1611 [2472, 1611]
189 959 2221 [959]
190 1343 1148 [1343, 1344, 1345, 1346, 1142, 1141, 1140, 1148]
191 2044 2252 [2044, 2047, 2048, 2049, 2253, 2251, 2250, 2252]
192 1896 1070 [1896, 1891, 1070]
193 1223 999 [1223, 1220, 1221, 1222, 1224, 991, 993, 990, 998, 999]
194 2024 1500 [2024, 2020, 2021, 2022, 2023, 1503, 1508, 1507, 1500]
195 2053 1619 [2053, 2051, 2052, 2055, 1613, 1612, 1610, 1619]
196 2284 2250 [2284, 2282, 2283, 2255, 2254, 2250]
197 1624 1218 [1624, 1625, 1626, 1214, 1218]
198 658 1137 [658, 652, 653, 654, 1131, 1139, 1138, 1137]
199 2042 820 [2042, 2048, 820]
200 1937 1319 [1937, 1934, 1931, 1310, 1319]
201 1711 2377 [1711, 1712, 1713, 1714, 2371, 2370, 2377]
202 2495 1384 [2495]
203 1284 1552 [1284, 1285, 1552]
204 1402 1725 [1402, 1404, 1405, 1407, 1721, 1720, 1725]
205 580 1005 [580, 581, 1005]
206 2295 1412 [2295, 2297, 2298, 2299, 1417, 1416, 1414, 1412]
207 613 1357 [613, 1357]
208 2146 2064 [2146, 2140, 2061, 2064]
209 2469 723 [2469, 2463, 2465, 720, 723]
210 2199 634 [2199, 2190, 2191, 635, 636, 634]
211 1109 594 [1109, 1100, 1101, 1102, 1103, 599, 598, 596, 594]
212 2428 2417 [2428, 2425, 2427, 2411, 2410, 2417]
213 575 690 [575]
214 2489 625 [2489, 2486, 2485, 626, 625]
215 1048 1354 [1048, 1040, 1041, 1042, 1043, 1356, 1355, 1353, 1354]
216 1661 2090 [1661, 1669, 1660, 1668, 2099, 2098, 2090]
217 689 1680 [689, 683, 1681, 1680]
218 2019 2369 [2019, 2011, 2012, 2013, 2014, 2367, 2365, 2364, 2363, 2369]
219 1917 1504 [1917, 1912, 1913, 1915, 1507, 1509, 1501, 1504]
220 963 1285 [963, 960, 968, 962, 967, 1288, 1287, 1286, 1285]
221 1912 1451 [1912, 1451]
222 1564 2246 [1564, 1565, 1566, 1567, 2247, 2245, 2246]
223 549 2459 [549, 542, 2453, 2459]
224 1559 2131 [1559, 1554, 1555, 2134, 2133, 2131]
225 1132 728 [1132, 1136, 1130, 721, 728]
226 843 831 [843, 848, 830, 831]
227 1177 1818 [1177, 1174, 1176, 1814, 1813, 1818]
228 1349 568 [1349, 1347, 1348, 1341, 1340, 566, 569, 567, 565, 568]
229 1125 553 [1125, 1128, 1129, 1120, 552, 551, 550, 553]
230 2499 1064 [2499]
231 1283 1922 [1283, 1289, 1922]
232 809 1466 [809, 802, 803, 804, 1463, 1462, 1465, 1466]
233 2484 2043 [2484, 2487, 2488, 2047, 2043]
234 2456 868 [2456, 2458, 2454, 2450, 867, 864, 868]
235 2064 2042 [2064, 2063, 2042]
236 2347 1103 [2347, 2343, 2345, 1105, 1104, 1103]
237 1542 1690 [1542, 1543, 1690]
238 1968 2401 [1968]
239 1468 856 [1468, 1464, 856]
240 2051 2423 [2051, 2056, 2057, 2058, 2059, 2420, 2422, 2424, 2426, 2423]
241 1917 1240 [1917, 1918, 1919, 1915, 1913, 1245, 1244, 1243, 1242, 1240]
242 2006 1262 [2006, 2000, 2001, 1263, 1262]
243 2050 2063 [2050, 2054, 2053, 2062, 2068, 2063]
244 1392 1062 [1392, 1390, 1391, 1394, 1061, 1060, 1062]
245 1696 1846 [1696, 1695, 1697, 1698, 1843, 1842, 1846]
246 916 1167 [916, 911, 912, 913, 1165, 1166, 1167]
247 2122 743 [2122, 2120, 747, 743]
248 1716 1531 [1716, 1715, 1531]
249 1687 1998 [1687, 1682, 1683, 1990, 1998]
250 701 1232 [701, 705, 706, 1233, 1232]
251 942 2371 [942, 940, 941, 943, 944, 2375, 2374, 2373, 2372, 2371]
252 1513 1051 [1513, 1518, 1519, 1516, 1517, 1053, 1052, 1050, 1051]
253 935 2492 [935, 2492]
254 2388 920 [2388, 2383, 2384, 2385, 924, 923, 922, 920]
255 2098 1458 [2098, 2096, 1458]
256 539 1695 [539, 537, 538, 534, 536, 1694, 1691, 1693, 1699, 1695]
257 1736 999 [1736, 1732, 999]
258 1438 2075 [1438]
259 2411 1819 [2411, 2412, 2413, 2414, 2415, 1817, 1816, 1815, 1819]
260 1450 954 [1450, 1456, 1455, 1452, 1453, 952, 951, 950, 954]
261 604 2103 [604, 600, 603, 607, 605, 2102, 2101, 2100, 2103]
262 1994 815 [1994, 815]
263 2438 2423 [2438]
264 2048 1525 [2048, 2049, 1525]
265 1741 1017 [1741, 1742, 1012, 1017]
266 964 2265 [964, 969, 2265]
267 551 1348 [551, 554, 555, 556, 1346, 1347, 1348]
268 2196 1009 [2196]
269 2173 1542 [2173, 2174, 1542]
270 1516 913 [1516, 1512, 1519, 1518, 1514, 917, 915, 914, 913]
271 1686 1222 [1686]
272 1735 942 [1735, 1733, 1734, 1737, 1739, 947, 946, 945, 942]
273 1162 784 [1162, 1160, 1164, 787, 785, 784]
274 961 745 [961, 966, 748, 745]
275 1560 1364 [1560, 1569, 1367, 1364]
276 1939 1052 [1939, 1930, 1935, 1932, 1056, 1055, 1054, 1052]
277 632 880 [632, 637, 636, 635, 630, 887, 886, 885, 880]
278 1996 1275 [1996, 1991, 1992, 1270, 1275]
279 730 1302 [730, 731, 732, 1303, 1301, 1302]
280 1391 1410 [1391, 1395, 1419, 1410]
281 1812 1766 [1812, 1811, 1810, 1814, 1768, 1765, 1764, 1766]
282 1795 1343 [1795, 1792, 1344, 1343]
283 1584 502 [1584, 1580, 1581, 509, 500, 502]
284 1297 623 [1297, 1290, 1291, 1292, 628, 627, 623]
285 2214 849 [2214, 2210, 2211, 848, 846, 849]
286 1757 909 [1757, 1750, 1751, 1752, 902, 901, 900, 909]
287 1930 2454 [1930, 1936, 1938, 2455, 2454]
288 1524 1853 [1524, 1526, 1853]
289 2331 1168 [2331, 2332, 2333, 2334, 1163, 1161, 1169, 1168]
290 1407 1552 [1407, 1408, 1409, 1556, 1552]
291 2018 1772 [2018, 2015, 2017, 2010, 2016, 1773, 1771, 1770, 1772]
292 1850 2023 [1850, 2023]
293 2109 903 [2109, 2104, 2105, 905, 904, 903]
294 2296 922 [2296, 2292, 2293, 926, 925, 922]
295 1437 765 [1437, 1434, 765]
296 1426 2339 [1426, 2339]
297 810 1050 [810, 818, 817, 816, 819, 1054, 1055, 1059, 1058, 1050]
298 1585 2288 [1585, 2288]
299 540 2359 [540, 2359]
300 1739 1027 [1739, 1027]
301 2451 872 [2451, 2459, 2453, 2457, 871, 870, 872]
302 2232 1699 [2232, 2230, 2234, 1698, 1692, 1699]
303 1798 840 [1798, 1793, 1794, 842, 840]
304 2223 1425 [2223, 2222, 2224, 2225, 2226, 1423, 1422, 1421, 1425]
305 581 1178 [581, 582, 583, 1179, 1178]
306 1490 1328 [1490, 1492, 1323, 1328]
307 1983 1768 [1983, 1988, 1989, 1769, 1768]
308 2059 1043 [2059, 2052, 2055, 2056, 2058, 1047, 1046, 1045, 1044, 1043]
309 898 614 [898]
310 2225 1342 [2225, 2227, 2229, 2221, 2228, 1341, 1340, 1345, 1342]
311 1311 1297 [1311, 1313, 1297]
312 728 1061 [728, 722, 1063, 1061]
313 999 542 [999, 542]
314 1581 2397 [1581, 1582, 1583, 1586, 1587, 2394, 2393, 2392, 2397]
315 1072 2382 [1072, 1071, 1073, 1074, 1075, 2384, 2387, 2386, 2382]
316 1741 881 [1741, 1743, 1745, 1747, 885, 889, 888, 881]
317 1063 683 [1063, 1064, 1065, 1066, 1067, 686, 685, 684, 683]
318 852 2371 [852, 850, 851, 853, 2379, 2378, 2376, 2371]
319 1018 997 [1018, 1013, 997]
320 1307 1317 [1307, 1317]
321 1663 1458 [1663, 1662, 1458]
322 590 1134 [590, 595, 593, 592, 591, 1138, 1139, 1133, 1134]
323 1672 1240 [1672, 1675, 1677, 1678, 1679, 1247, 1249, 1248, 1240]
324 1042 2106 [1042, 1049, 2107, 2106]
325 624 662 [624, 629, 662]
326 1222 799 [1222, 1225, 790, 799]
327 751 1493 [751, 757, 758, 752, 1496, 1495, 1494, 1493]
328 761 981 [761, 764, 766, 767, 768, 987, 986, 985, 981]
329 1382 1790 [1382, 1384, 1790]
330 1180 1796 [1180, 1181, 1183, 1184, 1185, 1791, 1799, 1797, 1796]
331 1799 855 [1799, 1794, 1793, 1798, 857, 854, 855]
332 553 582 [553, 557, 558, 559, 587, 586, 584, 582]
333 1197 1972 [1197, 1195, 1196, 1977, 1976, 1972]
334 1975 1725 [1975, 1978, 1722, 1725]
335 1432 718 [1432, 1436, 1439, 713, 712, 718]
336 1279 509 [1279]
337 1382 788 [1382, 1385, 788]
338 2070 2329 [2070, 2076, 2324, 2329]
339 2071 583 [2071, 2077, 2079, 2072, 586, 589, 588, 583]
340 1510 590 [1510, 1517, 1512, 1514, 1519, 598, 599, 596, 590]
341 2493 1854 [2493, 2490, 2491, 2494, 2496, 1856, 1852, 1851, 1854]
342 564 1408 [564, 567, 569, 560, 565, 1405, 1404, 1409, 1408]
343 879 662 [879, 873, 874, 661, 662]
344 1635 534 [1635, 1634, 1636, 1637, 1639, 532, 531, 530, 534]
345 2035 728 [2035, 2030, 728]
346 1231 936 [1231, 1234, 1235, 937, 936]
347 908 1981 [908, 907, 1981]
348 581 1028 [581, 589, 1028]
349 700 772 [700, 707, 708, 770, 772]
350 1394 708 [1394, 1396, 1397, 709, 708]
351 1479 1557 [1479, 1475, 1477, 1558, 1557]
352 782 1880 [782, 789, 780, 783, 1882, 1881, 1880]
353 1383 1250 [1383, 1386, 1388, 1387, 1258, 1256, 1254, 1250]
354 2466 891 [2466, 2467, 2468, 897, 891]
355 843 2270 [843, 845, 844, 2271, 2272, 2270]
356 933 2141 [933, 938, 939, 935, 2143, 2142, 2141]
357 1586 1917 [1586, 1588, 1917]
358 787 544 [787, 789, 781, 786, 780, 546, 545, 543, 544]
359 1660 1805 [1660, 1662, 1666, 1807, 1805]
360 701 997 [701]
361 1686 1822 [1686, 1684, 1822]
362 1209 560 [1209, 1200, 1201, 569, 566, 560]
363 603 2189 [603, 600, 606, 2186, 2189]
364 1742 1158 [1742, 1749, 1746, 1747, 1745, 1154, 1153, 1152, 1151, 1158]
365 1334 1744 [1334, 1332, 1335, 1336, 1748, 1743, 1744]
366 811 979 [811, 818, 817, 816, 813, 976, 975, 974, 973, 979]
367 1241 1184 [1241, 1244, 1184]
368 643 2291 [643]
369 840 2092 [840, 847, 849, 2096, 2093, 2092]
370 1597 1797 [1597, 1797]
371 2148 1922 [2148, 2144, 2147, 2149, 1926, 1925, 1922]
372 1218 791 [1218, 1213, 1210, 1219, 1211, 794, 793, 792, 791]
373 615 1269 [615, 618, 619, 1265, 1264, 1269]
374 1856 1103 [1856, 1857, 1858, 1106, 1103]
375 2390 2494 [2390]
376 2012 2313 [2012, 2019, 2011, 2015, 2317, 2316, 2315, 2313]
377 685 2094 [685, 687, 2094]
378 690 2338 [690, 698, 699, 697, 2337, 2336, 2335, 2338]
379 1049 2386 [1049, 1044, 1047, 2388, 2383, 2386]
380 1779 2458 [1779, 1774, 1775, 1776, 2459, 2455, 2458]
381 679 1666 [679, 670, 671, 672, 673, 1665, 1667, 1662, 1666]
382 2062 2097 [2062]
383 964 864 [964, 965, 966, 969, 962, 861, 862, 869, 864]
384 1633 1661 [1633, 1634, 1662, 1661]
385 2030 2098 [2030, 2031, 2032, 2033, 2034, 2093, 2095, 2097, 2098]
386 845 2063 [845, 842, 2063]
387 2216 1902 [2216, 2212, 2213, 2215, 1907, 1906, 1902]
388 618 2154 [618, 610, 611, 612, 2158, 2157, 2156, 2154]
389 1957 893 [1957, 1951, 1952, 1953, 890, 899, 893]
390 1417 2459 [1417, 2459]
391 2056 1207 [2056, 2052, 2055, 2057, 2059, 1204, 1203, 1202, 1207]
392 1318 2092 [1318, 1314, 1315, 1312, 2096, 2097, 2092]
393 2101 872 [2101, 2108, 2109, 2105, 876, 875, 872]
394 836 2253 [836]
395 543 1702 [543]
396 1052 1246 [1052, 1058, 1059, 1241, 1246]
397 690 914 [690, 699, 698, 919, 914]
398 523 2125 [523]
399 2476 968 [2476, 2474, 960, 968]
400 2018 971 [2018, 2017, 2010, 2016, 978, 977, 971]
401 2419 632 [2419, 632]
402 1635 2079 [1635, 1636, 1637, 2073, 2076, 2079]
403 2140 2053 [2140]
404 617 909 [617, 614, 619, 907, 908, 909]
405 1346 1951 [1346, 1348, 1347, 1349, 1342, 1959, 1958, 1955, 1954, 1951]
406 793 1960 [793, 795, 796, 797, 1969, 1967, 1966, 1960]
407 1679 2462 [1679, 1674, 1676, 2469, 2462]
408 2059 638 [2059]
409 1102 788 [1102, 1107, 1108, 1104, 1105, 782, 783, 789, 788]
410 2007 1247 [2007, 2002, 2003, 2004, 2005, 1243, 1244, 1242, 1245, 1247]
411 1538 1489 [1538, 1532, 1533, 1534, 1484, 1482, 1481, 1489]
412 675 1101 [675, 674, 676, 1106, 1101]
413 1487 1491 [1487, 1485, 1497, 1491]
414 2238 1956 [2238, 2233, 2234, 1957, 1952, 1956]
415 1617 927 [1617, 1614, 1615, 1618, 1612, 924, 929, 928, 927]
416 2487 2266 [2487, 2483, 2489, 2485, 2267, 2269, 2266]
417 1151 2372 [1151, 1155, 2370, 2372]
418 1800 1084 [1800, 1803, 1083, 1084]
419 962 1700 [962, 963, 965, 967, 961, 1706, 1705, 1704, 1703, 1700]
420 1680 1959 [1680, 1685, 1688, 1953, 1959]
421 1007 1718 [1007, 1006, 1008, 1009, 1713, 1719, 1717, 1718]
422 1621 2021 [1621, 1627, 1628, 1623, 2027, 2026, 2025, 2021]
423 1916 826 [1916]
424 2003 1234 [2003, 2008, 2009, 2000, 2006, 1239, 1238, 1237, 1236, 1234]
425 1479 2166 [1479, 1478, 1472, 1471, 1474, 2167, 2164, 2163, 2166]
426 2193 2433 [2193, 2192, 2194, 2195, 2431, 2430, 2433]
427 1622 1541 [1622, 1620, 1629, 1626, 1625, 1547, 1546, 1545, 1544, 1541]
428 2329 2373 [2329, 2326, 2327, 2328, 2375, 2374, 2373]
429 1539 947 [1539, 1535, 1536, 1537, 1530, 943, 949, 948, 947]
430 1161 1642 [1161, 1166, 1165, 1168, 1645, 1644, 1643, 1642]
431 763 1561 [763, 769, 762, 760, 1562, 1569, 1561]
432 741 1401 [741, 749, 744, 746, 1408, 1407, 1401]
433 1940 2140 [1940, 1942, 1944, 1945, 1946, 2149, 2143, 2141, 2145, 2140]
434 620 1362 [620, 625, 626, 1367, 1369, 1362]
435 1716 2163 [1716, 1714, 1712, 2168, 2163]
436 1426 1568 [1426, 1428, 1429, 1569, 1563, 1568]
437 1342 2096 [1342, 1345, 1344, 1340, 2091, 2095, 2096]
438 1677 522 [1677]
439 940 1937 [940, 1937]
440 1417 1356 [1417, 1416, 1358, 1356]
441 644 849 [644, 646, 648, 846, 848, 849]
442 1384 1199 [1384, 1380, 1381, 1389, 1388, 1195, 1192, 1194, 1198, 1199]
443 1989 2236 [1989]
444 1395 1392 [1395, 1398, 1390, 1393, 1399, 1392]
445 2029 1602 [2029, 2028, 2022, 2020, 1605, 1607, 1602]
446 1595 1000 [1595, 1598, 1599, 1590, 1593, 1004, 1001, 1003, 1005, 1000]
447 1740 500 [1740, 1749, 1746, 1741, 504, 506, 503, 500]
448 645 1927 [645, 649, 648, 1928, 1927]
449 1064 716 [1064, 1068, 1062, 714, 716]
450 1548 1503 [1548, 1503]
451 2011 2304 [2011, 2017, 2300, 2304]
452 1568 2408 [1568, 1563, 1562, 2406, 2405, 2408]
453 1990 1447 [1990, 1993, 1995, 1997, 1442, 1441, 1440, 1447]
454 1711 894 [1711, 1715, 1714, 899, 892, 894]
455 1219 1664 [1219, 1212, 1213, 1667, 1664]
456 2066 2302 [2066, 2069, 2060, 2303, 2301, 2302]
457 1068 2140 [1068, 1060, 1066, 1065, 1067, 2144, 2147, 2148, 2142, 2140]
458 2452 1846 [2452, 2455, 2450, 2451, 1845, 1844, 1846]
459 2116 1372 [2116, 2112, 1373, 1372]
460 1166 1837 [1166, 1167, 1169, 1165, 1833, 1832, 1837]
461 1307 1195 [1307, 1304, 1199, 1195]
462 2467 1079 [2467]
463 2306 2352 [2306, 2352]
464 1439 2365 [1439, 1433, 1436, 1438, 2361, 2368, 2365]
465 848 933 [848, 844, 939, 933]
466 1477 2129 [1477, 1473, 1470, 2121, 2129]
467 1024 2018 [1024, 1021, 1022, 1023, 1025, 2013, 2017, 2016, 2010, 2018]
468 1224 1586 [1224, 1226, 1227, 1589, 1586]
469 1611 1399 [1611, 1610, 1613, 1619, 1616, 1394, 1391, 1397, 1396, 1399]
470 1572 1926 [1572]
471 1761 716 [1761, 1762, 715, 716]
472 2075 2463 [2075, 2074, 2077, 2072, 2460, 2461, 2463]
473 1827 2451 [1827, 1821, 1823, 1824, 1825, 2453, 2456, 2455, 2451]
474 1646 1007 [1646, 1647, 1648, 1649, 1000, 1002, 1005, 1007]
475 991 1888 [991, 992, 994, 1883, 1888]
476 2151 1616 [2151, 2159, 2158, 2157, 1617, 1618, 1615, 1616]
477 857 2406 [857, 858, 859, 856, 2409, 2407, 2406]
478 948 2051 [948, 941, 2055, 2051]
479 2232 963 [2232]
480 979 1698 [979, 977, 972, 1693, 1696, 1698]
481 995 795 [995, 998, 993, 990, 792, 794, 798, 795]
482 2282 1950 [2282, 2285, 2286, 2287, 2289, 1954, 1958, 1955, 1950]
483 573 1908 [573, 576, 577, 578, 1904, 1909, 1908]
484 1843 2440 [1843]
485 855 1524 [855, 858, 859, 856, 1527, 1529, 1524]
486 1610 2157 [1610, 1614, 1612, 1618, 2156, 2159, 2150, 2157]
487 674 1496 [674, 677, 678, 675, 673, 1495, 1499, 1498, 1496]
488 2400 2098 [2400, 2407, 2409, 2401, 2405, 2094, 2097, 2092, 2093, 2098]
489 2329 2474 [2329, 2327, 2328, 2326, 2324, 2470, 2479, 2475, 2474]
490 2415 547 [2415, 2416, 2418, 549, 548, 547]
491 2043 852 [2043, 2047, 852]
492 857 1432 [857, 858, 1433, 1432]
493 1425 869 [1425, 1428, 1429, 1420, 1427, 863, 868, 867, 869]
494 1537 670 [1537, 1536, 1535, 1530, 1539, 672, 679, 676, 670]
495 669 798 [669, 798]
496 1826 2329 [1826, 1828, 1829, 2321, 2329]
497 2133 1299 [2133, 2135, 1299]
498 2387 2320 [2387]
499 1369 784 [1369, 1361, 1366, 781, 789, 784]
500 1802 2015 [1802, 1809, 1804, 1803, 1805, 2017, 2016, 2018, 2010, 2015]
501 899 766 [899]
502 1086 608 [1086, 1087, 1088, 609, 608]
503 2351 2313 [2351, 2353, 2354, 2355, 2319, 2318, 2313]
504 1003 1708 [1003, 1009, 1001, 1004, 1702, 1709, 1707, 1708]
505 2262 1849 [2262, 1849]
506 2015 1726 [2015, 2018, 2010, 1723, 1726]
507 1490 2404 [1490, 1494, 2409, 2404]
508 1654 606 [1654, 1650, 602, 606]
509 1956 2406 [1956, 1953, 1951, 1959, 2403, 2402, 2406]
510 1720 2383 [1720, 1724, 1728, 2385, 2383]
511 1999 1148 [1999, 1995, 1997, 1145, 1144, 1148]
512 2178 1325 [2178, 2176, 2177, 2179, 1327, 1326, 1324, 1325]
513 2044 707 [2044]
514 1002 1424 [1002, 1006, 1003, 1008, 1009, 1429, 1427, 1428, 1426, 1424]
515 1762 2231 [1762]
516 1013 1171 [1013, 1014, 1015, 1016, 1176, 1174, 1177, 1171]
517 1924 2245 [1924, 1929, 1920, 1923, 1921, 2244, 2249, 2248, 2245]
518 1763 2378 [1763, 1767, 1760, 1769, 1761, 2370, 2372, 2376, 2378]
519 1824 786 [1824, 1821, 1823, 783, 786]
520 1429 758 [1429, 1422, 1423, 1421, 750, 753, 757, 758]
521 1613 1571 [1613, 1614, 1617, 1574, 1573, 1571]
522 1587 1923 [1587, 1588, 1923]
523 790 2109 [790, 791, 799, 2102, 2104, 2109]
524 1678 1381 [1678, 1673, 1670, 1384, 1386, 1381]
525 1864 936 [1864, 1866, 1867, 934, 938, 936]
526 1305 1912 [1305, 1308, 1309, 1910, 1912]
527 729 724 [729, 725, 727, 723, 722, 720, 726, 724]
528 1493 1095 [1493, 1497, 1494, 1096, 1094, 1095]
529 1447 1525 [1447, 1443, 1525]
530 1883 1256 [1883]
531 1275 1702 [1275, 1271, 1272, 1273, 1701, 1708, 1709, 1702]
532 2180 702 [2180, 2186, 2183, 2185, 707, 709, 702]
533 2352 763 [2352, 2356, 763]
534 1915 883 [1915, 1916, 883]
535 2233 854 [2233, 2230, 854]
536 1018 899 [1018, 1019, 1012, 1015, 892, 896, 895, 899]
537 551 2193 [551]
538 2409 951 [2409, 2407, 2408, 955, 953, 951]
539 1324 2097 [1324, 1329, 1325, 2094, 2097]
540 1995 611 [1995, 1993, 1994, 1992, 1991, 619, 613, 610, 614, 611]
541 524 669 [524, 525, 664, 669]
542 2049 1895 [2049, 2047, 2048, 2045, 2046, 1898, 1897, 1890, 1895]
543 879 1927 [879]
544 2469 1031 [2469, 2465, 2464, 2461, 2460, 1033, 1032, 1039, 1037, 1031]
545 724 1960 [724, 726, 1964, 1960]
546 1038 1563 [1038, 1563]
547 2216 1971 [2216, 1971]
548 1564 806 [1564, 1569, 1562, 1563, 1560, 808, 807, 805, 806]
549 1416 983 [1416]
550 953 1098 [953, 1098]
551 2452 1883 [2452, 2455, 2458, 1885, 1884, 1883]
552 955 2199 [955, 956, 957, 958, 950, 2195, 2198, 2197, 2199]
553 1643 1700 [1643, 1642, 1644, 1707, 1700]
554 967 527 [967, 966, 964, 969, 960, 523, 525, 526, 527]
555 1002 652 [1002, 1006, 1008, 1001, 657, 656, 655, 652]
556 2379 1138 [2379, 2375, 2373, 2374, 2376, 1132, 1136, 1133, 1131, 1138]
557 2064 1293 [2064, 2060, 2061, 2067, 1296, 1295, 1294, 1293]
558 1961 652 [1961, 1965, 652]
559 1391 702 [1391]
560 1943 1767 [1943, 1947, 1948, 1949, 1763, 1760, 1767]
561 560 2028 [560, 567, 565, 2024, 2029, 2028]
562 797 1970 [797, 791, 1979, 1970]
563 1207 932 [1207, 1205, 939, 932]
564 1222 1738 [1222]
565 1030 991 [1030]
566 943 641 [943, 944, 949, 940, 647, 646, 641]
567 1802 2198 [1802, 1807, 2198]
568 2108 2397 [2108, 2103, 2104, 2100, 2102, 2399, 2398, 2396, 2395, 2397]
569 900 1789 [900]
570 2354 1422 [2354, 2357, 2358, 1428, 1426, 1422]
571 1466 1703 [1466, 1467, 1465, 1462, 1463, 1701, 1709, 1708, 1703]
572 539 1101 [539, 1101]
573 1907 1542 [1907, 1900, 1909, 1908, 1540, 1549, 1542]
574 788 2416 [788, 782, 780, 2418, 2416]
575 2290 2383 [2290, 2291, 2294, 2389, 2380, 2383]
576 1475 1172 [1475, 1476, 1172]
577 701 899 [701, 704, 709, 703, 895, 894, 899]
578 1456 1483 [1456, 1483]
579 548 582 [548, 547, 588, 582]
580 504 1116 [504, 505, 507, 503, 509, 1117, 1114, 1113, 1116]
581 1131 799 [1131, 1139, 799]
582 1087 2155 [1087, 1084, 2155]
583 1770 868 [1770]
584 544 2382 [544, 548, 549, 547, 542, 2388, 2384, 2381, 2382]
585 1220 2237 [1220, 1228, 1229, 1225, 1221, 2239, 2236, 2230, 2237]
586 2206 662 [2206, 2202, 2203, 2205, 666, 665, 662]
587 1108 1935 [1108, 1107, 1106, 1100, 1102, 1936, 1938, 1933, 1935]
588 950 1510 [950, 952, 954, 956, 957, 1516, 1513, 1518, 1510]
589 1193 657 [1193, 1198, 1199, 1194, 1192, 651, 654, 653, 657]
590 1558 1859 [1558, 1556, 1550, 1553, 1853, 1850, 1859]
591 1395 2200 [1395]
592 730 812 [730, 733, 734, 818, 815, 812]
593 750 1120 [750, 754, 756, 755, 759, 1129, 1128, 1121, 1120]
594 1043 2275 [1043, 2275]
595 1509 1863 [1509, 1501, 1508, 1507, 1500, 1866, 1867, 1869, 1863]
596 1023 1322 [1023, 1029, 1021, 1327, 1326, 1322]
597 1473 829 [1473, 829]
598 1116 1978 [1116]
599 1409 661 [1409, 1407, 1403, 1405, 668, 667, 661]
600 1538 2068 [1538]
601 780 1057 [780, 783, 1051, 1057]
602 2424 766 [2424, 2421, 2429, 2428, 2425, 765, 760, 762, 769, 766]
603 2245 1098 [2245]
604 971 1279 [971, 970, 1279]
605 2197 2132 [2197, 2194, 2192, 2196, 2191, 2138, 2137, 2136, 2132]
606 2301 900 [2301, 2305, 2307, 901, 902, 900]
607 1399 687 [1399, 1398, 1390, 1393, 1392, 682, 686, 684, 688, 687]
608 1016 1559 [1016, 1011, 1014, 1555, 1556, 1559]
609 1789 1919 [1789, 1780, 1781, 1782, 1914, 1912, 1919]
610 850 2119 [850, 851, 853, 859, 2117, 2115, 2114, 2119]
611 1516 2323 [1516, 1518, 2323]
612 1032 1965 [1032, 1037, 1965]
613 827 1795 [827, 826, 1795]
614 937 2003 [937, 931, 2003]
615 2129 2100 [2129, 2124, 2125, 2126, 2109, 2105, 2100]
616 1999 1378 [1999, 1378]
617 1967 2354 [1967, 1963, 1962, 1969, 1966, 2350, 2358, 2357, 2354]
618 685 1229 [685, 680, 681, 1228, 1229]
619 1588 2135 [1588]
620 2203 1059 [2203, 1059]
621 1636 1134 [1636, 1631, 1632, 1639, 1634, 1136, 1135, 1130, 1134]
622 1382 1249 [1382, 1380, 1389, 1381, 1244, 1242, 1245, 1249]
623 2217 1768 [2217, 2218, 2219, 2214, 1767, 1760, 1769, 1768]
624 2265 1296 [2265, 2268, 1296]
625 2190 604 [2190, 2194, 2192, 600, 603, 604]
626 2008 1961 [2008, 2001, 1961]
627 1671 1751 [1671, 1674, 1676, 1673, 1756, 1754, 1753, 1751]
628 2409 1339 [2409, 2405, 2407, 2408, 2401, 1334, 1338, 1337, 1339]
629 1065 1957 [1065, 1060, 1957]
630 2337 1349 [2337, 2330, 1349]
631 749 1593 [749, 748, 742, 740, 1598, 1592, 1593]
632 1719 715 [1719, 1712, 1716, 1715, 713, 717, 715]
633 2380 2442 [2380]
634 1139 1075 [1139, 1075]
635 1302 1138 [1302, 1138]
636 2196 1365 [2196, 2191, 2195, 2190, 2197, 1366, 1361, 1364, 1363, 1365]
637 1649 2328 [1649, 1645, 1643, 1642, 1644, 2324, 2320, 2322, 2328]
638 1987 1743 [1987, 1743]
639 1365 723 [1365, 1363, 1364, 721, 723]
640 1750 1756 [1750, 1756]
641 1743 1943 [1743, 1749, 1942, 1943]
642 1486 2362 [1486, 1488, 1487, 1485, 1480, 2366, 2360, 2368, 2362]
643 757 1482 [757, 752, 751, 753, 1486, 1488, 1482]
644 1802 2161 [1802, 1809, 1804, 1803, 2168, 2169, 2161]
645 1937 537 [1937, 1934, 1931, 1938, 538, 533, 535, 537]
646 909 2024 [909, 908, 907, 905, 2022, 2029, 2028, 2024]
647 797 1513 [797, 790, 796, 791, 793, 1517, 1511, 1515, 1513]
648 1297 1060 [1297, 1060]
649 800 2413 [800, 809, 804, 2416, 2419, 2413]
650 679 645 [679, 671, 672, 676, 649, 647, 646, 645]
651 2068 955 [2068, 2060, 2066, 2061, 2069, 951, 959, 953, 958, 955]
652 832 1905 [832, 1905]
653 1867 1604 [1867, 1869, 1860, 1605, 1607, 1604]
654 1936 2358 [1936, 1933, 1930, 1935, 2350, 2357, 2356, 2358]
655 1603 919 [1603, 1600, 1601, 911, 919]
656 1844 2153 [1844, 1849, 1845, 2156, 2153]
657 515 1977 [515, 512, 513, 514, 516, 1978, 1979, 1974, 1976, 1977]
658 2323 522 [2323, 2327, 2322, 524, 522]
659 1827 702 [1827, 1825, 702]
660 1143 1934 [1143, 1146, 1936, 1934]
661 873 1650 [873, 1650]
662 2223 1024 [2223, 2227, 1029, 1024]
663 1023 1857 [1023, 1026, 1022, 1859, 1857]
664 1450 1144 [1450, 1144]
665 2236 1845 [2236, 2231, 2235, 2239, 2230, 1849, 1844, 1840, 1847, 1845]
666 529 1270 [529, 526, 527, 1276, 1274, 1270]
667 946 1356 [946, 945, 949, 1358, 1357, 1356]
668 698 2452 [698, 699, 697, 695, 691, 2453, 2450, 2455, 2452]
669 860 2162 [860, 2162]
670 2190 1836 [2190, 2199, 2194, 2192, 2193, 1839, 1835, 1834, 1836]
671 1098 2192 [1098, 2192]
672 807 1146 [807, 806, 808, 805, 1149, 1147, 1146]
673 1530 2100 [1530, 2100]
674 2418 849 [2418, 2419, 841, 849]
675 597 1679 [597, 592, 593, 1670, 1671, 1679]
676 1143 1597 [1143, 1149, 1594, 1597]
677 1036 1122 [1036, 1122]
678 2011 1200 [2011, 2014, 2019, 2012, 2013, 1205, 1203, 1208, 1206, 1200]
679 2154 1927 [2154, 2150, 2158, 2159, 2156, 1925, 1926, 1929, 1927]
680 2264 937 [2264, 2263, 2261, 2262, 2260, 938, 931, 934, 930, 937]
681 1037 1575 [1037, 1039, 1575]
682 2371 1805 [2371, 2372, 1805]
683 1896 1979 [1896, 1894, 1970, 1979]
684 1192 1096 [1192]
685 1996 536 [1996, 1998, 539, 536]
686 1599 1531 [1599]
687 1471 862 [1471, 1470, 1473, 1476, 1477, 865, 861, 866, 862]
688 626 1793 [626, 629, 1796, 1793]
689 1556 1822 [1556, 1554, 1550, 1551, 1553, 1824, 1823, 1821, 1820, 1822]
690 2401 1146 [2401]
691 1262 1390 [1262, 1390]
692 847 1288 [847, 846, 1288]
693 1551 1594 [1551, 1559, 1595, 1594]
694 2132 1826 [2132, 2139, 1820, 1826]
695 2317 732 [2317, 2310, 732]
696 2189 2496 [2189]
697 1795 1601 [1795]
698 803 1375 [803, 1375]
699 2284 909 [2284, 2283, 2285, 904, 903, 909]
700 2083 1574 [2083, 2085, 2086, 1576, 1574]
701 761 1044 [761, 769, 763, 1045, 1046, 1044]
702 2172 1842 [2172, 2178, 1848, 1842]
703 526 2296 [526, 2296]
704 1938 1192 [1938, 1930, 1933, 1198, 1192]
705 1361 1279 [1361, 1360, 1368, 1367, 1366, 1273, 1278, 1277, 1279]
706 1244 1197 [1244, 1243, 1245, 1196, 1197]
707 657 865 [657, 651, 653, 862, 866, 865]
708 1051 502 [1051, 1056, 1055, 1054, 501, 506, 502]
709 1041 1153 [1041, 1040, 1046, 1047, 1045, 1150, 1157, 1155, 1156, 1153]
710 1905 1530 [1905, 1530]
711 1269 1541 [1269, 1266, 1267, 1264, 1263, 1546, 1547, 1549, 1541]
712 1711 2276 [1711, 1714, 2273, 2276]
713 1702 654 [1702, 1707, 1701, 1708, 1706, 658, 653, 651, 654]
714 1978 764 [1978]
715 2063 1490 [2063, 2067, 2065, 2062, 2064, 1497, 1493, 1492, 1490]
716 839 2389 [839, 833, 2389]
717 2157 967 [2157, 2152, 2155, 966, 968, 967]
718 750 877 [750, 752, 877]
719 2136 819 [2136, 2138, 2137, 2135, 2139, 816, 813, 817, 819]
720 1738 1574 [1738]
721 2462 1691 [2462, 2464, 1691]
722 2448 1327 [2448, 2440, 2442, 2443, 1323, 1326, 1327]
723 788 1190 [788, 782, 785, 789, 1194, 1199, 1190]
724 529 1588 [529, 527, 526, 1584, 1580, 1588]
725 1510 950 [1510, 1512, 1519, 957, 952, 950]
726 2234 2000 [2234, 2000]
727 1014 1042 [1014, 1019, 1048, 1042]
728 1274 646 [1274, 1271, 1272, 1276, 1275, 647, 649, 648, 646]
729 1041 1577 [1041, 1040, 1048, 1579, 1578, 1577]
730 1840 521 [1840, 1841, 1848, 524, 521]
731 2353 1146 [2353, 2359, 2356, 1147, 1146]
732 2108 1762 [2108, 2101, 2105, 2106, 2109, 1763, 1761, 1765, 1762]
733 1836 1415 [1836, 1415]
734 1869 803 [1869, 1861, 1862, 1865, 1863, 808, 805, 806, 802, 803]
735 1827 1814 [1827, 1825, 1814]
736 809 2113 [809, 807, 802, 2118, 2113]
737 1525 1003 [1525, 1003]
738 1713 710 [1713, 1714, 1712, 1716, 712, 718, 710]
739 2376 2390 [2376, 2370, 2390]
740 2237 2370 [2237, 2231, 2235, 2236, 2239, 2374, 2378, 2377, 2370]
741 862 1989 [862, 864, 1989]
742 1456 1307 [1456, 1454, 1457, 1455, 1452, 1308, 1305, 1304, 1307]
743 1081 2254 [1081, 1083, 1089, 1084, 2258, 2257, 2256, 2254]
744 650 1745 [650, 654, 659, 1742, 1745]
745 1647 770 [1647, 1645, 1643, 1642, 1644, 774, 773, 771, 770]
746 1295 1228 [1295, 1298, 1293, 1294, 1221, 1220, 1223, 1228]
747 896 1648 [896]
748 1057 815 [1057, 1056, 1053, 1055, 817, 810, 814, 815]
749 1101 850 [1101, 1108, 852, 850]
750 1985 532 [1985, 1980, 1988, 1986, 531, 530, 532]
751 2049 2077 [2049, 2046, 2045, 2075, 2074, 2077]
752 950 1558 [950, 954, 952, 956, 1555, 1556, 1558]
753 1729 1631 [1729, 1726, 1631]
754 1152 572 [1152]
755 1699 1730 [1699, 1697, 1690, 1694, 1692, 1734, 1735, 1733, 1731, 1730]
756 540 2234 [540, 546, 545, 2237, 2234]
757 1610 872 [1610, 1615, 878, 872]
758 741 2396 [741, 745, 748, 742, 2391, 2393, 2392, 2396]
759 1134 1134 [1134, 1132, 1138, 1133]
760 1215 591 [1215, 1210, 1217, 594, 595, 591]
761 2379 1077 [2379, 2378, 2375, 2373, 1079, 1078, 1076, 1077]
762 1561 2279 [1561, 2279]
763 1679 1289 [1679, 1676, 1674, 1287, 1284, 1289]
764 1346 2058 [1346, 1341, 1348, 2057, 2052, 2058]
765 607 1400 [607, 603, 600, 605, 1403, 1404, 1407, 1400]
766 2347 1101 [2347, 2346, 1105, 1101]
767 536 2313 [536, 539, 2312, 2313]
768 2081 1660 [2081, 1660]
769 688 1419 [688, 1419]
770 2138 666 [2138, 2134, 2137, 2130, 667, 668, 665, 666]
771 2121 2091 [2121, 2127, 2093, 2091]
772 858 1911 [858, 851, 853, 859, 1913, 1918, 1911]
773 949 1523 [949, 942, 944, 1521, 1528, 1523]
774 1214 2245 [1214, 1211, 1210, 2242, 2245]
775 2432 1885 [2432, 2434, 2435, 1887, 1886, 1885]
776 2077 1645 [2077, 2071, 2076, 1646, 1648, 1645]
777 2106 1910 [2106, 2103, 2104, 2102, 1918, 1914, 1911, 1910]
778 1478 1853 [1478, 1470, 1473, 1476, 1475, 1858, 1851, 1852, 1854, 1853]
779 1882 2169 [1882, 1889, 2169]
780 1886 1312 [1886, 1887, 1884, 1880, 1314, 1317, 1312]
781 626 2450 [626, 622, 627, 621, 628, 2458, 2457, 2456, 2454, 2450]
782 956 1379 [956, 957, 952, 954, 950, 1378, 1377, 1374, 1379]
783 1456 1420 [1456, 1459, 1420]
784 2053 557 [2053, 2058, 2052, 2056, 556, 554, 555, 557]
785 1752 1847 [1752, 1758, 1841, 1847]
786 768 2185 [768, 762, 769, 760, 2180, 2186, 2185]
787 701 1032 [701, 707, 1032]
788 1687 1385 [1687]
789 1564 523 [1564, 1569, 523]
790 1935 2265 [1935]
791 1751 1982 [1751]
792 1579 1596 [1579, 1596]
793 1823 1584 [1823, 1821, 1580, 1584]
794 2371 1399 [2371, 2377, 2370, 2374, 2376, 1390, 1393, 1395, 1398, 1399]
795 1403 2014 [1403, 1406, 1400, 2015, 2014]
796 2028 945 [2028]
797 1752 1331 [1752, 1759, 1757, 1338, 1331]
798 2118 1352 [2118]
799 2309 936 [2309, 2308, 2303, 932, 935, 936]
800 583 2392 [583, 588, 584, 587, 585, 2393, 2391, 2394, 2392]
801 2020 1941 [2020, 2029, 1946, 1941]
802 601 1240 [601]
803 1363 1587 [1363, 1365, 1587]
804 2316 696 [2316, 2311, 2314, 2312, 695, 692, 696]
805 980 671 [980, 988, 989, 983, 672, 670, 671]
806 776 781 [776, 775, 781]
807 803 792 [803, 792]
808 1263 1174 [1263]
809 966 2171 [966, 969, 964, 2179, 2176, 2171]
810 1198 2325 [1198, 1199, 1194, 2320, 2325]
811 1824 1120 [1824]
812 2178 813 [2178, 2177, 2170, 2179, 2176, 810, 818, 811, 813]
813 642 1231 [642, 648, 1231]
814 748 2350 [748, 2350]
815 1158 2124 [1158, 1156, 2128, 2124]
816 1389 1048 [1389]
817 2031 2204 [2031, 2036, 2037, 2038, 2209, 2208, 2204]
818 2207 570 [2207, 2208, 2209, 2205, 571, 579, 570]
819 1227 578 [1227, 1223, 1225, 1220, 571, 579, 575, 578]
820 639 2321 [639, 631, 633, 2328, 2326, 2321]
821 2097 1022 [2097, 2093, 2092, 1026, 1025, 1022]
822 1288 2143 [1288, 1286, 1285, 1280, 2141, 2145, 2143]
823 1544 2093 [1544, 1545, 1548, 1540, 2092, 2094, 2093]
824 1834 2193 [1834, 1832, 2193]
825 2131 1404 [2131, 2133, 1405, 1404]
826 1984 650 [1984, 1980, 1988, 653, 651, 650]
827 1998 860 [1998, 1993, 1990, 866, 861, 860]
828 761 537 [761, 764, 767, 532, 534, 537]
829 1594 1020 [1594, 1590, 1592, 1598, 1023, 1021, 1029, 1020]
830 972 1950 [972, 973, 976, 974, 1955, 1954, 1950]
831 2260 1809 [2260, 2263, 1807, 1809]
832 1922 1622 [1922, 1928, 1920, 1921, 1620, 1624, 1622]
833 2102 1097 [2102, 1097]
834 1979 1761 [1979, 1976, 1764, 1761]
835 2022 2110 [2022, 2023, 2029, 2024, 2020, 2117, 2115, 2114, 2111, 2110]
836 1348 2004 [1348, 2004]
837 594 2468 [594, 592, 593, 597, 591, 2465, 2463, 2460, 2461, 2468]
838 544 1925 [544, 1925]
839 940 2371 [940, 943, 947, 2377, 2371]
840 2256 1450 [2256, 2259, 2257, 1453, 1450]
841 1726 556 [1726, 1729, 1723, 1728, 1724, 558, 554, 555, 556]
842 1928 2039 [1928, 1929, 1924, 2038, 2037, 2039]
843 1709 2410 [1709, 1707, 1702, 1701, 2416, 2417, 2410]
844 1973 2229 [1973, 1970, 1974, 2220, 2227, 2229]
845 2475 1314 [2475, 2479, 2477, 2471, 2473, 1318, 1313, 1316, 1314]
846 1157 2431 [1157, 1159, 1155, 2436, 2431]
847 1944 1275 [1944, 1945, 1275]
848 1952 504 [1952, 1958, 1954, 508, 504]
849 2212 795 [2212, 2218, 2219, 794, 795]
850 1358 1983 [1358]
851 2092 799 [2092, 2097, 799]
852 978 1002 [978, 975, 1004, 1002]
853 1552 796 [1552, 796]
854 1150 1804 [1150, 1159, 1154, 1806, 1803, 1804]
855 1347 1763 [1347]
856 1371 1284 [1371, 1377, 1284]
857 1254 740 [1254, 740]
858 2412 698 [2412, 2417, 2410, 2416, 697, 699, 698]
859 1261 677 [1261, 677]
860 1339 855 [1339, 1337, 855]
861 846 1472 [846, 848, 1472]
862 1964 1584 [1964, 1963, 1967, 1969, 1583, 1582, 1584]
863 1642 1576 [1642]
864 1216 1829 [1216]
865 2372 2344 [2372, 2370, 2377, 2374, 2345, 2349, 2344]
866 1357 1947 [1357, 1355, 1353, 1949, 1947]
867 640 539 [640, 646, 649, 648, 647, 535, 533, 531, 530, 539]
868 969 2496 [969, 964, 960, 2498, 2497, 2496]
869 1412 1235 [1412, 1418, 1413, 1414, 1238, 1236, 1233, 1235]
870 1198 1781 [1198, 1195, 1192, 1199, 1785, 1784, 1783, 1781]
871 2278 2247 [2278, 2273, 2247]
872 2326 1283 [2326, 2324, 2322, 1282, 1286, 1283]
873 911 651 [911, 912, 910, 659, 658, 651]
874 1531 1167 [1531, 1535, 1166, 1167]
875 2425 1080 [2425, 2429, 2421, 2427, 1089, 1083, 1080]
876 534 2444 [534, 536, 530, 539, 531, 2449, 2447, 2446, 2445, 2444]
877 1270 1172 [1270, 1278, 1277, 1273, 1170, 1173, 1175, 1172]
878 1374 1671 [1374, 1379, 1376, 1375, 1370, 1675, 1672, 1670, 1673, 1671]
879 1168 1253 [1168, 1163, 1169, 1165, 1164, 1251, 1252, 1259, 1253]
880 1773 2149 [1773, 1777, 1778, 1775, 2144, 2142, 2148, 2149]
881 903 546 [903, 902, 908, 907, 905, 549, 542, 547, 546]
882 1158 2147 [1158, 1156, 1157, 1155, 1150, 2143, 2145, 2149, 2146, 2147]
883 2498 856 [2498, 2491, 2493, 2494, 854, 852, 856]
884 1879 1086 [1879, 1876, 1877, 1878, 1874, 1089, 1084, 1083, 1086]
885 2198 629 [2198, 2194, 2199, 2196, 2192, 623, 624, 625, 629]
886 635 501 [635, 638, 637, 502, 500, 501]
887 1039 503 [1039, 1033, 1035, 506, 503]
888 1274 2162 [1274, 1270, 1278, 1271, 1277, 2161, 2160, 2165, 2162]
889 2068 2473 [2068, 2067, 2062, 2063, 2476, 2472, 2470, 2473]
890 2367 1155 [2367, 2368, 2364, 1159, 1156, 1155]
891 925 2366 [925]
892 1476 1929 [1476]
893 2211 537 [2211, 2219, 537]
894 2153 2148 [2153, 2148]
895 1048 1190 [1048, 1190]
896 756 1512 [756, 751, 1518, 1512]
897 1397 962 [1397, 1396, 1398, 963, 962]
898 1775 798 [1775, 1776, 1774, 1779, 795, 792, 794, 798]
899 2199 815 [2199, 2197, 815]
900 1509 756 [1509, 1501, 1508, 1507, 1502, 758, 751, 752, 756]
901 791 775 [791, 794, 777, 775]
902 1920 555 [1920, 1926, 1927, 552, 559, 555]
903 1012 2173 [1012, 1010, 1011, 1018, 2177, 2171, 2173]
904 1956 1782 [1956, 1955, 1958, 1954, 1950, 1789, 1788, 1787, 1786, 1782]
905 588 2040 [588, 586, 2047, 2040]
906 1568 1836 [1568, 1562, 1836]
907 2186 1425 [2186, 2183, 1426, 1425]
908 1909 2487 [1909]
909 738 789 [738, 735, 789]
910 1698 1873 [1698]
911 1134 2445 [1134, 1132, 1133, 2448, 2445]
912 673 1246 [673, 679, 1246]
913 527 665 [527]
914 2160 2061 [2160, 2061]
915 1932 2309 [1932]
916 1343 1304 [1343, 1341, 1346, 1300, 1309, 1304]
917 1858 1191 [1858]
918 1571 1571 [1571, 1577, 1576, 1579, 1573, 1570, 1575, 1578]
919 2209 1574 [2209, 1574]
920 1876 1719 [1876, 1875, 1877, 1878, 1872, 1716, 1712, 1715, 1714, 1719]
921 813 969 [813]
922 1230 2076 [1230, 1237, 1239, 1235, 1233, 2070, 2072, 2079, 2073, 2076]
923 664 961 [664, 961]
924 1570 1760 [1570, 1760]
925 1159 2492 [1159, 1157, 1154, 2497, 2499, 2492]
926 2446 1760 [2446]
927 1669 2267 [1669, 1665, 1666, 1662, 1664, 2262, 2268, 2261, 2264, 2267]
928 1023 2022 [1023, 1024, 1027, 2024, 2023, 2022]
929 937 2443 [937, 930, 933, 939, 2449, 2440, 2442, 2443]
930 543 1614 [543]
931 1096 1598 [1096, 1099, 1097, 1094, 1095, 1593, 1590, 1591, 1599, 1598]
932 1977 2430 [1977, 1975, 1974, 1970, 2439, 2437, 2430]
933 527 1987 [527, 525, 524, 526, 1983, 1985, 1987]
934 1202 883 [1202, 1204, 882, 883]
935 998 1864 [998, 996, 997, 1861, 1866, 1864]
936 2356 1510 [2356, 2357, 2358, 1519, 1514, 1510]
937 2495 1553 [2495]
938 1456 582 [1456, 582]
939 2071 1608 [2071, 2073, 2079, 2072, 1605, 1602, 1608]
940 1479 2485 [1479, 1470, 1473, 1477, 2488, 2486, 2485]
941 900 1775 [900, 1775]
942 2442 1704 [2442, 2448, 1707, 1704]
943 1845 1514 [1845, 1844, 1849, 1519, 1512, 1514]
944 1174 1843 [1174, 1177, 1843]
945 860 1108 [860]
946 1207 2177 [1207, 1201, 1209, 1206, 2178, 2170, 2171, 2177]
947 2052 1970 [2052, 2054, 2050, 2053, 2058, 1978, 1972, 1971, 1970]
948 1880 1810 [1880]
949 945 1515 [945, 1515]
950 1088 812 [1088, 1083, 1085, 814, 812]
951 2245 655 [2245, 2243, 2241, 2240, 2249, 659, 653, 658, 654, 655]
952 1747 729 [1747, 1740, 725, 729]
953 906 1852 [906, 901, 1852]
954 1385 535 [1385, 1383, 533, 535]
955 1445 1466 [1445, 1444, 1446, 1448, 1469, 1464, 1466]
956 2150 1722 [2150, 2159, 2158, 1721, 1722]
957 904 1314 [904, 902, 905, 908, 1317, 1315, 1314]
958 1526 1707 [1526, 1527, 1529, 1520, 1522, 1705, 1706, 1708, 1702, 1707]
959 1385 1189 [1385, 1387, 1388, 1187, 1186, 1189]
960 1853 2030 [1853]
961 2151 1668 [2151, 2154, 2156, 2150, 2158, 1665, 1663, 1667, 1668]
962 2139 2277 [2139, 2277]
963 1564 1174 [1564, 1563, 1562, 1176, 1174]
964 1168 1215 [1168, 1160, 1215]
965 1623 2327 [1623, 1626, 1629, 2323, 2328, 2327]
966 1631 527 [1631, 1633, 1637, 1635, 1639, 529, 522, 528, 521, 527]
967 1905 1672 [1905, 1672]
968 2359 2375 [2359, 2357, 2355, 2379, 2375]
969 1943 1900 [1943, 1948, 1944, 1909, 1908, 1900]
970 1901 1595 [1901, 1904, 1595]
971 1910 1966 [1910, 1912, 1916, 1963, 1966]
972 594 2189 [594, 595, 591, 596, 2184, 2186, 2189]
973 2443 2396 [2443, 2447, 2444, 2448, 2440, 2391, 2392, 2394, 2396]
974 1892 1910 [1892]
975 2262 1642 [2262, 2261, 1642]
976 903 553 [903, 907, 905, 902, 556, 557, 553]
977 1572 1965 [1572, 1578, 1965]
978 2349 2064 [2349, 2343, 2346, 2067, 2065, 2064]
979 620 1039 [620, 629, 624, 1031, 1039]
980 1493 2152 [1493, 1492, 1491, 1494, 2153, 2154, 2159, 2152]
981 1772 1803 [1772, 1778, 1777, 1804, 1803]
982 1850 639 [1850, 1855, 1859, 1854, 1856, 633, 634, 631, 639]
983 646 2138 [646, 649, 648, 647, 2136, 2134, 2138]
984 615 929 [615, 929]
985 1932 2001 [1932, 1930, 1933, 1936, 2007, 2002, 2001]
986 2192 2267 [2192, 2191, 2195, 2263, 2264, 2267]
987 1966 1349 [1966]
988 887 2328 [887, 886, 2328]
989 610 991 [610, 616, 612, 992, 991]
990 2095 1118 [2095, 2097, 2094, 2091, 1115, 1112, 1119, 1118]
991 625 862 [625, 862]
992 628 819 [628, 623, 819]
993 815 1624 [815, 814, 816, 1629, 1624]
994 2036 946 [2036, 2039, 2032, 2034, 944, 942, 947, 946]
995 559 1744 [559, 550, 554, 558, 551, 1742, 1746, 1741, 1749, 1744]
996 1755 1708 [1755, 1753, 1702, 1708]
997 1201 2327 [1201, 1202, 1204, 2323, 2327]
998 1191 2419 [1191, 1194, 1192, 2417, 2419]
999 612 504 [612, 614, 619, 506, 505, 504]
