1670 566 16.64 55.12 4 [29, 52, 31, 17]
1838 2160 11.72 36.13 6 [4, 15, 47, 23, 2, 26]
2261 784 23.17 58.54 5 [52, 43, 16, 29, 11]
1904 1120 26.8 41.05 4 [28, 39, 24, 2]
1693 508 12.77 22.72 5 [34, 23, 49, 57, 15]
1143 1865 20.62 56.59 2 [41, 37]
1164 2228 18.84 82.33 7 [15, 2, 58, 31, 19, 52, 38]
1847 647 20.0 88.41 3 [24, 36, 23]
2369 1731 11.59 56.26 2 [28, 10]
2153 891 16.76 44.51 4 [43, 17, 9, 39]
1568 865 61.7 127.6 5 [10, 42, 41, 52, 11]
2092 860 18.13 43.32 7 [14, 0, 34, 45, 2, 21, 20]
996 663 13.18 34.51 3 [24, 58, 55]
1515 1879 76.58 302.15 5 [33, 30, 38, 31, 4]
840 1502 27.73 127.32 3 [26, 34, 37]
1215 1603 15.62 59.47 9 [28, 6, 26, 53, 2, 0, 59, 34, 4]
603 1216 10.93 15.68 8 [53, 51, 31, 8, 29, 27, 49, 32]
2389 1415 14.66 29.84 8 [27, 21, 41, 33, 56, 9, 47, 15]
1161 1767 10.31 18.37 10 [36, 53, 40, 30, 1, 51, 7, 18, 27, 15]
1970 1092 73.58 87.19 9 [49, 6, 52, 18, 10, 42, 30, 9, 23]
1718 1320 98.88 174.81 6 [11, 5, 37, 12, 27, 13]
696 1901 72.9 208.12 9 [46, 27, 28, 42, 47, 35, 13, 17, 38]
1246 737 24.53 86.05 4 [27, 39, 26, 55]
1282 2284 45.72 82.25 7 [51, 5, 52, 3, 22, 16, 23]
1435 1368 36.51 128.36 5 [29, 44, 18, 32, 31]
1539 2359 13.21 36.54 6 [22, 46, 17, 30, 28, 54]
1476 1702 18.12 68.1 6 [51, 46, 25, 50, 10, 38]
1351 1975 21.28 71.97 5 [1, 37, 20, 41, 4]
2016 1312 23.55 50.15 3 [15, 10, 19]
695 1638 41.42 196.47 4 [36, 47, 4, 26]
892 1666 21.62 59.63 10 [1, 25, 12, 21, 54, 36, 57, 33, 51, 55]
2064 2078 14.33 17.06 10 [3, 2, 36, 23, 55, 25, 20, 38, 40, 10]
2082 823 11.2 46.57 6 [10, 1, 46, 34, 32, 51]
1215 680 15.85 52.48 6 [3, 9, 55, 28, 45, 30]
1748 1424 32.08 158.6 3 [22, 52, 27]
2184 2189 14.66 47.42 8 [24, 12, 6, 27, 41, 9, 2, 11]
1810 1798 12.11 32.89 6 [35, 24, 3, 38, 57, 10]
1136 2458 10.47 17.88 10 [23, 53, 11, 19, 54, 2, 25, 38, 48, 27]
659 1207 36.53 108.38 3 [25, 51, 48]
2472 1458 14.36 16.5 3 [37, 45, 26]
813 1551 25.43 96.3 2 [25, 52]
742 981 11.08 43.07 5 [46, 18, 34, 41, 54]
2325 702 14.7 68.06 10 [30, 38, 15, 34, 18, 0, 42, 10, 43, 24]
1920 968 10.97 38.92 8 [6, 36, 57, 25, 37, 13, 18, 22]
642 2484 70.1 244.64 9 [33, 1, 4, 25, 51, 2, 58, 41, 27]
1193 2207 97.82 382.28 6 [20, 40, 30, 50, 10, 1]
921 760 13.64 58.41 4 [57, 15, 24, 39]
1616 1697 22.77 102.36 1 [8]
511 752 10.26 12.52 3 [7, 44, 24]
638 529 26.81 105.99 3 [39, 26, 57]
597 1629 11.84 45.12 10 [29, 59, 21, 11, 2, 25, 40, 58, 31, 45]
1960 1246 27.1 42.17 5 [11, 5, 29, 0, 9]
1069 660 88.97 198.74 2 [34, 7]
1089 1944 24.0 56.13 1 [36]
1031 1800 19.4 87.33 3 [45, 3, 40]
615 1746 10.58 19.51 1 [13]
800 1126 59.89 261.59 3 [54, 1, 23]
1557 1870 30.81 89.69 8 [54, 29, 11, 40, 9, 1, 25, 38]
815 1424 26.41 100.4 3 [21, 32, 42]
1461 816 10.41 34.99 3 [30, 44, 17]
933 1513 19.48 70.42 10 [49, 54, 35, 24, 9, 41, 20, 47, 53, 8]
613 1437 10.51 24.57 9 [33, 3, 24, 39, 49, 50, 5, 44, 46]
573 761 10.31 10.72 6 [27, 14, 42, 30, 53, 36]
2377 1855 32.13 43.77 2 [23, 51]
1433 1376 14.04 56.12 7 [34, 44, 59, 12, 43, 47, 15]
1973 819 52.42 98.17 9 [38, 31, 43, 53, 52, 42, 24, 50, 12]
639 1596 32.82 53.16 10 [37, 34, 8, 4, 42, 25, 29, 5, 13, 0]
1430 866 26.96 66.53 4 [15, 21, 19, 37]
1030 817 10.57 28.2 6 [0, 20, 43, 18, 32, 49]
1930 2295 22.41 58.85 5 [29, 10, 55, 52, 7]
2325 2217 16.36 81.19 2 [29, 10]
2296 2123 10.72 26.95 2 [0, 33]
2193 1983 20.7 67.94 2 [26, 7]
2042 1333 56.41 240.36 7 [57, 1, 28, 29, 40, 36, 45]
1509 1924 16.4 53.26 3 [28, 10, 14]
1467 1523 21.65 56.6 9 [58, 28, 38, 48, 1, 32, 34, 23, 40]
1943 2170 17.63 30.58 4 [23, 38, 10, 33]
2096 2204 10.25 33.42 1 [3]
836 1360 13.97 56.87 1 [10]
1456 1143 10.41 20.62 1 [9]
1891 1502 17.34 41.75 7 [40, 43, 22, 16, 1, 9, 56]
585 788 26.23 95.95 4 [7, 32, 45, 59]
1469 2091 37.47 90.0 9 [27, 49, 55, 44, 21, 38, 52, 18, 59]
615 719 18.19 70.78 6 [31, 46, 27, 30, 22, 4]
823 1689 12.12 48.85 5 [12, 0, 46, 37, 27]
1983 2070 10.4 40.9 3 [50, 30, 23]
1306 745 15.65 65.14 4 [57, 36, 54, 4]
1506 2175 66.82 213.77 5 [31, 5, 49, 47, 58]
1848 1755 29.48 58.36 3 [10, 28, 25]
2330 1940 21.09 78.97 4 [27, 26, 12, 14]
1981 1939 56.84 138.8 3 [48, 59, 51]
906 2142 21.57 94.97 1 [46]
1901 1570 30.02 52.4 2 [46, 25]
1807 1899 20.29 69.33 4 [50, 57, 44, 45]
2344 1663 64.5 149.03 8 [56, 58, 37, 40, 11, 51, 54, 30]
996 1268 15.9 48.22 7 [38, 33, 46, 5, 15, 3, 6]
1983 633 13.32 28.1 6 [48, 18, 34, 23, 52, 8]
1218 2078 74.41 264.36 3 [44, 4, 59]
528 2044 37.99 136.28 7 [39, 59, 1, 10, 38, 8, 26]
995 1474 17.55 29.61 6 [41, 42, 17, 49, 9, 40]
2275 2314 10.55 40.22 9 [57, 2, 42, 3, 58, 28, 33, 26, 35]
1596 1135 34.37 113.69 6 [18, 37, 8, 29, 46, 21]
1230 642 71.41 272.85 5 [41, 22, 44, 35, 6]
2429 1017 24.5 55.19 7 [25, 10, 17, 7, 9, 35, 39]
846 2234 10.03 40.5 6 [27, 56, 17, 10, 20, 12]
1895 1809 27.42 32.9 10 [10, 36, 34, 35, 9, 3, 58, 18, 22, 29]
2054 1247 13.97 68.59 2 [12, 41]
2486 2145 14.89 19.06 2 [47, 36]
1004 1406 40.04 149.04 10 [39, 17, 35, 43, 18, 3, 32, 27, 42, 46]
1193 1457 23.0 28.14 6 [30, 31, 18, 53, 34, 58]
2404 502 15.29 69.86 10 [41, 30, 11, 52, 56, 55, 50, 14, 24, 27]
1157 1892 13.38 31.58 2 [6, 54]
1026 1393 12.75 40.57 3 [49, 56, 55]
508 1528 20.8 74.1 6 [36, 12, 57, 37, 46, 44]
750 840 14.1 33.35 8 [12, 28, 3, 38, 49, 30, 36, 8]
535 2260 20.99 63.7 9 [37, 6, 9, 31, 40, 51, 47, 19, 36]
1115 597 15.69 26.17 7 [41, 59, 54, 0, 30, 27, 26]
1744 1664 24.84 88.33 1 [55]
2397 2232 22.16 108.32 5 [25, 12, 37, 32, 38]
1956 1491 15.46 36.55 4 [23, 36, 54, 37]
574 2277 21.57 104.7 3 [0, 8, 13]
1057 999 34.3 101.42 1 [53]
1427 1257 29.75 104.3 3 [39, 36, 52]
918 1916 35.83 39.99 3 [55, 33, 50]
1738 2478 96.42 244.52 3 [30, 4, 19]
1860 2451 12.02 49.28 8 [18, 48, 56, 3, 30, 59, 2, 23]
637 660 14.85 40.25 2 [54, 43]
1640 2441 96.1 457.54 3 [8, 2, 50]
967 1875 16.39 19.67 5 [55, 50, 59, 2, 26]
2240 1255 14.46 44.22 10 [57, 39, 18, 24, 16, 56, 0, 35, 34, 53]
1453 965 20.93 52.44 9 [44, 22, 53, 17, 42, 34, 2, 3, 20]
1694 2306 26.85 60.21 3 [10, 22, 58]
1513 692 34.3 64.7 1 [40]
1125 2366 83.04 85.45 9 [18, 7, 47, 57, 45, 23, 3, 8, 36]
2296 2268 10.28 19.64 9 [1, 38, 19, 34, 43, 24, 42, 45, 56]
1801 2182 63.95 223.77 8 [54, 20, 46, 0, 59, 42, 8, 18]
2483 2464 12.12 58.56 9 [57, 18, 26, 44, 6, 28, 9, 14, 24]
1596 1175 27.66 60.89 10 [43, 27, 1, 51, 4, 14, 24, 49, 44, 13]
824 601 15.07 21.57 3 [47, 58, 42]
2230 1727 26.81 33.1 2 [1, 26]
980 1939 10.66 39.25 8 [16, 7, 1, 34, 6, 54, 51, 12]
1666 2130 24.3 107.21 7 [41, 16, 4, 20, 38, 7, 19]
1962 978 12.84 55.88 8 [42, 50, 20, 48, 18, 12, 27, 3]
1389 759 16.8 33.87 6 [57, 9, 36, 46, 49, 51]
2153 1085 26.98 131.53 9 [35, 25, 56, 13, 31, 58, 45, 6, 16]
601 827 15.75 58.62 2 [9, 33]
1985 958 13.38 19.34 1 [44]
1359 1316 26.36 100.44 2 [58, 8]
1368 1127 10.47 19.77 7 [20, 18, 28, 39, 34, 27, 52]
540 2452 23.43 110.45 4 [4, 2, 39, 9]
2426 1746 13.34 30.45 5 [33, 38, 59, 22, 41]
2238 601 27.88 88.67 10 [13, 25, 16, 31, 27, 36, 58, 43, 28, 22]
1349 1163 21.15 40.33 9 [25, 2, 1, 48, 44, 31, 29, 10, 58]
1418 2045 12.86 37.33 3 [4, 15, 44]
1822 1950 26.39 37.5 3 [34, 13, 38]
1260 1750 47.92 78.72 1 [33]
1459 995 11.48 42.33 2 [49, 41]
999 1514 11.01 18.62 3 [8, 39, 15]
658 1449 10.38 43.74 2 [4, 52]
1933 2069 65.01 80.79 8 [53, 28, 4, 38, 56, 37, 13, 47]
2065 2275 38.45 69.29 10 [58, 55, 45, 42, 23, 10, 33, 17, 20, 12]
1526 1605 12.37 33.94 9 [28, 52, 29, 37, 34, 47, 19, 42, 59]
2070 501 14.68 30.04 5 [6, 39, 26, 19, 27]
658 1109 11.74 47.96 3 [55, 7, 4]
1269 1796 13.29 26.07 1 [21]
2204 1020 37.57 97.44 2 [46, 45]
1038 1984 32.96 78.08 7 [15, 41, 0, 47, 18, 14, 19]
995 536 12.33 57.99 4 [0, 7, 16, 30]
729 2348 45.73 224.02 2 [37, 42]
2477 1631 30.39 79.4 6 [6, 25, 26, 27, 54, 48]
1362 1710 41.07 179.8 1 [46]
1231 1182 10.02 34.11 2 [27, 34]
1676 1548 10.47 28.8 8 [36, 10, 57, 24, 51, 4, 16, 7]
786 1932 31.63 65.42 5 [55, 38, 34, 50, 15]
1868 694 16.72 75.95 4 [24, 59, 4, 39]
1387 740 11.24 33.16 6 [50, 9, 36, 2, 1, 33]
1914 1483 25.34 117.69 5 [9, 8, 25, 19, 50]
624 2232 21.61 92.43 10 [29, 34, 45, 23, 30, 0, 36, 18, 9, 32]
2180 2236 43.71 90.45 10 [13, 32, 50, 39, 8, 4, 12, 5, 30, 21]
1159 2050 16.91 25.18 3 [45, 6, 43]
1603 568 49.23 179.35 10 [16, 5, 23, 38, 56, 46, 19, 36, 57, 8]
2081 1439 10.84 38.85 5 [46, 16, 29, 51, 27]
2184 2113 10.64 14.54 6 [31, 28, 22, 25, 55, 41]
820 1263 24.32 103.35 1 [52]
2165 2229 12.51 31.56 1 [36]
699 602 30.79 143.84 6 [31, 26, 54, 45, 0, 29]
1362 520 10.76 22.86 7 [1, 47, 48, 14, 44, 27, 54]
883 1568 22.41 25.31 9 [12, 50, 55, 21, 52, 26, 46, 25, 41]
2472 1611 17.89 54.98 2 [6, 2]
959 2221 21.94 22.01 1 [48]
1343 1148 21.57 45.2 8 [58, 39, 42, 32, 21, 36, 49, 4]
2044 2252 20.03 45.45 8 [28, 27, 24, 39, 59, 15, 51, 29]
1896 1070 69.04 111.13 3 [1, 46, 44]
1223 999 10.39 50.97 10 [59, 5, 40, 25, 6, 28, 11, 38, 2, 52]
2024 1500 50.44 69.51 9 [50, 42, 10, 15, 43, 24, 21, 4, 47]
2053 1619 16.43 29.84 8 [24, 57, 38, 58, 32, 22, 29, 55]
2284 2250 16.75 56.31 6 [31, 54, 39, 53, 21, 55]
1624 1218 24.86 46.52 5 [59, 53, 8, 58, 57]
658 1137 14.34 39.4 8 [24, 32, 33, 35, 4, 26, 31, 15]
2042 820 20.43 72.51 3 [15, 26, 43]
1937 1319 33.84 151.65 5 [9, 28, 19, 26, 49]
1711 2377 10.46 38.49 7 [4, 51, 42, 45, 5, 1, 25]
2495 1384 20.55 35.78 1 [43]
1284 1552 11.81 55.06 3 [56, 44, 20]
1402 1725 18.21 65.45 7 [23, 30, 33, 56, 29, 55, 47]
580 1005 19.87 55.2 3 [39, 12, 30]
2295 1412 11.96 26.21 8 [17, 40, 53, 31, 19, 10, 52, 59]
613 1357 14.23 31.79 2 [28, 7]
2146 2064 49.52 97.2 4 [34, 4, 35, 29]
2469 723 28.18 50.39 5 [8, 35, 51, 17, 48]
2199 634 12.15 46.52 6 [58, 50, 19, 33, 26, 13]
1109 594 16.53 68.58 9 [41, 51, 36, 13, 25, 46, 59, 1, 39]
2428 2417 42.97 74.87 6 [17, 32, 57, 42, 52, 53]
575 690 19.13 50.4 1 [2]
2489 625 10.83 25.21 5 [30, 34, 36, 52, 4]
1048 1354 15.84 65.79 9 [34, 11, 8, 51, 44, 37, 10, 40, 53]
1661 2090 81.92 401.91 7 [46, 53, 6, 31, 55, 20, 19]
689 1680 23.24 81.45 4 [57, 23, 59, 20]
2019 2369 60.23 197.43 10 [4, 15, 7, 36, 38, 33, 32, 23, 51, 53]
1917 1504 10.11 46.79 8 [44, 15, 42, 38, 58, 27, 56, 22]
963 1285 23.49 71.62 9 [24, 29, 57, 3, 41, 34, 30, 36, 39]
1912 1451 22.18 44.39 2 [55, 50]
1564 2246 54.7 218.08 7 [49, 30, 58, 28, 48, 44, 27]
549 2459 12.94 53.07 4 [27, 7, 26, 38]
1559 2131 24.62 93.26 6 [52, 54, 43, 22, 28, 3]
1132 728 15.96 67.96 5 [39, 14, 30, 12, 22]
843 831 10.13 34.76 4 [50, 29, 20, 57]
1177 1818 13.42 18.91 6 [17, 29, 44, 18, 20, 59]
1349 568 15.89 45.42 10 [39, 42, 10, 19, 16, 25, 41, 0, 48, 18]
1125 553 29.36 94.72 8 [33, 5, 24, 21, 48, 38, 57, 52]
2499 1064 15.03 71.62 1 [55]
1283 1922 17.25 51.75 3 [10, 46, 47]
809 1466 11.5 52.94 8 [14, 56, 50, 22, 7, 5, 35, 2]
2484 2043 26.48 47.45 5 [40, 36, 25, 30, 5]
2456 868 24.72 104.54 7 [28, 16, 54, 21, 11, 36, 23]
2064 2042 13.86 19.66 3 [35, 58, 27]
2347 1103 13.98 47.04 6 [41, 12, 11, 30, 3, 28]
1542 1690 33.04 100.34 3 [52, 45, 42]
1968 2401 49.37 120.12 1 [25]
1468 856 25.06 52.87 3 [18, 3, 5]
2051 2423 45.11 52.32 10 [21, 10, 46, 40, 17, 49, 59, 2, 5, 26]
1917 1240 40.28 108.23 10 [35, 44, 45, 33, 43, 16, 11, 46, 34, 8]
2006 1262 14.34 48.83 5 [47, 44, 53, 30, 6]
2050 2063 25.02 118.17 6 [38, 46, 44, 36, 18, 31]
1392 1062 10.16 21.65 7 [50, 36, 47, 55, 21, 59, 53]
1696 1846 34.79 45.35 7 [21, 10, 45, 3, 12, 43, 39]
916 1167 33.95 78.49 7 [56, 23, 28, 49, 38, 7, 4]
2122 743 36.33 88.91 4 [41, 35, 54, 49]
1716 1531 19.03 20.54 3 [33, 21, 27]
1687 1998 13.68 65.73 5 [6, 29, 52, 10, 23]
701 1232 30.1 77.92 5 [20, 57, 49, 45, 34]
942 2371 10.13 36.36 10 [44, 11, 15, 6, 20, 37, 28, 49, 27, 1]
1513 1051 29.69 93.14 9 [39, 43, 35, 33, 21, 57, 44, 50, 16]
935 2492 16.31 52.49 2 [42, 50]
2388 920 10.35 15.73 8 [35, 7, 5, 37, 18, 29, 47, 52]
2098 1458 11.88 13.49 3 [0, 14, 15]
539 1695 25.06 107.99 10 [25, 33, 23, 45, 32, 0, 44, 4, 50, 16]
1736 999 50.8 124.15 3 [42, 15, 45]
1438 2075 16.14 56.97 1 [54]
2411 1819 53.16 215.13 9 [58, 44, 43, 34, 3, 4, 32, 21, 25]
1450 954 13.55 61.97 9 [49, 29, 5, 8, 16, 2, 54, 1, 44]
604 2103 26.8 74.14 9 [31, 57, 39, 12, 36, 4, 53, 25, 9]
1994 815 13.93 46.9 2 [31, 6]
2438 2423 26.2 75.05 1 [10]
2048 1525 20.08 94.48 3 [31, 14, 42]
1741 1017 17.63 71.39 4 [16, 23, 34, 46]
964 2265 15.16 20.22 3 [14, 31, 39]
551 1348 12.47 52.8 7 [41, 10, 5, 26, 14, 25, 57]
2196 1009 12.22 35.05 1 [32]
2173 1542 45.21 204.13 3 [6, 59, 46]
1516 913 43.48 73.41 9 [51, 17, 46, 59, 7, 11, 33, 19, 39]
1686 1222 18.88 77.57 1 [57]
1735 942 11.46 49.72 9 [16, 14, 25, 55, 26, 30, 39, 41, 44]
1162 784 52.42 127.77 6 [58, 52, 3, 0, 48, 38]
961 745 10.38 36.24 4 [56, 24, 31, 18]
1560 1364 10.17 44.85 4 [28, 5, 13, 3]
1939 1052 52.01 64.17 8 [29, 50, 12, 57, 58, 46, 56, 0]
632 880 18.38 81.59 9 [19, 17, 50, 4, 15, 3, 8, 0, 6]
1996 1275 18.72 47.12 5 [36, 35, 4, 5, 13]
730 1302 80.97 249.78 6 [36, 3, 22, 33, 44, 24]
1391 1410 12.08 18.7 4 [38, 45, 8, 52]
1812 1766 43.3 183.11 8 [21, 33, 38, 23, 4, 0, 26, 30]
1795 1343 28.64 89.86 4 [35, 41, 3, 54]
1584 502 13.9 67.05 6 [36, 29, 56, 7, 27, 51]
1297 623 23.12 95.35 7 [10, 0, 8, 53, 36, 13, 19]
2214 849 16.76 64.84 6 [4, 34, 31, 20, 55, 23]
1757 909 10.94 53.57 8 [28, 38, 11, 25, 17, 58, 34, 56]
1930 2454 13.01 63.68 5 [20, 41, 6, 7, 15]
1524 1853 12.38 20.9 3 [10, 5, 28]
2331 1168 31.67 94.7 8 [28, 38, 8, 46, 23, 57, 36, 1]
1407 1552 18.39 67.01 5 [47, 27, 18, 53, 38]
2018 1772 56.63 118.04 9 [56, 34, 47, 2, 44, 38, 0, 10, 17]
1850 2023 10.37 16.1 2 [6, 19]
2109 903 12.13 58.43 6 [15, 34, 25, 38, 53, 42]
2296 922 36.81 102.56 6 [57, 58, 15, 3, 47, 27]
1437 765 31.89 75.51 3 [43, 11, 39]
1426 2339 21.41 89.79 2 [59, 23]
810 1050 13.96 21.49 10 [59, 32, 27, 35, 31, 17, 55, 42, 24, 23]
1585 2288 79.6 322.7 2 [44, 49]
540 2359 12.78 25.61 2 [59, 17]
1739 1027 59.58 84.62 2 [56, 12]
2451 872 25.66 99.91 7 [4, 20, 11, 45, 50, 58, 49]
2232 1699 21.11 39.93 6 [25, 32, 21, 15, 49, 33]
1798 840 13.39 66.7 5 [5, 23, 0, 32, 50]
2223 1425 39.4 149.92 9 [49, 22, 26, 15, 55, 19, 16, 35, 10]
581 1178 37.32 157.94 5 [52, 29, 4, 37, 11]
1490 1328 18.04 66.53 4 [31, 32, 8, 59]
1983 1768 10.06 16.44 5 [41, 44, 56, 36, 52]
2059 1043 10.21 39.51 10 [20, 27, 2, 0, 4, 14, 21, 58, 10, 40]
898 614 63.26 75.94 1 [52]
2225 1342 14.81 15.38 9 [29, 21, 23, 7, 8, 41, 18, 52, 48]
1311 1297 32.93 97.8 3 [47, 11, 56]
728 1061 19.34 56.78 4 [8, 48, 26, 25]
999 542 11.06 19.33 2 [15, 44]
1581 2397 26.06 111.98 9 [3, 21, 30, 42, 2, 31, 26, 12, 0]
1072 2382 12.16 55.61 9 [54, 30, 22, 31, 14, 26, 55, 5, 12]
1741 881 22.07 74.46 8 [10, 25, 2, 0, 4, 43, 58, 40]
1063 683 13.2 52.3 9 [54, 50, 44, 21, 51, 55, 12, 10, 32]
852 2371 20.42 64.53 8 [30, 42, 15, 24, 21, 41, 0, 8]
1018 997 15.26 60.02 3 [5, 33, 6]
1307 1317 22.43 24.6 2 [45, 47]
1663 1458 15.25 39.98 3 [25, 59, 33]
590 1134 12.91 24.77 9 [38, 1, 35, 7, 30, 13, 32, 54, 21]
1672 1240 82.49 155.57 9 [5, 49, 40, 43, 7, 28, 3, 17, 51]
1042 2106 94.42 301.02 4 [27, 46, 45, 21]
624 662 11.59 28.83 3 [32, 52, 48]
1222 799 16.16 29.35 4 [19, 43, 3, 55]
751 1493 11.16 12.87 8 [26, 48, 10, 8, 2, 13, 57, 58]
761 981 28.32 114.45 9 [46, 39, 22, 56, 7, 48, 43, 42, 40]
1382 1790 13.68 56.02 3 [45, 29, 56]
1180 1796 28.68 40.96 9 [16, 14, 27, 39, 44, 36, 34, 35, 15]
1799 855 33.35 74.67 7 [37, 8, 58, 26, 55, 9, 4]
553 582 26.29 75.02 8 [57, 31, 23, 59, 53, 20, 44, 54]
1197 1972 37.3 158.9 6 [27, 26, 53, 12, 31, 56]
1975 1725 26.68 116.53 4 [18, 49, 14, 58]
1432 718 10.71 38.18 6 [36, 59, 21, 40, 49, 41]
1279 509 11.41 51.26 1 [42]
1382 788 55.9 138.27 3 [42, 53, 51]
2070 2329 12.15 55.51 4 [50, 5, 53, 58]
2071 583 18.0 20.3 8 [34, 30, 45, 31, 29, 37, 58, 18]
1510 590 36.4 113.97 9 [5, 57, 36, 43, 12, 18, 1, 0, 51]
2493 1854 16.41 55.77 9 [44, 54, 1, 48, 13, 6, 31, 46, 9]
564 1408 25.44 120.83 9 [31, 54, 17, 19, 52, 26, 51, 57, 14]
879 662 37.59 174.1 5 [36, 19, 5, 6, 28]
1635 534 32.01 61.7 9 [27, 3, 13, 20, 42, 2, 48, 35, 34]
2035 728 27.67 57.29 3 [34, 40, 42]
1231 936 37.16 127.75 5 [17, 54, 9, 32, 59]
908 1981 11.83 27.21 3 [32, 58, 37]
581 1028 50.51 202.42 3 [44, 24, 34]
700 772 19.27 24.29 5 [29, 42, 52, 13, 17]
1394 708 16.85 22.69 5 [19, 16, 48, 39, 35]
1479 1557 53.7 143.09 5 [26, 11, 30, 40, 58]
782 1880 16.3 31.48 7 [31, 40, 19, 26, 33, 43, 13]
1383 1250 19.28 66.0 8 [1, 31, 25, 35, 14, 46, 21, 55]
2466 891 32.79 150.4 5 [56, 51, 44, 38, 19]
843 2270 29.93 54.98 6 [20, 53, 38, 7, 6, 58]
933 2141 18.53 29.73 7 [1, 57, 31, 42, 15, 54, 13]
1586 1917 14.69 70.11 3 [10, 12, 51]
787 544 25.42 83.74 9 [7, 23, 44, 35, 13, 18, 30, 29, 34]
1660 1805 18.93 57.54 5 [18, 38, 59, 19, 42]
701 997 13.11 33.58 1 [51]
1686 1822 23.92 30.0 3 [56, 47, 25]
1209 560 26.38 118.82 6 [55, 11, 53, 6, 21, 20]
603 2189 11.6 52.03 5 [13, 18, 8, 38, 14]
1742 1158 37.86 50.42 10 [31, 2, 25, 21, 18, 30, 12, 29, 24, 28]
1334 1744 35.47 116.49 7 [12, 38, 45, 46, 59, 54, 15]
811 979 16.41 42.47 10 [44, 13, 30, 39, 11, 21, 42, 40, 5, 48]
1241 1184 10.93 54.61 3 [42, 36, 31]
643 2291 10.4 14.35 1 [35]
840 2092 42.04 57.74 6 [50, 23, 25, 24, 3, 29]
1597 1797 12.88 22.89 2 [35, 33]
2148 1922 21.62 50.08 7 [10, 30, 24, 0, 6, 7, 18]
1218 791 11.44 43.23 9 [48, 44, 40, 59, 32, 15, 30, 19, 56]
615 1269 13.93 28.43 6 [5, 8, 29, 52, 20, 26]
1856 1103 16.44 58.82 5 [47, 59, 32, 23, 55]
2390 2494 59.05 148.07 1 [19]
2012 2313 35.81 146.06 8 [25, 41, 49, 43, 12, 7, 46, 9]
685 2094 25.4 125.9 3 [39, 55, 51]
690 2338 23.65 94.41 8 [5, 56, 0, 10, 34, 54, 30, 17]
1049 2386 11.92 50.44 6 [37, 5, 24, 28, 9, 47]
1779 2458 10.62 40.94 7 [48, 34, 5, 7, 59, 26, 1]
679 1666 14.29 21.91 9 [15, 52, 57, 17, 10, 8, 2, 53, 27]
2062 2097 16.19 19.7 1 [0]
964 864 19.71 36.14 9 [53, 40, 49, 34, 59, 15, 6, 8, 3]
1633 1661 13.81 19.56 4 [38, 24, 20, 7]
2030 2098 18.98 63.8 9 [7, 38, 1, 49, 31, 8, 24, 13, 19]
845 2063 50.48 163.77 3 [42, 14, 0]
2216 1902 79.23 145.65 7 [54, 28, 32, 17, 12, 42, 20]
618 2154 11.29 51.48 8 [58, 22, 56, 49, 8, 19, 47, 55]
1957 893 16.81 55.11 7 [22, 18, 5, 45, 47, 31, 33]
1417 2459 76.78 128.42 2 [17, 14]
2056 1207 22.57 74.77 9 [35, 47, 4, 10, 18, 48, 1, 19, 43]
1318 2092 31.66 47.14 7 [33, 32, 40, 53, 28, 52, 20]
2101 872 29.37 33.58 7 [14, 5, 42, 34, 28, 27, 40]
836 2253 21.71 47.25 1 [29]
543 1702 18.2 61.83 1 [21]
1052 1246 33.51 145.85 5 [5, 21, 8, 36, 11]
690 914 19.55 36.77 5 [43, 20, 53, 49, 23]
523 2125 13.99 55.61 1 [47]
2476 968 40.6 178.78 4 [4, 40, 48, 57]
2018 971 12.56 37.48 7 [12, 25, 46, 20, 30, 13, 19]
2419 632 11.72 23.33 2 [54, 29]
1635 2079 22.29 45.09 6 [41, 55, 7, 29, 34, 12]
2140 2053 14.05 25.46 1 [55]
617 909 11.41 29.66 6 [7, 26, 18, 49, 46, 54]
1346 1951 24.94 52.0 10 [18, 16, 40, 39, 41, 33, 49, 19, 58, 10]
793 1960 32.45 95.49 8 [56, 27, 46, 19, 26, 8, 52, 29]
1679 2462 10.02 23.04 5 [53, 33, 44, 16, 43]
2059 638 18.41 71.39 1 [10]
1102 788 13.04 64.96 9 [5, 53, 22, 48, 32, 33, 19, 9, 34]
2007 1247 16.41 52.41 10 [46, 14, 37, 23, 47, 42, 16, 20, 7, 56]
1538 1489 69.84 341.23 8 [33, 34, 30, 19, 18, 59, 57, 16]
675 1101 12.91 23.63 5 [7, 3, 41, 40, 18]
1487 1491 19.87 62.41 4 [21, 53, 17, 23]
2238 1956 40.72 147.5 6 [19, 5, 17, 4, 10, 22]
1617 927 22.28 55.42 9 [54, 56, 22, 29, 3, 38, 44, 15, 40]
2487 2266 61.29 300.74 7 [49, 2, 26, 20, 3, 45, 23]
1151 2372 10.85 19.32 4 [45, 43, 26, 5]
1800 1084 13.91 47.66 4 [37, 38, 48, 29]
962 1700 61.77 252.33 10 [13, 29, 45, 48, 38, 19, 55, 50, 37, 34]
1680 1959 17.64 51.03 5 [11, 14, 30, 35, 26]
1007 1718 54.51 178.64 8 [25, 16, 30, 1, 0, 18, 54, 22]
1621 2021 95.29 404.59 8 [48, 37, 6, 20, 39, 8, 21, 30]
1916 826 15.35 26.31 1 [21]
2003 1234 62.17 149.94 10 [2, 19, 39, 3, 23, 46, 33, 40, 17, 18]
1479 2166 99.08 376.46 9 [8, 2, 28, 56, 29, 19, 38, 21, 3]
2193 2433 10.63 29.79 7 [2, 38, 33, 8, 26, 58, 54]
1622 1541 20.77 42.98 10 [58, 12, 41, 15, 6, 0, 9, 14, 57, 48]
2329 2373 15.62 42.56 7 [57, 58, 23, 30, 0, 59, 22]
1539 947 11.7 29.35 9 [59, 49, 46, 12, 7, 5, 6, 27, 53]
1161 1642 25.03 58.13 8 [8, 1, 50, 33, 35, 31, 11, 9]
763 1561 19.35 23.18 7 [8, 45, 7, 12, 33, 26, 13]
741 1401 19.75 61.41 7 [34, 17, 14, 58, 49, 51, 38]
1940 2140 11.26 52.2 10 [56, 3, 52, 55, 13, 28, 19, 49, 50, 43]
620 1362 41.85 88.09 6 [46, 43, 57, 2, 28, 3]
1716 2163 10.26 31.57 5 [36, 33, 41, 20, 23]
1426 1568 15.51 38.95 6 [58, 23, 30, 11, 47, 14]
1342 2096 69.33 214.68 7 [13, 17, 3, 57, 24, 44, 50]
1677 522 10.01 42.46 1 [42]
940 1937 12.97 23.63 2 [32, 30]
1417 1356 15.58 30.69 4 [50, 59, 30, 17]
644 849 10.58 37.98 6 [54, 46, 36, 32, 30, 58]
1384 1199 14.57 27.18 10 [8, 58, 54, 37, 20, 30, 43, 51, 59, 57]
1989 2236 37.36 184.92 1 [38]
1395 1392 39.03 169.48 6 [24, 16, 20, 32, 19, 58]
2029 1602 14.73 40.32 7 [46, 19, 4, 42, 12, 22, 47]
1595 1000 11.78 48.73 10 [5, 28, 6, 29, 2, 11, 49, 19, 46, 7]
1740 500 11.56 41.19 8 [2, 6, 36, 27, 35, 48, 20, 40]
645 1927 26.48 118.39 5 [38, 39, 30, 7, 22]
1064 716 33.84 57.15 5 [27, 44, 14, 12, 50]
1548 1503 10.99 34.17 2 [50, 36]
2011 2304 26.52 44.76 4 [13, 58, 54, 22]
1568 2408 19.75 54.36 6 [26, 31, 32, 29, 9, 46]
1990 1447 10.58 21.5 8 [55, 39, 18, 20, 43, 14, 56, 42]
1711 894 12.12 30.6 6 [10, 40, 13, 41, 7, 44]
1219 1664 22.72 78.38 5 [56, 29, 14, 13, 9]
2066 2302 10.85 16.29 6 [31, 26, 14, 34, 54, 41]
1068 2140 15.55 45.79 10 [59, 51, 41, 22, 18, 24, 40, 15, 30, 32]
2452 1846 11.32 20.93 7 [17, 43, 3, 58, 49, 18, 4]
2116 1372 26.81 91.6 4 [2, 9, 59, 57]
1166 1837 10.41 24.52 7 [15, 44, 9, 39, 51, 16, 20]
1307 1195 12.09 12.71 4 [55, 18, 47, 54]
2467 1079 16.54 40.71 1 [23]
2306 2352 28.47 114.78 2 [51, 41]
1439 2365 13.57 55.36 7 [58, 4, 25, 56, 39, 44, 49]
848 933 10.4 21.45 4 [24, 13, 36, 42]
1477 2129 24.19 36.26 5 [29, 42, 26, 15, 36]
1024 2018 24.3 31.2 10 [49, 18, 55, 16, 56, 31, 24, 4, 2, 34]
1224 1586 73.66 119.72 5 [18, 37, 44, 36, 16]
1611 1399 61.14 243.57 10 [52, 35, 17, 55, 5, 45, 29, 41, 39, 57]
1572 1926 85.67 157.01 1 [41]
1761 716 19.86 92.06 4 [28, 19, 51, 32]
2075 2463 10.99 48.97 7 [43, 2, 44, 14, 7, 32, 23]
1827 2451 12.39 17.33 9 [18, 2, 12, 53, 44, 43, 54, 50, 42]
1646 1007 58.61 159.33 8 [26, 4, 25, 34, 54, 19, 32, 13]
991 1888 21.37 75.1 5 [22, 37, 32, 17, 48]
2151 1616 24.55 52.85 8 [31, 12, 48, 5, 0, 18, 39, 10]
857 2406 10.01 28.8 7 [56, 30, 51, 1, 28, 16, 15]
948 2051 36.53 93.88 4 [11, 14, 6, 56]
2232 963 24.95 108.49 1 [35]
979 1698 56.4 134.91 6 [11, 17, 53, 56, 23, 43]
995 795 61.15 232.65 8 [40, 27, 1, 19, 29, 0, 59, 17]
2282 1950 32.97 87.66 9 [17, 9, 26, 42, 21, 5, 36, 29, 22]
573 1908 40.27 44.37 7 [26, 49, 43, 10, 38, 9, 57]
1843 2440 14.84 70.45 1 [48]
855 1524 14.87 31.11 7 [16, 3, 12, 11, 0, 23, 59]
1610 2157 14.96 15.61 8 [15, 38, 6, 1, 41, 2, 37, 4]
674 1496 39.18 173.77 9 [22, 15, 46, 56, 37, 13, 9, 0, 12]
2400 2098 11.15 48.74 10 [51, 18, 0, 27, 43, 14, 47, 46, 45, 8]
2329 2474 15.65 46.78 9 [13, 7, 6, 0, 3, 17, 54, 25, 27]
2415 547 10.37 33.21 6 [38, 26, 4, 31, 0, 18]
2043 852 11.66 40.59 3 [51, 17, 9]
857 1432 11.06 26.99 4 [9, 51, 16, 47]
1425 869 31.11 116.88 9 [55, 10, 57, 30, 3, 18, 52, 4, 54]
1537 670 10.21 49.0 9 [41, 32, 30, 0, 15, 22, 3, 50, 19]
669 798 10.58 18.09 2 [33, 15]
1826 2329 55.73 264.68 5 [8, 29, 49, 51, 6]
2133 1299 11.26 45.73 3 [30, 48, 44]
2387 2320 50.14 176.74 1 [22]
1369 784 21.08 82.3 6 [57, 32, 50, 40, 34, 36]
1802 2015 12.93 22.16 10 [4, 22, 1, 19, 35, 53, 32, 23, 42, 56]
899 766 13.43 31.8 1 [7]
1086 608 33.29 130.2 5 [3, 1, 23, 17, 47]
2351 2313 45.76 171.36 7 [31, 34, 25, 15, 36, 26, 41]
1003 1708 19.19 20.1 8 [21, 42, 1, 22, 6, 18, 45, 25]
2262 1849 12.51 33.31 2 [6, 12]
2015 1726 10.75 43.33 5 [8, 39, 22, 26, 9]
1490 2404 14.23 51.03 4 [41, 21, 12, 24]
1654 606 43.92 140.19 4 [32, 47, 24, 34]
1956 2406 48.45 230.79 7 [3, 38, 59, 30, 13, 17, 22]
1720 2383 16.83 19.12 5 [2, 34, 11, 1, 17]
1999 1148 21.6 106.72 6 [43, 53, 26, 59, 19, 4]
2178 1325 14.13 39.36 8 [10, 14, 34, 23, 47, 28, 29, 5]
2044 707 25.18 82.58 1 [21]
1002 1424 10.43 47.15 10 [43, 31, 40, 47, 45, 34, 55, 17, 56, 2]
1762 2231 27.44 57.07 1 [44]
1013 1171 22.32 48.07 8 [17, 51, 28, 59, 52, 18, 55, 26]
1924 2245 18.62 53.08 9 [58, 10, 21, 45, 22, 32, 47, 59, 9]
1763 2378 12.31 39.22 9 [6, 40, 1, 36, 16, 27, 20, 23, 25]
1824 786 19.43 52.73 5 [56, 41, 54, 57, 18]
1429 758 30.52 141.65 8 [57, 1, 4, 31, 18, 19, 13, 33]
1613 1571 30.52 52.7 6 [34, 51, 14, 55, 25, 46]
1587 1923 17.29 30.72 3 [18, 22, 40]
790 2109 12.05 52.29 6 [35, 30, 59, 49, 57, 32]
1678 1381 14.59 37.82 6 [23, 42, 50, 45, 53, 21]
1864 936 13.05 41.84 6 [18, 19, 7, 24, 29, 21]
1305 1912 14.47 55.51 5 [5, 21, 22, 45, 6]
729 724 15.15 18.89 8 [18, 34, 50, 56, 21, 13, 15, 24]
1493 1095 13.76 36.45 6 [39, 48, 16, 23, 1, 37]
1447 1525 10.52 41.26 3 [43, 58, 33]
1883 1256 24.62 84.86 1 [9]
1275 1702 12.83 64.09 8 [22, 36, 58, 14, 38, 1, 37, 39]
2180 702 12.04 15.42 7 [27, 0, 30, 18, 33, 38, 17]
2352 763 16.89 17.32 3 [21, 58, 54]
1915 883 22.56 23.54 3 [3, 51, 32]
2233 854 15.17 55.83 3 [2, 9, 23]
1018 899 13.74 51.84 8 [40, 46, 51, 32, 29, 54, 19, 17]
551 2193 26.25 109.97 1 [17]
2409 951 11.25 48.59 6 [54, 25, 13, 23, 48, 6]
1324 2097 23.79 98.19 5 [10, 47, 38, 59, 25]
1995 611 12.35 33.62 10 [59, 39, 18, 11, 3, 15, 21, 43, 24, 51]
524 669 16.02 70.07 4 [24, 2, 25, 30]
2049 1895 22.67 39.63 9 [58, 35, 42, 44, 10, 13, 6, 45, 11]
879 1927 44.98 72.37 1 [55]
2469 1031 11.27 14.16 10 [16, 34, 17, 3, 47, 19, 54, 59, 22, 36]
724 1960 55.63 165.97 4 [0, 43, 58, 45]
1038 1563 18.38 57.76 2 [58, 8]
2216 1971 31.34 144.82 2 [45, 30]
1564 806 12.19 52.71 9 [33, 3, 39, 36, 35, 20, 41, 31, 12]
1416 983 13.25 18.69 1 [48]
953 1098 11.21 37.66 2 [23, 33]
2452 1883 12.23 14.51 6 [13, 0, 36, 14, 30, 29]
955 2199 14.9 43.73 9 [28, 23, 27, 46, 18, 17, 11, 2, 8]
1643 1700 14.25 21.27 5 [12, 55, 29, 16, 33]
967 527 32.93 68.67 9 [7, 10, 50, 39, 49, 58, 47, 8, 41]
1002 652 93.3 291.05 8 [18, 3, 38, 4, 7, 47, 36, 49]
2379 1138 22.01 78.84 10 [53, 57, 40, 23, 21, 36, 22, 49, 47, 52]
2064 1293 11.46 46.09 8 [26, 58, 57, 11, 6, 36, 19, 3]
1961 652 25.9 113.99 3 [43, 44, 26]
1391 702 12.73 25.71 1 [19]
1943 1767 18.11 52.36 7 [5, 52, 43, 21, 46, 19, 16]
560 2028 18.99 46.21 6 [29, 8, 53, 32, 35, 44]
797 1970 21.76 48.44 4 [23, 30, 31, 1]
1207 932 19.13 36.16 4 [6, 52, 36, 30]
1222 1738 17.39 67.63 1 [46]
1030 991 37.17 91.13 1 [52]
943 641 12.24 23.02 7 [37, 54, 1, 39, 42, 24, 40]
1802 2198 30.29 145.37 3 [26, 53, 29]
2108 2397 72.09 151.75 10 [24, 53, 55, 29, 25, 32, 42, 34, 27, 45]
900 1789 16.79 24.98 1 [54]
2354 1422 11.24 12.77 6 [10, 5, 46, 25, 49, 48]
1466 1703 67.21 217.55 9 [50, 8, 35, 9, 37, 12, 40, 17, 57]
539 1101 10.44 31.41 2 [21, 38]
1907 1542 15.57 30.32 7 [0, 35, 1, 56, 41, 14, 47]
788 2416 20.66 51.75 5 [58, 33, 59, 36, 11]
2290 2383 12.13 50.55 6 [58, 45, 49, 35, 51, 46]
1475 1172 39.31 113.18 3 [24, 56, 47]
701 899 11.52 37.1 7 [21, 20, 18, 43, 1, 39, 48]
1456 1483 10.46 50.04 2 [6, 54]
548 582 13.47 35.95 4 [37, 28, 34, 40]
504 1116 30.33 66.82 9 [59, 1, 44, 8, 55, 26, 11, 31, 0]
1131 799 72.41 355.0 3 [6, 41, 40]
1087 2155 13.24 48.44 3 [33, 36, 16]
1770 868 10.71 51.69 1 [16]
544 2382 13.37 55.79 9 [17, 54, 35, 28, 32, 58, 0, 16, 36]
1220 2237 10.61 34.75 9 [33, 8, 47, 11, 29, 18, 19, 31, 56]
2206 662 11.28 44.68 7 [23, 11, 55, 10, 48, 30, 59]
1108 1935 10.05 18.09 9 [34, 54, 21, 5, 16, 45, 2, 23, 32]
950 1510 27.7 78.41 9 [7, 14, 50, 59, 26, 20, 37, 3, 12]
1193 657 11.06 21.87 9 [21, 0, 53, 24, 23, 9, 39, 25, 2]
1558 1859 11.15 24.52 7 [19, 56, 34, 47, 48, 50, 37]
1395 2200 36.48 177.17 1 [40]
730 812 31.44 94.02 6 [17, 45, 59, 14, 19, 49]
750 1120 43.1 166.71 9 [27, 35, 39, 25, 45, 10, 8, 54, 52]
1043 2275 19.76 67.6 2 [47, 18]
1509 1863 10.45 30.28 9 [17, 1, 2, 29, 49, 28, 56, 40, 39]
1023 1322 10.9 17.4 6 [1, 33, 20, 54, 2, 22]
1473 829 11.71 22.82 2 [53, 27]
1116 1978 12.97 24.25 1 [8]
1409 661 11.83 40.0 7 [11, 7, 28, 36, 35, 47, 3]
1538 2068 14.28 49.98 1 [59]
780 1057 16.73 45.47 4 [16, 58, 47, 32]
2424 766 11.13 54.54 10 [26, 39, 15, 8, 40, 48, 49, 19, 16, 53]
2245 1098 14.7 23.71 1 [47]
971 1279 17.22 40.94 3 [38, 36, 37]
2197 2132 11.62 17.35 9 [33, 2, 42, 16, 23, 19, 26, 37, 51]
2301 900 14.21 45.16 6 [5, 22, 56, 49, 3, 37]
1399 687 48.53 154.68 10 [23, 1, 51, 42, 56, 32, 22, 19, 54, 4]
1016 1559 10.66 23.17 6 [37, 16, 32, 57, 21, 26]
1789 1919 30.76 44.51 7 [23, 55, 13, 6, 34, 24, 14]
850 2119 15.88 61.97 8 [58, 34, 29, 48, 44, 30, 28, 52]
1516 2323 14.99 51.9 3 [46, 50, 24]
1032 1965 14.28 48.62 3 [15, 4, 34]
827 1795 12.28 57.37 3 [26, 41, 46]
937 2003 12.24 55.49 3 [43, 47, 22]
2129 2100 38.92 164.15 7 [52, 43, 7, 40, 53, 1, 33]
1999 1378 11.45 38.69 2 [7, 36]
1967 2354 10.64 32.9 9 [50, 51, 56, 28, 14, 13, 59, 20, 44]
685 1229 33.98 43.35 5 [28, 38, 41, 32, 9]
1588 2135 12.47 35.3 1 [18]
2203 1059 11.65 21.88 2 [15, 38]
1636 1134 26.06 128.37 9 [1, 13, 48, 12, 40, 18, 20, 9, 16]
1382 1249 11.64 21.83 8 [12, 13, 31, 51, 16, 28, 40, 17]
2217 1768 22.93 37.96 8 [1, 12, 16, 34, 51, 0, 22, 17]
2265 1296 33.71 164.97 3 [1, 9, 14]
2190 604 12.95 41.0 6 [1, 28, 39, 12, 19, 15]
2008 1961 26.32 85.7 3 [50, 48, 6]
1671 1751 12.27 32.66 8 [11, 23, 1, 33, 27, 58, 35, 34]
2409 1339 14.23 42.29 9 [50, 42, 8, 5, 18, 17, 6, 53, 47]
1065 1957 21.06 101.48 3 [43, 44, 49]
2337 1349 28.41 57.21 3 [21, 53, 7]
749 1593 15.16 57.22 7 [13, 5, 33, 44, 8, 20, 26]
1719 715 23.04 109.49 7 [22, 33, 24, 41, 31, 43, 57]
2380 2442 28.89 48.17 1 [26]
1139 1075 14.1 54.41 2 [37, 40]
1302 1138 12.33 41.06 2 [20, 7]
2196 1365 16.56 73.72 10 [0, 47, 49, 19, 22, 53, 50, 33, 29, 51]
1649 2328 10.19 43.28 9 [58, 6, 46, 21, 30, 45, 9, 15, 48]
1987 1743 33.1 61.13 2 [8, 33]
1365 723 26.99 81.61 5 [51, 29, 12, 30, 25]
1750 1756 23.69 27.57 2 [10, 55]
1743 1943 15.36 26.13 4 [37, 54, 38, 13]
1486 2362 13.16 56.32 9 [43, 38, 57, 45, 10, 1, 21, 41, 31]
757 1482 22.1 31.88 7 [0, 18, 49, 7, 24, 56, 4]
1802 2161 32.22 154.46 7 [42, 40, 34, 22, 35, 56, 7]
1937 537 89.53 117.07 8 [54, 10, 9, 51, 50, 47, 57, 34]
909 2024 10.44 31.69 8 [58, 59, 42, 46, 10, 9, 50, 21]
797 1513 59.14 273.21 9 [37, 59, 54, 40, 25, 44, 6, 0, 49]
1297 1060 30.73 118.16 2 [47, 22]
800 2413 24.54 46.12 6 [27, 7, 37, 19, 42, 47]
679 645 14.75 68.39 8 [14, 47, 0, 4, 16, 55, 20, 43]
2068 955 47.32 161.27 10 [19, 21, 56, 33, 8, 44, 37, 7, 40, 27]
832 1905 11.08 37.39 2 [31, 59]
1867 1604 14.08 25.18 6 [39, 58, 42, 53, 57, 6]
1936 2358 13.2 45.39 8 [30, 18, 8, 55, 3, 13, 29, 47]
1603 919 45.57 134.44 5 [3, 12, 22, 25, 16]
1844 2153 13.91 49.3 5 [9, 19, 32, 35, 14]
515 1977 29.4 112.24 10 [9, 33, 23, 0, 40, 35, 45, 34, 38, 31]
2323 522 14.88 52.25 5 [51, 5, 7, 32, 59]
1827 702 24.4 42.59 3 [56, 47, 14]
1143 1934 31.35 51.2 4 [43, 57, 46, 26]
873 1650 37.14 129.19 2 [34, 35]
2223 1024 24.22 38.65 4 [47, 38, 10, 34]
1023 1857 14.27 41.13 5 [24, 23, 35, 52, 34]
1450 1144 43.51 106.34 2 [54, 8]
2236 1845 18.42 83.41 10 [39, 22, 53, 45, 58, 14, 34, 50, 59, 30]
529 1270 18.68 47.74 6 [44, 35, 39, 58, 26, 56]
946 1356 17.12 30.12 6 [22, 54, 5, 15, 0, 40]
698 2452 19.93 46.53 9 [16, 57, 42, 2, 48, 9, 52, 18, 25]
860 2162 14.49 53.73 2 [0, 49]
2190 1836 20.85 43.11 9 [54, 16, 20, 3, 7, 55, 28, 48, 19]
1098 2192 11.69 13.97 2 [23, 38]
807 1146 12.21 45.72 7 [4, 16, 39, 20, 29, 38, 59]
1530 2100 53.55 131.24 2 [57, 26]
2418 849 31.22 155.75 4 [39, 34, 23, 4]
597 1679 16.55 80.37 6 [33, 25, 22, 34, 59, 30]
1143 1597 49.51 96.57 4 [2, 56, 44, 34]
1036 1122 19.5 91.41 2 [58, 37]
2011 1200 32.03 115.87 10 [0, 20, 24, 47, 58, 48, 27, 18, 1, 8]
2154 1927 15.5 61.38 9 [16, 42, 39, 12, 36, 59, 47, 24, 37]
2264 937 20.43 84.73 10 [46, 16, 18, 32, 10, 20, 34, 35, 14, 11]
1037 1575 22.72 34.66 3 [53, 33, 59]
2371 1805 35.75 157.45 3 [31, 7, 44]
1896 1979 25.98 66.16 4 [18, 24, 26, 23]
1192 1096 10.74 39.22 1 [27]
1996 536 15.05 64.92 4 [37, 8, 50, 55]
1599 1531 10.59 10.77 1 [54]
1471 862 13.33 54.97 9 [56, 46, 29, 25, 0, 16, 33, 3, 17]
626 1793 12.55 46.3 4 [34, 58, 25, 6]
1556 1822 13.3 48.97 10 [31, 57, 44, 12, 23, 48, 49, 9, 20, 47]
2401 1146 22.58 109.52 1 [30]
1262 1390 22.9 54.12 2 [4, 27]
847 1288 14.63 53.8 3 [43, 16, 46]
1551 1594 63.87 130.04 4 [46, 54, 49, 15]
2132 1826 16.48 66.5 4 [29, 3, 46, 25]
2317 732 41.82 172.08 3 [20, 45, 26]
2189 2496 15.31 34.68 1 [49]
1795 1601 11.6 31.63 1 [17]
803 1375 13.39 15.12 2 [47, 35]
2284 909 22.98 112.97 6 [54, 45, 31, 23, 2, 37]
2083 1574 16.78 19.61 5 [32, 19, 50, 54, 17]
761 1044 10.72 32.98 6 [28, 16, 20, 46, 41, 19]
2172 1842 10.42 20.42 4 [3, 57, 58, 50]
526 2296 10.78 25.54 2 [16, 33]
1938 1192 23.25 68.93 5 [31, 19, 35, 22, 27]
1361 1279 35.02 151.1 9 [17, 8, 10, 52, 27, 15, 2, 12, 13]
1244 1197 45.53 209.18 5 [7, 26, 57, 28, 15]
657 865 10.51 47.1 6 [1, 56, 40, 48, 32, 24]
1051 502 11.63 13.45 7 [8, 9, 16, 32, 17, 53, 29]
1041 1153 11.9 42.97 10 [35, 55, 20, 36, 3, 9, 18, 26, 42, 49]
1905 1530 17.98 73.8 2 [28, 5]
1269 1541 21.3 44.97 9 [6, 42, 49, 28, 24, 17, 59, 37, 22]
1711 2276 11.34 31.9 4 [35, 7, 56, 22]
1702 654 17.03 25.94 9 [3, 59, 19, 26, 46, 36, 6, 33, 14]
1978 764 12.28 39.36 1 [34]
2063 1490 14.08 60.95 9 [13, 59, 52, 27, 29, 46, 3, 44, 55]
839 2389 65.38 85.41 3 [55, 40, 2]
2157 967 48.11 214.25 6 [41, 57, 58, 24, 51, 30]
750 877 10.01 11.69 3 [41, 3, 15]
2136 819 51.89 64.91 9 [26, 53, 0, 49, 9, 19, 12, 7, 40]
1738 1574 10.9 13.37 1 [26]
2462 1691 20.97 88.65 3 [13, 18, 4]
2448 1327 11.34 11.57 7 [21, 40, 34, 22, 14, 8, 38]
788 1190 14.52 50.5 7 [47, 0, 52, 31, 6, 49, 29]
529 1588 10.91 27.66 6 [54, 27, 57, 1, 36, 43]
1510 950 10.74 30.31 6 [45, 33, 14, 22, 49, 0]
2234 2000 10.09 28.19 2 [6, 48]
1014 1042 14.47 69.77 4 [27, 22, 17, 1]
1274 646 58.59 152.71 9 [18, 15, 29, 26, 32, 56, 30, 19, 37]
1041 1577 13.42 59.47 6 [38, 53, 33, 55, 21, 14]
1840 521 10.25 35.16 5 [43, 40, 38, 2, 47]
2353 1146 23.26 73.44 5 [17, 25, 27, 53, 15]
2108 1762 48.55 219.24 9 [56, 50, 47, 43, 10, 58, 15, 34, 49]
1836 1415 53.66 217.72 2 [40, 7]
1869 803 10.25 37.46 10 [38, 9, 10, 40, 20, 58, 56, 25, 26, 13]
1827 1814 54.8 163.03 3 [50, 16, 4]
809 2113 10.48 34.47 5 [52, 10, 2, 17, 22]
1525 1003 40.63 199.86 2 [32, 40]
1713 710 14.26 48.03 7 [17, 12, 5, 21, 44, 32, 36]
2376 2390 14.25 21.01 3 [32, 36, 48]
2237 2370 10.75 15.35 9 [37, 24, 28, 46, 56, 57, 40, 17, 52]
862 1989 37.76 80.62 3 [50, 46, 27]
1456 1307 21.1 77.93 9 [59, 39, 5, 50, 0, 22, 20, 4, 53]
1081 2254 12.57 13.94 8 [9, 27, 14, 31, 55, 1, 50, 40]
650 1745 18.51 63.35 5 [48, 32, 35, 9, 24]
1647 770 15.32 37.45 9 [45, 49, 53, 16, 54, 7, 56, 58, 30]
1295 1228 10.14 42.25 8 [34, 3, 16, 46, 13, 2, 47, 41]
896 1648 15.11 27.07 1 [33]
1057 815 20.55 29.95 8 [48, 35, 31, 34, 11, 19, 44, 38]
1101 850 14.18 57.03 4 [30, 18, 11, 48]
1985 532 26.38 42.53 7 [11, 36, 50, 23, 22, 16, 1]
2049 2077 25.45 116.19 6 [26, 10, 57, 43, 5, 48]
950 1558 24.27 25.46 7 [58, 48, 25, 10, 50, 44, 46]
1729 1631 14.18 43.8 3 [17, 36, 54]
1152 572 10.16 12.87 1 [48]
1699 1730 25.68 80.24 10 [39, 37, 41, 56, 1, 26, 0, 22, 47, 55]
540 2234 30.07 69.65 5 [23, 47, 27, 2, 14]
1610 872 12.83 39.53 4 [29, 14, 23, 46]
741 2396 13.48 49.08 8 [6, 8, 55, 51, 47, 56, 7, 41]
1134 1134 12.17 17.17 4 [9, 32, 47, 31]
1215 591 24.18 34.69 6 [40, 25, 15, 26, 49, 47]
2379 1077 31.22 94.06 8 [46, 42, 29, 59, 56, 8, 3, 27]
1561 2279 16.27 38.72 2 [9, 59]
1679 1289 55.01 222.56 6 [38, 17, 5, 39, 4, 26]
1346 2058 10.6 47.03 6 [5, 3, 36, 50, 16, 28]
607 1400 12.69 50.01 8 [4, 31, 6, 47, 12, 32, 55, 13]
2347 1101 23.12 54.19 4 [41, 20, 26, 54]
536 2313 23.75 118.22 4 [28, 55, 53, 2]
2081 1660 14.26 61.28 2 [27, 49]
688 1419 39.92 155.12 2 [50, 22]
2138 666 14.43 43.26 8 [33, 49, 43, 36, 54, 50, 20, 26]
2121 2091 14.42 17.67 4 [19, 51, 23, 16]
858 1911 12.02 53.51 7 [6, 29, 23, 46, 10, 57, 28]
949 1523 17.78 76.09 6 [30, 11, 21, 44, 49, 6]
1214 2245 11.29 21.91 5 [9, 56, 37, 26, 59]
2432 1885 10.74 24.82 6 [13, 53, 45, 3, 42, 48]
2077 1645 36.27 152.34 6 [33, 57, 2, 32, 51, 59]
2106 1910 24.63 109.26 8 [46, 30, 43, 12, 53, 15, 17, 33]
1478 1853 19.11 41.52 10 [33, 35, 19, 16, 10, 28, 27, 8, 42, 45]
1882 2169 73.77 334.2 3 [9, 44, 1]
1886 1312 15.92 32.27 7 [13, 35, 16, 55, 30, 46, 20]
626 2450 62.64 159.31 10 [51, 5, 32, 42, 39, 33, 6, 22, 17, 50]
956 1379 11.76 39.58 9 [23, 52, 3, 53, 15, 4, 0, 22, 41]
1456 1420 23.06 111.88 3 [41, 44, 39]
2053 557 12.12 27.31 8 [43, 46, 12, 52, 4, 9, 25, 10]
1752 1847 13.45 65.67 4 [48, 30, 39, 22]
768 2185 10.12 46.06 7 [11, 20, 6, 8, 21, 15, 29]
701 1032 14.04 17.68 3 [8, 34, 12]
1687 1385 41.01 102.57 1 [35]
1564 523 26.09 110.01 3 [5, 25, 22]
1935 2265 28.82 85.74 1 [8]
1751 1982 46.97 154.04 1 [43]
1579 1596 11.84 11.92 2 [42, 51]
1823 1584 28.07 110.28 4 [42, 24, 25, 37]
2371 1399 10.82 16.09 10 [8, 27, 48, 54, 53, 39, 35, 18, 14, 13]
1403 2014 30.07 137.93 5 [24, 35, 48, 54, 44]
2028 945 36.92 149.19 1 [30]
1752 1331 15.37 64.55 5 [17, 6, 12, 58, 16]
2118 1352 15.73 19.97 1 [6]
2309 936 49.31 101.09 6 [39, 44, 2, 6, 34, 5]
583 2392 21.44 23.37 9 [34, 50, 2, 12, 14, 56, 53, 15, 24]
2020 1941 25.1 81.63 4 [37, 51, 52, 21]
601 1240 15.26 40.79 1 [2]
1363 1587 13.16 17.34 3 [38, 20, 15]
2316 696 61.05 141.79 7 [19, 49, 33, 10, 56, 15, 14]
980 671 16.95 37.75 7 [27, 54, 42, 59, 0, 57, 23]
776 781 77.8 286.41 3 [58, 6, 21]
803 792 11.53 29.76 2 [12, 39]
1263 1174 16.48 35.75 1 [16]
966 2171 22.97 70.07 6 [51, 5, 41, 18, 46, 13]
1198 2325 32.42 101.78 5 [30, 32, 29, 1, 50]
1824 1120 13.82 50.82 1 [21]
2178 813 40.82 58.76 9 [51, 47, 27, 30, 56, 45, 8, 1, 28]
642 1231 22.72 49.63 3 [59, 8, 7]
748 2350 10.13 35.43 2 [27, 4]
1158 2124 11.71 55.41 4 [5, 44, 47, 54]
1389 1048 17.63 20.9 1 [37]
2031 2204 10.05 11.6 7 [37, 54, 34, 44, 17, 5, 22]
2207 570 21.77 72.25 7 [2, 52, 26, 25, 33, 27, 55]
1227 578 11.66 56.27 8 [44, 13, 47, 30, 14, 19, 26, 22]
639 2321 11.44 38.4 6 [14, 32, 28, 54, 46, 17]
2097 1022 24.06 70.89 6 [26, 14, 42, 27, 49, 58]
1288 2143 19.65 82.06 7 [49, 42, 0, 57, 48, 3, 13]
1544 2093 58.04 165.52 7 [52, 10, 44, 55, 27, 4, 42]
1834 2193 16.53 54.35 3 [27, 37, 26]
2131 1404 40.89 174.94 4 [33, 29, 35, 13]
1984 650 20.99 28.76 6 [22, 48, 26, 18, 24, 21]
1998 860 45.4 74.38 6 [51, 20, 23, 18, 47, 41]
761 537 34.17 143.95 6 [56, 57, 22, 16, 52, 12]
1594 1020 11.31 55.43 8 [46, 9, 40, 3, 54, 15, 49, 52]
972 1950 16.96 44.14 7 [59, 11, 43, 50, 5, 42, 19]
2260 1809 27.61 84.14 4 [7, 43, 5, 12]
1922 1622 30.48 147.56 7 [30, 55, 35, 32, 36, 46, 26]
2102 1097 12.46 19.92 2 [21, 19]
1979 1761 40.87 186.52 4 [2, 57, 52, 37]
2022 2110 31.11 67.25 10 [12, 52, 51, 21, 44, 43, 27, 58, 17, 33]
1348 2004 11.68 21.69 2 [56, 49]
594 2468 17.73 68.17 10 [3, 4, 56, 41, 19, 28, 26, 9, 10, 44]
544 1925 57.54 247.73 2 [22, 6]
940 2371 10.38 14.58 5 [58, 4, 7, 19, 40]
2256 1450 17.44 47.96 5 [23, 19, 5, 38, 26]
1726 556 24.29 26.91 9 [18, 38, 35, 2, 55, 56, 41, 8, 13]
1928 2039 13.86 47.62 6 [33, 16, 19, 48, 15, 41]
1709 2410 33.0 81.02 7 [3, 55, 31, 11, 57, 35, 54]
1973 2229 14.3 23.27 6 [20, 19, 27, 21, 47, 7]
2475 1314 35.32 121.29 9 [38, 45, 11, 9, 46, 57, 17, 47, 59]
1157 2431 10.6 22.13 5 [20, 55, 58, 41, 42]
1944 1275 12.66 61.02 3 [8, 20, 41]
1952 504 17.41 47.37 5 [40, 18, 31, 35, 10]
2212 795 10.22 23.0 5 [33, 38, 9, 44, 37]
1358 1983 14.54 46.24 1 [35]
2092 799 13.52 32.41 3 [54, 33, 31]
978 1002 22.7 43.75 4 [22, 39, 8, 10]
1552 796 12.24 56.49 2 [4, 52]
1150 1804 10.91 25.23 6 [58, 16, 9, 23, 36, 40]
1347 1763 89.27 260.0 1 [20]
1371 1284 17.25 29.14 3 [38, 21, 44]
1254 740 19.54 96.57 2 [26, 45]
2412 698 42.55 62.63 7 [3, 32, 50, 34, 24, 53, 10]
1261 677 13.89 34.74 2 [6, 15]
1339 855 10.44 44.52 3 [52, 17, 34]
846 1472 27.51 51.41 3 [38, 43, 19]
1964 1584 11.83 59.05 7 [4, 32, 11, 2, 56, 19, 34]
1642 1576 13.73 51.75 1 [39]
1216 1829 10.35 38.95 1 [17]
2372 2344 16.61 44.18 7 [56, 6, 20, 35, 48, 0, 47]
1357 1947 38.62 50.24 5 [31, 17, 29, 42, 15]
640 539 12.15 25.48 10 [21, 57, 44, 34, 58, 43, 4, 48, 38, 53]
969 2496 18.3 24.76 6 [4, 59, 40, 33, 16, 8]
1412 1235 49.84 143.28 8 [0, 15, 7, 44, 28, 4, 54, 38]
1198 1781 35.13 134.26 8 [17, 40, 9, 48, 59, 44, 3, 2]
2278 2247 36.74 68.11 3 [45, 48, 42]
2326 1283 21.43 64.36 6 [56, 41, 33, 14, 31, 10]
911 651 16.57 64.02 6 [46, 27, 31, 47, 49, 51]
1531 1167 18.19 21.12 4 [27, 6, 42, 1]
2425 1080 10.83 48.24 7 [13, 34, 22, 30, 8, 48, 4]
534 2444 31.79 154.03 10 [5, 42, 27, 47, 15, 2, 24, 21, 26, 29]
1270 1172 19.25 88.01 8 [31, 44, 9, 26, 8, 52, 49, 33]
1374 1671 24.43 108.85 10 [23, 46, 4, 56, 26, 17, 51, 32, 13, 55]
1168 1253 13.05 47.81 9 [28, 22, 38, 9, 25, 4, 56, 44, 32]
1773 2149 23.02 73.51 8 [3, 35, 15, 4, 17, 24, 23, 19]
903 546 12.26 30.37 9 [51, 29, 2, 28, 53, 50, 20, 45, 8]
1158 2147 12.19 47.53 10 [5, 0, 15, 24, 59, 35, 30, 19, 11, 54]
2498 856 12.68 47.9 7 [5, 43, 40, 38, 25, 7, 57]
1879 1086 17.34 45.78 9 [39, 54, 10, 44, 56, 6, 22, 24, 42]
2198 629 11.73 12.6 9 [45, 54, 43, 37, 50, 24, 34, 19, 12]
635 501 61.4 134.07 6 [56, 0, 19, 35, 5, 16]
1039 503 10.49 42.85 5 [54, 21, 40, 39, 46]
1274 2162 12.15 21.14 9 [32, 3, 0, 31, 15, 28, 23, 43, 13]
2068 2473 70.79 112.45 8 [27, 37, 51, 19, 47, 9, 50, 13]
2367 1155 52.95 216.77 6 [18, 55, 57, 39, 56, 15]
925 2366 18.48 38.02 1 [44]
1476 1929 13.08 38.48 1 [29]
2211 537 10.52 23.81 3 [36, 21, 8]
2153 2148 76.01 158.96 2 [14, 22]
1048 1190 15.94 16.49 2 [55, 17]
756 1512 14.09 63.97 4 [40, 30, 59, 3]
1397 962 74.04 281.77 5 [19, 9, 22, 2, 13]
1775 798 14.9 41.8 8 [36, 42, 48, 13, 54, 23, 17, 46]
2199 815 21.66 33.2 3 [25, 54, 21]
1509 756 17.39 80.9 9 [41, 15, 35, 18, 40, 32, 3, 5, 23]
791 775 16.55 61.72 4 [0, 43, 48, 33]
1920 555 36.02 152.58 6 [15, 18, 3, 36, 42, 10]
1012 2173 13.72 34.84 7 [54, 3, 28, 37, 48, 2, 8]
1956 1782 12.94 33.74 10 [28, 0, 59, 5, 36, 48, 2, 3, 52, 4]
588 2040 10.98 42.36 4 [28, 27, 12, 17]
1568 1836 15.64 70.91 3 [20, 56, 12]
2186 1425 10.64 27.03 4 [1, 55, 22, 8]
1909 2487 11.81 57.61 1 [12]
738 789 12.86 35.93 3 [23, 33, 20]
1698 1873 20.83 87.45 1 [5]
1134 2445 30.3 34.63 5 [41, 47, 38, 43, 46]
673 1246 22.58 80.22 3 [16, 47, 43]
527 665 18.54 52.47 1 [22]
2160 2061 16.37 46.28 2 [44, 24]
1932 2309 10.69 17.12 1 [4]
1343 1304 15.34 20.58 6 [34, 29, 20, 58, 59, 10]
1858 1191 12.13 27.38 1 [53]
1571 1571 26.32 92.51 8 [55, 56, 7, 30, 1, 0, 12, 8]
2209 1574 11.27 33.29 2 [35, 15]
1876 1719 34.72 57.08 10 [58, 45, 42, 17, 41, 34, 36, 33, 38, 35]
813 969 18.29 39.71 1 [36]
1230 2076 12.56 13.71 10 [50, 35, 11, 24, 14, 13, 4, 32, 16, 2]
664 961 73.0 336.4 2 [9, 10]
1570 1760 13.67 40.33 2 [19, 2]
1159 2492 21.8 97.28 6 [22, 19, 10, 6, 34, 5]
2446 1760 57.77 239.29 1 [21]
1669 2267 22.19 106.18 10 [2, 7, 29, 54, 56, 25, 45, 9, 46, 1]
1023 2022 10.34 19.34 6 [29, 22, 58, 7, 20, 43]
937 2443 67.81 97.16 8 [5, 4, 14, 8, 46, 53, 48, 39]
543 1614 42.5 186.65 1 [5]
1096 1598 21.28 31.12 10 [8, 54, 28, 19, 55, 20, 9, 35, 58, 32]
1977 2430 43.43 77.6 7 [56, 50, 52, 15, 30, 45, 3]
527 1987 23.53 40.5 7 [28, 49, 58, 50, 27, 51, 34]
1202 883 29.1 37.81 4 [4, 46, 35, 40]
998 1864 14.92 34.59 6 [24, 22, 30, 10, 52, 20]
2356 1510 10.23 47.74 6 [56, 1, 5, 17, 41, 26]
2495 1553 37.01 104.16 1 [13]
1456 582 13.11 13.97 2 [34, 45]
2071 1608 16.14 49.08 7 [58, 40, 37, 24, 21, 54, 43]
1479 2485 55.2 111.15 7 [33, 53, 20, 3, 11, 27, 34]
900 1775 56.33 167.37 2 [55, 33]
2442 1704 24.08 49.53 4 [13, 36, 56, 21]
1845 1514 24.18 97.01 6 [44, 10, 36, 49, 34, 3]
1174 1843 13.72 38.52 3 [3, 22, 54]
860 1108 31.28 142.08 1 [3]
1207 2177 32.73 118.65 8 [24, 40, 51, 43, 56, 33, 6, 5]
2052 1970 48.64 217.41 9 [17, 38, 15, 23, 52, 39, 7, 11, 47]
1880 1810 26.86 46.74 1 [3]
945 1515 29.76 84.8 2 [8, 0]
1088 812 15.54 67.18 5 [39, 0, 49, 36, 35]
2245 655 12.67 60.09 10 [32, 28, 25, 12, 30, 21, 50, 44, 35, 41]
1747 729 33.03 122.36 4 [59, 45, 55, 50]
906 1852 45.21 63.54 3 [26, 8, 20]
1385 535 15.25 61.43 4 [8, 12, 13, 3]
1445 1466 13.86 31.88 7 [44, 42, 32, 17, 58, 21, 45]
2150 1722 21.43 55.48 5 [43, 58, 20, 15, 26]
904 1314 16.99 56.57 7 [31, 44, 16, 6, 58, 52, 4]
1526 1707 10.31 25.63 10 [23, 17, 43, 4, 39, 59, 33, 12, 7, 3]
1385 1189 36.25 126.36 6 [58, 40, 53, 23, 17, 1]
1853 2030 34.33 87.73 1 [26]
2151 1668 44.29 200.45 9 [9, 0, 13, 2, 26, 37, 16, 6, 54]
2139 2277 22.59 99.13 2 [37, 22]
1564 1174 11.65 41.24 5 [33, 11, 19, 48, 12]
1168 1215 31.23 103.52 3 [22, 36, 35]
1623 2327 10.08 12.15 6 [20, 6, 19, 57, 9, 1]
1631 527 26.95 94.99 10 [21, 28, 1, 34, 31, 6, 38, 59, 7, 44]
1905 1672 23.58 104.14 2 [48, 43]
2359 2375 28.67 132.43 5 [39, 54, 20, 16, 1]
1943 1900 50.93 133.39 6 [4, 18, 10, 13, 8, 2]
1901 1595 10.1 25.0 3 [32, 35, 26]
1910 1966 16.51 45.84 5 [21, 8, 6, 58, 22]
594 2189 16.79 33.37 7 [41, 25, 6, 7, 35, 26, 2]
2443 2396 28.34 84.78 9 [35, 29, 59, 32, 58, 16, 25, 46, 19]
1892 1910 13.67 17.96 1 [51]
2262 1642 28.63 96.91 3 [49, 36, 25]
903 553 31.01 52.21 7 [42, 47, 34, 59, 49, 54, 22]
1572 1965 17.32 57.11 3 [28, 38, 21]
2349 2064 10.67 45.61 6 [53, 26, 22, 49, 48, 41]
620 1039 17.4 78.53 5 [58, 56, 5, 52, 45]
1493 2152 19.41 56.42 8 [51, 50, 30, 6, 39, 18, 40, 29]
1772 1803 24.01 108.5 5 [54, 40, 56, 32, 59]
1850 639 13.91 14.83 9 [39, 3, 9, 59, 52, 51, 29, 32, 13]
646 2138 17.98 49.82 7 [14, 23, 33, 28, 29, 59, 24]
615 929 12.45 30.79 2 [0, 28]
1932 2001 12.83 13.4 7 [55, 29, 19, 49, 20, 14, 48]
2192 2267 55.01 118.1 6 [11, 7, 20, 3, 27, 52]
1966 1349 12.23 30.92 1 [53]
887 2328 46.32 114.52 3 [48, 38, 47]
610 991 51.53 163.92 5 [44, 32, 43, 49, 54]
2095 1118 16.48 80.35 8 [30, 36, 27, 57, 2, 41, 50, 6]
625 862 17.31 17.99 2 [25, 29]
628 819 26.98 115.27 3 [24, 57, 3]
815 1624 16.07 59.97 5 [56, 6, 4, 34, 7]
2036 946 22.72 104.83 8 [42, 8, 10, 47, 40, 59, 57, 48]
559 1744 26.4 114.95 10 [0, 52, 16, 43, 28, 23, 4, 48, 37, 11]
1755 1708 17.06 43.69 4 [2, 16, 13, 17]
1201 2327 10.48 47.01 5 [34, 20, 39, 47, 53]
1191 2419 19.76 34.63 5 [44, 26, 8, 53, 29]
612 504 15.36 24.48 6 [0, 27, 11, 39, 38, 35]