0 10
1 14
2 12
3 10
4 12
5 6
6 16
7 8
8 6
9 10
10 12
11 16
12 8
13 12
14 8
15 20
16 18
17 18
18 22
19 20
20 14
21 20
22 10
23 16
24 12
25 14
26 14
27 12
28 8
29 10
30 22
31 20
32 14
33 14
34 8
35 14
36 14
37 22
38 8
39 8
40 6
41 12
42 22
43 18
44 20
45 14
46 10
47 4
48 8
49 8
50 22
51 12
52 6
53 6
54 8
55 6
56 8
57 18
58 8
59 8
60 22
61 20
62 14
63 6
64 16
65 20
66 22
67 10
68 14
69 12
70 6
71 6
72 6
73 16
74 8
75 20
76 10
77 6
78 6
79 6
80 16
81 10
82 20
83 14
84 12
85 8
86 10
87 12
88 8
89 10
90 6
91 6
92 6
93 8
94 18
95 16
96 14
97 8
98 16
99 14
100 20
101 14
102 12
103 16
104 14
105 20
106 6
107 6
108 22
109 14
110 22
111 6
112 8
113 14
114 18
115 20
116 16
117 6
118 12
119 10
120 8
121 6
122 8
123 8
124 8
125 18
126 4
127 8
128 12
129 22
130 20
131 8
132 6
133 20
134 18
135 18
136 18
137 22
138 8
139 6
140 18
141 16
142 18
143 14
144 20
145 6
146 6
147 4
148 16
149 10
150 12
151 22
152 20
153 8
154 8
155 6
156 6
157 8
158 6
159 18
160 22
161 20
162 12
163 8
164 6
165 6
166 16
167 10
168 6
169 14
170 6
171 6
172 18
173 12
174 10
175 14
176 12
177 22
178 22
179 8
180 22
181 12
182 12
183 6
184 6
185 12
186 16
187 20
188 6
189 6
190 18
191 18
192 8
193 22
194 20
195 18
196 12
197 12
198 18
199 8
200 12
201 16
202 6
203 8
204 16
205 8
206 18
207 6
208 10
209 12
210 14
211 20
212 12
213 6
214 12
215 20
216 16
217 10
218 22
219 18
220 20
221 6
222 16
223 10
224 14
225 12
226 8
227 14
228 22
229 18
230 6
231 8
232 18
233 12
234 16
235 6
236 14
237 8
238 6
239 8
240 22
241 22
242 12
243 12
244 16
245 16
246 16
247 10
248 8
249 12
250 12
251 22
252 20
253 6
254 18
255 8
256 22
257 8
258 6
259 20
260 20
261 20
262 6
263 4
264 8
265 10
266 8
267 16
268 6
269 8
270 20
271 6
272 20
273 14
274 10
275 10
276 18
277 20
278 12
279 14
280 10
281 18
282 10
283 14
284 16
285 14
286 18
287 12
288 8
289 18
290 12
291 20
292 6
293 14
294 14
295 8
296 6
297 22
298 6
299 6
300 6
301 16
302 14
303 12
304 20
305 12
306 10
307 12
308 22
309 6
310 20
311 8
312 10
313 6
314 20
315 20
316 18
317 20
318 18
319 8
320 4
321 8
322 20
323 20
324 10
325 6
326 10
327 18
328 20
329 8
330 20
331 16
332 16
333 14
334 10
335 14
336 6
337 8
338 10
339 18
340 20
341 20
342 20
343 12
344 20
345 8
346 12
347 8
348 8
349 10
350 12
351 12
352 16
353 18
354 12
355 14
356 16
357 8
358 20
359 12
360 6
361 8
362 14
363 12
364 22
365 16
366 22
367 8
368 6
369 14
370 6
371 16
372 20
373 14
374 12
375 6
376 18
377 8
378 18
379 14
380 16
381 20
382 4
383 20
384 8
385 18
386 8
387 16
388 18
389 16
390 6
391 20
392 16
393 16
394 6
395 6
396 12
397 12
398 6
399 10
400 16
401 6
402 14
403 6
404 14
405 22
406 18
407 12
408 6
409 20
410 22
411 18
412 12
413 8
414 14
415 20
416 16
417 10
418 10
419 22
420 12
421 18
422 18
423 6
424 22
425 20
426 16
427 22
428 14
429 20
430 18
431 16
432 16
433 22
434 14
435 12
436 14
437 16
438 6
439 6
440 10
441 14
442 22
443 6
444 10
445 16
446 22
447 18
448 12
449 12
450 4
451 10
452 14
453 18
454 14
455 12
456 14
457 22
458 16
459 10
460 16
461 10
462 6
463 4
464 16
465 10
466 12
467 22
468 12
469 22
470 6
471 10
472 16
473 20
474 18
475 12
476 18
477 16
478 10
479 6
480 14
481 18
482 20
483 16
484 6
485 16
486 18
487 20
488 22
489 20
490 14
491 8
492 10
493 20
494 20
495 6
496 12
497 8
498 4
499 14
500 22
501 6
502 12
503 14
504 18
505 6
506 12
507 10
508 10
509 16
510 12
511 14
512 18
513 6
514 22
515 6
516 18
517 20
518 20
519 12
520 18
521 14
522 8
523 14
524 14
525 14
526 12
527 14
528 14
529 8
530 6
531 18
532 16
533 8
534 8
535 8
536 18
537 6
538 14
539 12
540 22
541 10
542 20
543 6
544 22
545 10
546 6
547 6
548 20
549 6
550 6
551 14
552 20
553 12
554 20
555 18
556 22
557 18
558 8
559 6
560 16
561 14
562 10
563 10
564 6
565 6
566 16
567 8
568 22
569 6
570 14
571 20
572 6
573 16
574 12
575 14
576 8
577 16
578 4
579 8
580 20
581 8
582 8
583 6
584 20
585 20
586 16
587 20
588 20
589 20
590 16
591 6
592 14
593 20
594 6
595 20
596 14
597 6
598 6
599 16
600 6
601 10
602 22
603 6
604 8
605 18
606 14
607 22
608 14
609 16
610 18
611 8
612 8
613 8
614 8
615 14
616 6
617 20
618 12
619 6
620 6
621 20
622 18
623 18
624 8
625 14
626 8
627 18
628 20
629 8
630 8
631 16
632 16
633 6
634 6
635 6
636 22
637 20
638 6
639 12
640 2
641 10
642 20
643 16
644 16
645 18
646 18
647 20
648 6
649 14
650 16
651 22
652 6
653 14
654 18
655 12
656 12
657 22
658 12
659 8
660 10
661 6
662 10
663 12
664 6
665 22
666 14
667 14
668 20
669 6
670 20
671 6
672 16
673 6
674 10
675 14
676 10
677 6
678 22
679 20
680 22
681 8
682 8
683 10
684 6
685 10
686 4
687 20
688 10
689 22
690 6
691 6
692 8
693 8
694 10
695 8
696 6
697 6
698 6
699 14
700 12
701 14
702 10
703 6
704 12
705 20
706 12
707 14
708 16
709 22
710 6
711 20
712 10
713 20
714 6
715 20
716 8
717 14
718 8
719 20
720 6
721 8
722 16
723 16
724 14
725 14
726 6
727 8
728 20
729 14
730 12
731 12
732 20
733 6
734 22
735 6
736 12
737 6
738 16
739 6
740 20
741 8
742 20
743 18
744 12
745 20
746 16
747 6
748 18
749 10
750 16
751 12
752 16
753 8
754 6
755 22
756 12
757 10
758 18
759 8
760 14
761 18
762 6
763 14
764 14
765 18
766 10
767 10
768 6
769 6
770 18
771 10
772 16
773 14
774 12
775 14
776 14
777 18
778 22
779 8
780 16
781 22
782 20
783 6
784 18
785 10
786 16
787 8
788 6
789 8
790 6
791 6
792 4
793 10
794 22
795 12
796 6
797 12
798 6
799 14
800 20
801 10
802 6
803 8
804 16
805 16
806 6
807 6
808 6
809 14
810 12
811 6
812 20
813 8
814 6
815 10
816 6
817 16
818 16
819 18
820 14
821 14
822 16
823 16
824 8
825 10
826 14
827 14
828 14
829 18
830 16
831 10
832 16
833 6
834 10
835 22
836 6
837 22
838 6
839 12
840 12
841 20
842 14
843 16
844 14
845 20
846 12
847 8
848 12
849 12
850 6
851 8
852 10
853 6
854 14
855 6
856 8
857 6
858 16
859 6
860 8
861 8
862 16
863 6
864 6
865 14
866 12
867 22
868 14
869 18
870 18
871 6
872 14
873 14
874 10
875 16
876 22
877 18
878 22
879 20
880 18
881 20
882 22
883 16
884 20
885 20
886 14
887 12
888 20
889 18
890 14
891 6
892 6
893 8
894 4
895 6
896 10
897 12
898 18
899 8
900 20
901 8
902 14
903 16
904 22
905 10
906 8
907 10
908 6
909 6
910 6
911 12
912 8
913 6
914 6
915 6
916 12
917 6
918 16
919 6
920 22
921 6
922 22
923 6
924 6
925 14
926 6
927 22
928 14
929 18
930 6
931 22
932 16
933 16
934 10
935 14
936 14
937 6
938 6
939 16
940 16
941 6
942 10
943 14
944 8
945 6
946 18
947 20
948 4
949 6
950 12
951 22
952 10
953 8
954 10
955 14
956 12
957 16
958 22
959 14
960 6
961 20
962 6
963 12
964 8
965 14
966 22
967 6
968 10
969 12
970 8
971 10
972 16
973 20
974 6
975 8
976 16
977 8
978 14
979 12
980 18
981 12
982 20
983 16
984 6
985 16
986 14
987 6
988 8
989 12
990 18
991 6
992 8
993 12
994 18
995 22
996 8
997 12
998 12
999 14
1000 18
1001 20
1002 10
1003 12
1004 6
1005 20
1006 14
1007 22
1008 20
1009 16
1010 20
1011 14
1012 16
1013 14
1014 20
1015 8
1016 18
1017 6
1018 6
1019 20
1020 6
1021 6
1022 18
1023 20
1024 16
1025 8
1026 6
1027 10
1028 20
1029 14
1030 22
1031 12
1032 6
1033 6
1034 8
1035 8
1036 8
1037 18
1038 12
1039 6
1040 20
1041 22
1042 22
1043 6
1044 16
1045 6
1046 6
1047 16
1048 8
1049 10
1050 20
1051 14
1052 12
1053 10
1054 10
1055 8
1056 12
1057 10
1058 22
1059 12
1060 16
1061 20
1062 6
1063 6
1064 20
1065 8
1066 22
1067 16
1068 10
1069 20
1070 8
1071 6
1072 6
1073 10
1074 10
1075 10
1076 10
1077 6
1078 16
1079 20
1080 6
1081 8
1082 8
1083 20
1084 14
1085 8
1086 14
1087 6
1088 10
1089 22
1090 18
1091 16
1092 10
1093 12
1094 6
1095 6
1096 8
1097 8
1098 12
1099 10
1100 16
1101 20
1102 6
1103 10
1104 10
1105 16
1106 8
1107 20
1108 12
1109 22
1110 18
1111 6
1112 14
1113 14
1114 22
1115 14
1116 16
1117 6
1118 12
1119 18
1120 8
1121 14
1122 12
1123 6
1124 16
1125 22
1126 18
1127 16
1128 18
1129 18
1130 12
1131 6
1132 22
1133 20
1134 10
1135 14
1136 6
1137 10
1138 20
1139 14
1140 20
1141 22
1142 8
1143 20
1144 12
1145 22
1146 8
1147 14
1148 18
1149 8
1150 18
1151 6
1152 14
1153 20
1154 6
1155 12
1156 20
1157 16
1158 18
1159 6
1160 6
1161 6
1162 16
1163 14
1164 16
1165 6
1166 20
1167 22
1168 22
1169 6
1170 6
1171 10
1172 14
1173 6
1174 18
1175 20
1176 6
1177 12
1178 14
1179 8
1180 14
1181 18
1182 20
1183 18
1184 6
1185 16
1186 6
1187 14
1188 6
1189 6
1190 16
1191 22
1192 6
1193 12
1194 22
1195 14
1196 22
1197 8
1198 14
1199 16
1200 6
1201 8
1202 12
1203 6
1204 20
1205 20
1206 20
1207 6
1208 20
1209 8
1210 6
1211 8
1212 20
1213 20
1214 12
1215 12
1216 6
1217 6
1218 12
1219 6
1220 6
1221 18
1222 8
1223 22
1224 16
1225 18
1226 20
1227 22
1228 20
1229 6
1230 22
1231 12
1232 12
1233 12
1234 14
1235 18
1236 20
1237 6
1238 6
1239 6
1240 22
1241 10
1242 8
1243 6
1244 12
1245 18
1246 18
1247 6
1248 8
1249 18
1250 12
1251 20
1252 12
1253 8
1254 12
1255 18
1256 6
1257 18
1258 6
1259 14
1260 16
1261 12
1262 10
1263 10
1264 18
1265 16
1266 16
1267 12
1268 6
1269 20
1270 8
1271 8
1272 12
1273 18
1274 12
1275 16
1276 18
1277 10
1278 16
1279 6
1280 8
1281 22
1282 20
1283 22
1284 12
1285 18
1286 6
1287 6
1288 18
1289 16
1290 6
1291 20
1292 14
1293 6
1294 22
1295 6
1296 12
1297 14
1298 18
1299 6
1300 22
1301 8
1302 10
1303 22
1304 10
1305 22
1306 20
1307 16
1308 8
1309 10
1310 6
1311 10
1312 16
1313 12
1314 8
1315 18
1316 10
1317 22
1318 14
1319 12
1320 6
1321 20
1322 4
1323 6
1324 6
1325 6
1326 20
1327 12
1328 6
1329 14
1330 8
1331 22
1332 12
1333 8
1334 20
1335 20
1336 18
1337 10
1338 14
1339 6
1340 18
1341 16
1342 22
1343 6
1344 12
1345 8
1346 6
1347 14
1348 14
1349 12
1350 18
1351 6
1352 22
1353 12
1354 10
1355 16
1356 6
1357 14
1358 14
1359 18
1360 10
1361 6
1362 20
1363 20
1364 6
1365 22
1366 10
1367 6
1368 18
1369 20
1370 12
1371 6
1372 8
1373 12
1374 6
1375 12
1376 6
1377 22
1378 6
1379 6
1380 20
1381 6
1382 22
1383 6
1384 8
1385 6
1386 8
1387 10
1388 18
1389 6
1390 18
1391 18
1392 16
1393 20
1394 14
1395 12
1396 8
1397 20
1398 20
1399 16
1400 20
1401 10
1402 8
1403 12
1404 6
1405 6
1406 12
1407 22
1408 16
1409 6
1410 6
1411 16
1412 12
1413 16
1414 10
1415 22
1416 12
1417 6
1418 16
1419 14
1420 18
1421 6
1422 16
1423 8
1424 8
1425 14
1426 26
1427 16
1428 12
1429 12
1430 10
1431 20
1432 6
1433 20
1434 20
1435 8
1436 8
1437 8
1438 6
1439 6
1440 16
1441 12
1442 10
1443 6
1444 16
1445 18
1446 16
1447 16
1448 16
1449 14
1450 6
1451 10
1452 12
1453 4
1454 22
1455 6
1456 14
1457 14
1458 8
1459 6
1460 12
1461 6
1462 6
1463 6
1464 8
1465 16
1466 12
1467 6
1468 18
1469 8
1470 6
1471 22
1472 20
1473 20
1474 10
1475 18
1476 18
1477 8
1478 10
1479 12
1480 6
1481 14
1482 18
1483 6
1484 18
1485 20
1486 14
1487 16
1488 8
1489 6
1490 20
1491 6
1492 12
1493 8
1494 12
1495 14
1496 6
1497 18
1498 6
1499 6
1500 10
1501 18
1502 6
1503 12
1504 14
1505 20
1506 20
1507 20
1508 22
1509 10
1510 8
1511 8
1512 20
1513 8
1514 12
1515 12
1516 10
1517 8
1518 6
1519 18
1520 16
1521 22
1522 22
1523 8
1524 6
1525 14
1526 6
1527 6
1528 16
1529 20
1530 14
1531 18
1532 6
1533 18
1534 14
1535 6
1536 14
1537 8
1538 20
1539 6
1540 6
1541 16
1542 6
1543 18
1544 18
1545 12
1546 8
1547 10
1548 14
1549 22
1550 8
1551 2
1552 22
1553 20
1554 18
1555 20
1556 22
1557 20
1558 12
1559 8
1560 12
1561 20
1562 8
1563 6
1564 20
1565 6
1566 6
1567 6
1568 6
1569 6
1570 12
1571 10
1572 12
1573 20
1574 10
1575 8
1576 16
1577 20
1578 12
1579 18
1580 10
1581 18
1582 20
1583 6
1584 20
1585 10
1586 14
1587 14
1588 12
1589 20
1590 6
1591 12
1592 20
1593 14
1594 16
1595 8
1596 16
1597 10
1598 8
1599 20
1600 20
1601 6
1602 14
1603 10
1604 22
1605 22
1606 6
1607 18
1608 16
1609 12
1610 8
1611 12
1612 22
1613 18
1614 8
1615 6
1616 18
1617 14
1618 10
1619 14
1620 12
1621 10
1622 16
1623 22
1624 6
1625 20
1626 8
1627 8
1628 6
1629 10
1630 10
1631 12
1632 22
1633 16
1634 6
1635 10
1636 16
1637 20
1638 6
1639 16
1640 6
1641 22
1642 6
1643 6
1644 22
1645 22
1646 22
1647 8
1648 6
1649 22
1650 8
1651 20
1652 8
1653 6
1654 18
1655 6
1656 18
1657 14
1658 12
1659 16
1660 20
1661 8
1662 14
1663 10
1664 18
1665 8
1666 8
1667 8
1668 6
1669 18
1670 6
1671 6
1672 8
1673 12
1674 6
1675 6
1676 16
1677 8
1678 8
1679 10
1680 16
1681 6
1682 6
1683 6
1684 14
1685 6
1686 20
1687 18
1688 14
1689 14
1690 6
1691 22
1692 6
1693 22
1694 22
1695 14
1696 6
1697 16
1698 16
1699 10
1700 20
1701 20
1702 6
1703 6
1704 14
1705 8
1706 12
1707 10
1708 6
1709 6
1710 6
1711 16
1712 18
1713 10
1714 6
1715 18
1716 10
1717 6
1718 14
1719 8
1720 18
1721 12
1722 14
1723 6
1724 10
1725 20
1726 18
1727 10
1728 6
1729 18
1730 20
1731 8
1732 12
1733 8
1734 12
1735 16
1736 20
1737 22
1738 10
1739 8
1740 6
1741 10
1742 22
1743 10
1744 6
1745 18
1746 12
1747 12
1748 12
1749 10
1750 8
1751 16
1752 12
1753 12
1754 20
1755 8
1756 12
1757 14
1758 22
1759 22
1760 12
1761 18
1762 14
1763 12
1764 22
1765 14
1766 6
1767 14
1768 18
1769 6
1770 12
1771 6
1772 10
1773 10
1774 6
1775 22
1776 8
1777 22
1778 10
1779 22
1780 20
1781 22
1782 18
1783 10
1784 14
1785 12
1786 18
1787 10
1788 6
1789 10
1790 8
1791 10
1792 22
1793 22
1794 8
1795 10
1796 20
1797 18
1798 6
1799 8
1800 14
1801 8
1802 10
1803 8
1804 12
1805 8
1806 14
1807 20
1808 4
1809 6
1810 6
1811 22
1812 10
1813 6
1814 14
1815 16
1816 22
1817 20
1818 14
1819 8
1820 22
1821 8
1822 18
1823 6
1824 8
1825 6
1826 14
1827 22
1828 10
1829 12
1830 8
1831 18
1832 8
1833 14
1834 16
1835 18
1836 10
1837 18
1838 22
1839 16
1840 10
1841 14
1842 6
1843 6
1844 20
1845 12
1846 14
1847 6
1848 14
1849 6
1850 8
1851 14
1852 14
1853 8
1854 16
1855 16
1856 12
1857 10
1858 16
1859 22
1860 6
1861 18
1862 18
1863 12
1864 18
1865 18
1866 18
1867 22
1868 22
1869 14
1870 6
1871 22
1872 12
1873 14
1874 14
1875 6
1876 16
1877 8
1878 12
1879 8
1880 22
1881 6
1882 14
1883 20
1884 6
1885 22
1886 16
1887 6
1888 22
1889 8
1890 18
1891 14
1892 20
1893 14
1894 20
1895 18
1896 6
1897 6
1898 20
1899 10
1900 8
1901 12
1902 18
1903 18
1904 20
1905 6
1906 6
1907 20
1908 6
1909 10
1910 10
1911 22
1912 10
1913 16
1914 18
1915 10
1916 14
1917 8
1918 20
1919 14
1920 12
1921 0
1922 8
1923 6
1924 6
1925 14
1926 16
1927 16
1928 12
1929 22
1930 20
1931 6
1932 16
1933 6
1934 12
1935 6
1936 20
1937 12
1938 6
1939 22
1940 14
1941 8
1942 16
1943 20
1944 14
1945 12
1946 22
1947 14
1948 12
1949 22
1950 10
1951 22
1952 6
1953 20
1954 6
1955 10
1956 14
1957 20
1958 12
1959 12
1960 20
1961 6
1962 6
1963 16
1964 6
1965 4
1966 16
1967 4
1968 8
1969 20
1970 16
1971 14
1972 18
1973 14
1974 18
1975 16
1976 14
1977 6
1978 14
1979 6
1980 12
1981 8
1982 12
1983 6
1984 6
1985 6
1986 12
1987 18
1988 18
1989 6
1990 22
1991 18
1992 18
1993 16
1994 16
1995 16
1996 18
1997 8
1998 14
1999 14
2000 22
2001 12
2002 16
2003 10
2004 16
2005 12
2006 8
2007 6
2008 12
2009 8
2010 10
2011 10
2012 20
2013 6
2014 10
2015 14
2016 18
2017 16
2018 12
2019 8
2020 16
2021 16
2022 12
2023 8
2024 6
2025 20
2026 16
2027 22
2028 6
2029 10
2030 16
2031 8
2032 16
2033 22
2034 6
2035 6
2036 20
2037 16
2038 12
2039 6
2040 18
2041 16
2042 16
2043 20
2044 18
2045 6
2046 14
2047 6
2048 12
2049 16
2050 16
2051 10
2052 16
2053 6
2054 16
2055 6
2056 6
2057 12
2058 22
2059 6
2060 12
2061 10
2062 6
2063 20
2064 16
2065 22
2066 8
2067 8
2068 16
2069 10
2070 22
2071 10
2072 6
2073 18
2074 22
2075 10
2076 14
2077 6
2078 14
2079 8
2080 4
2081 16
2082 18
2083 6
2084 12
2085 18
2086 6
2087 16
2088 20
2089 6
2090 10
2091 22
2092 16
2093 14
2094 6
2095 22
2096 18
2097 10
2098 6
2099 6
2100 8
2101 16
2102 16
2103 6
2104 20
2105 6
2106 18
2107 16
2108 6
2109 6
2110 6
2111 16
2112 8
2113 18
2114 10
2115 6
2116 14
2117 6
2118 14
2119 12
2120 6
2121 8
2122 8
2123 16
2124 8
2125 12
2126 10
2127 6
2128 20
2129 10
2130 8
2131 22
2132 22
2133 6
2134 8
2135 20
2136 20
2137 12
2138 14
2139 10
2140 14
2141 10
2142 12
2143 22
2144 14
2145 6
2146 6
2147 16
2148 16
2149 18
2150 10
2151 8
2152 14
2153 16
2154 6
2155 8
2156 16
2157 6
2158 8
2159 6
2160 14
2161 20
2162 18
2163 12
2164 6
2165 14
2166 6
2167 6
2168 20
2169 6
2170 12
2171 10
2172 8
2173 22
2174 16
2175 6
2176 22
2177 10
2178 4
2179 10
2180 18
2181 8
2182 20
2183 18
2184 6
2185 6
2186 18
2187 16
2188 12
2189 6
2190 8
2191 18
2192 10
2193 20
2194 14
2195 20
2196 14
2197 22
2198 12
2199 6
2200 12
2201 22
2202 8
2203 22
2204 16
2205 18
2206 22
2207 18
2208 6
2209 6
2210 16
2211 18
2212 12
2213 18
2214 12
2215 20
2216 6
2217 6
2218 16
2219 18
2220 14
2221 6
2222 8
2223 16
2224 32
2225 16
2226 12
2227 18
2228 6
2229 6
2230 14
2231 6
2232 6
2233 6
2234 18
2235 8
2236 22
2237 20
2238 10
2239 22
2240 10
2241 18
2242 14
2243 20
2244 10
2245 6
2246 18
2247 12
2248 22
2249 6
2250 12
2251 6
2252 8
2253 18
2254 16
2255 14
2256 6
2257 14
2258 10
2259 22
2260 22
2261 18
2262 10
2263 14
2264 10
2265 18
2266 10
2267 8
2268 18
2269 20
2270 22
2271 10
2272 6
2273 20
2274 20
2275 22
2276 6
2277 22
2278 6
2279 16
2280 14
2281 18
2282 14
2283 6
2284 6
2285 18
2286 6
2287 16
2288 8
2289 6
2290 8
2291 16
2292 18
2293 6
2294 18
2295 12
2296 12
2297 14
2298 18
2299 12
2300 6
2301 18
2302 16
2303 8
2304 18
2305 6
2306 22
2307 6
2308 14
2309 20
2310 6
2311 10
2312 6
2313 12
2314 6
2315 16
2316 16
2317 18
2318 8
2319 16
2320 6
2321 16
2322 10
2323 10
2324 14
2325 18
2326 6
2327 16
2328 6
2329 16
2330 12
2331 22
2332 6
2333 6
2334 12
2335 14
2336 18
2337 16
2338 14
2339 20
2340 12
2341 14
2342 8
2343 14
2344 6
2345 6
2346 8
2347 14
2348 16
2349 6
2350 6
2351 20
2352 10
2353 24
2354 10
2355 16
2356 18
2357 10
2358 14
2359 22
2360 18
2361 20
2362 12
2363 6
2364 6
2365 22
2366 18
2367 22
2368 14
2369 16
2370 12
2371 18
2372 6
2373 6
2374 10
2375 8
2376 10
2377 16
2378 6
2379 8
2380 12
2381 12
2382 24
2383 16
2384 12
2385 18
2386 14
2387 4
2388 16
2389 12
2390 16
2391 24
2392 22
2393 22
2394 8
2395 12
2396 18
2397 18
2398 8
2399 8
2400 22
2401 10
2402 18
2403 6
2404 12
2405 12
2406 20
2407 24
2408 8
2409 14
2410 22
2411 20
2412 10
2413 4
2414 8
2415 20
2416 14
2417 14
2418 8
2419 6
2420 16
2421 8
2422 18
2423 20
2424 6
2425 20
2426 24
2427 10
2428 14
2429 12
2430 18
2431 6
2432 24
2433 12
2434 8
2435 10
2436 12
2437 6
2438 6
2439 8
2440 18
2441 16
2442 6
2443 6
2444 12
2445 12
2446 20
2447 6
2448 10
2449 8
2450 10
2451 14
2452 16
2453 6
2454 16
2455 6
2456 12
2457 12
2458 16
2459 14
2460 20
2461 16
2462 10
2463 12
2464 6
2465 14
2466 8
2467 6
2468 10
2469 14
2470 12
2471 14
2472 20
2473 22
2474 12
2475 6
2476 18
2477 10
2478 8
2479 22
2480 12
2481 18
2482 16
2483 16
2484 6
2485 20
2486 8
2487 6
2488 12
2489 22
2490 8
2491 8
2492 6
2493 8
2494 14
2495 14
2496 10
2497 6
2498 8
2499 12
2500 10
2501 8
2502 22
2503 10
2504 22
2505 12
2506 12
2507 16
2508 12
2509 6
2510 18
2511 22
2512 14
2513 14
2514 6
2515 4
2516 6
2517 20
2518 18
2519 12
2520 20
2521 14
2522 16
2523 6
2524 10
2525 8
2526 12
2527 20
2528 6
2529 6
2530 10
2531 8
2532 14
2533 8
2534 12
2535 10
2536 22
2537 12
2538 12
2539 8
2540 16
2541 16
2542 20
2543 16
2544 20
2545 12
2546 18
2547 18
2548 14
2549 6
2550 8
2551 20
2552 8
2553 12
2554 14
2555 10
2556 14
2557 18
2558 22
2559 6
2560 6
2561 8
2562 22
2563 12
2564 16
2565 6
2566 10
2567 12
2568 6
2569 8
2570 22
2571 6
2572 12
2573 22
2574 6
2575 20
2576 10
2577 6
2578 16
2579 18
2580 12
2581 10
2582 16
2583 14
2584 12
2585 10
2586 8
2587 20
2588 22
2589 22
2590 14
2591 10
2592 14
2593 22
2594 10
2595 4
2596 6
2597 6
2598 18
2599 12
2600 6
2601 8
2602 18
2603 16
2604 20
2605 22
2606 20
2607 14
2608 8
2609 8
2610 18
2611 6
2612 6
2613 18
2614 22
2615 6
2616 22
2617 22
2618 10
2619 22
2620 18
2621 10
2622 6
2623 12
2624 18
2625 22
2626 10
2627 6
2628 14
2629 12
2630 14
2631 14
2632 20
2633 22
2634 10
2635 12
2636 22
2637 16
2638 6
2639 22
2640 8
2641 6
2642 18
2643 22
2644 22
2645 20
2646 10
2647 8
2648 20
2649 20
2650 22
2651 10
2652 22
2653 18
2654 22
2655 14
2656 10
2657 6
2658 8
2659 16
2660 14
2661 8
2662 12
2663 10
2664 20
2665 20
2666 22
2667 12
2668 18
2669 8
2670 22
2671 6
2672 6
2673 14
2674 6
2675 14
2676 14
2677 18
2678 12
2679 22
2680 18
2681 20
2682 20
2683 16
2684 18
2685 12
2686 10
2687 6
2688 6
2689 12
2690 18
2691 18
2692 8
2693 6
2694 18
2695 8
2696 22
2697 16
2698 12
2699 6
2700 18
2701 6
2702 18
2703 14
2704 6
2705 16
2706 16
2707 10
2708 16
2709 12
2710 12
2711 8
2712 8
2713 14
2714 12
2715 6
2716 14
2717 20
2718 20
2719 12
2720 14
2721 10
2722 10
2723 12
2724 6
2725 12
2726 10
2727 20
2728 10
2729 18
2730 18
2731 18
2732 8
2733 14
2734 12
2735 20
2736 6
2737 6
2738 6
2739 22
2740 14
2741 10
2742 8
2743 16
2744 12
2745 10
2746 12
2747 6
2748 18
2749 10
2750 10
2751 6
2752 18
2753 6
2754 20
2755 12
2756 6
2757 20
2758 8
2759 6
2760 22
2761 10
2762 8
2763 16
2764 14
2765 6
2766 20
2767 18
2768 6
2769 12
2770 8
2771 10
2772 8
2773 6
2774 16
2775 12
2776 10
2777 16
2778 10
2779 6
2780 6
2781 10
2782 12
2783 6
2784 6
2785 14
2786 14
2787 14
2788 8
2789 10
2790 14
2791 8
2792 22
2793 20
2794 20
2795 6
2796 12
2797 14
2798 14
2799 14
2800 24
2801 14
2802 20
2803 6
2804 6
2805 18
2806 6
2807 16
2808 16
2809 16
2810 12
2811 16
2812 18
2813 22
2814 8
2815 6
2816 6
2817 20
2818 14
2819 10
2820 22
2821 10
2822 6
2823 6
2824 8
2825 12
2826 20
2827 12
2828 10
2829 12
2830 14
2831 22
2832 22
2833 16
2834 22
2835 18
2836 10
2837 22
2838 22
2839 20
2840 10
2841 6
2842 14
2843 12
2844 22
2845 20
2846 8
2847 12
2848 20
2849 6
2850 8
2851 10
2852 16
2853 10
2854 14
2855 20
2856 0
2857 18
2858 22
2859 22
2860 18
2861 18
2862 6
2863 24
2864 14
2865 2
2866 6
2867 14
2868 12
2869 16
2870 22
2871 6
2872 22
2873 6
2874 20
2875 16
2876 6
2877 20
2878 4
2879 10
2880 8
2881 8
2882 24
2883 12
2884 8
2885 22
2886 16
2887 6
2888 6
2889 20
2890 24
2891 6
2892 22
2893 20
2894 10
2895 10
2896 16
2897 20
2898 18
2899 10
2900 10
2901 22
2902 18
2903 16
2904 12
2905 6
2906 12
2907 10
2908 14
2909 22
2910 8
2911 16
2912 14
2913 6
2914 10
2915 18
2916 10
2917 6
2918 20
2919 22
2920 16
2921 8
2922 20
2923 18
2924 20
2925 22
2926 14
2927 8
2928 10
2929 16
2930 20
2931 16
2932 14
2933 22
2934 14
2935 24
2936 6
2937 8
2938 18
2939 8
2940 20
2941 10
2942 14
2943 8
2944 12
2945 14
2946 22
2947 8
2948 10
2949 16
2950 8
2951 16
2952 8
2953 18
2954 12
2955 6
2956 8
2957 10
2958 10
2959 10
2960 8
2961 12
2962 14
2963 14
2964 4
2965 18
2966 6
2967 14
2968 6
2969 6
2970 12
2971 12
2972 20
2973 18
2974 14
2975 10
2976 16
2977 18
2978 8
2979 10
2980 6
2981 6
2982 6
2983 4
2984 14
2985 22
2986 22
2987 18
2988 10
2989 6
2990 12
2991 8
2992 22
2993 16
2994 12
2995 22
2996 10
2997 22
2998 22
2999 16
3000 12
3001 16
3002 20
3003 18
3004 18
3005 16
3006 6
3007 4
3008 16
3009 10
3010 14
3011 6
3012 6
3013 18
3014 18
3015 16
3016 10
3017 8
3018 10
3019 14
3020 6
3021 6
3022 18
3023 12
3024 16
3025 8
3026 6
3027 6
3028 6
3029 10
3030 20
3031 6
3032 20
3033 22
3034 8
3035 6
3036 10
3037 12
3038 6
3039 6
3040 20
3041 8
3042 18
3043 12
3044 6
3045 8
3046 14
3047 20
3048 8
3049 10
3050 12
3051 12
3052 6
3053 12
3054 14
3055 8
3056 18
3057 10
3058 22
3059 12
3060 22
3061 20
3062 16
3063 16
3064 8
3065 16
3066 20
3067 16
3068 6
3069 8
3070 22
3071 16
3072 14
3073 20
3074 14
3075 18
3076 6
3077 14
3078 22
3079 14
3080 10
3081 8
3082 12
3083 16
3084 22
3085 18
3086 6
3087 22
3088 16
3089 16
3090 14
3091 18
3092 16
3093 12
3094 22
3095 6
3096 16
3097 18
3098 18
3099 6
3100 6
3101 12
3102 18
3103 14
3104 18
3105 20
3106 10
3107 10
3108 20
3109 22
3110 16
3111 12
3112 20
3113 16
3114 10
3115 18
3116 12
3117 16
3118 20
3119 18
3120 8
3121 6
3122 6
3123 6
3124 6
3125 6
3126 10
3127 14
3128 10
3129 18
3130 12
3131 20
3132 4
3133 16
3134 6
3135 16
3136 22
3137 6
3138 8
3139 8
3140 8
3141 14
3142 20
3143 16
3144 6
3145 6
3146 18
3147 12
3148 22
3149 6
3150 16
3151 10
3152 10
3153 20
3154 22
3155 6
3156 8
3157 6
3158 8
3159 14
3160 14
3161 16
3162 16
3163 6
3164 16
3165 22
3166 8
3167 6
3168 22
3169 6
3170 12
3171 6
3172 18
3173 12
3174 16
3175 22
3176 18
3177 10
3178 18
3179 6
3180 22
3181 6
3182 6
3183 10
3184 22
3185 6
3186 20
3187 22
3188 22
3189 6
3190 16
3191 6
3192 6
3193 6
3194 10
3195 16
3196 20
3197 14
3198 12
3199 22
3200 34
3201 8
3202 12
3203 8
3204 8
3205 18
3206 10
3207 22
3208 8
3209 10
3210 8
3211 16
3212 6
3213 16
3214 6
3215 8
3216 8
3217 10
3218 14
3219 22
3220 8
3221 10
3222 6
3223 20
3224 6
3225 24
3226 20
3227 20
3228 22
3229 6
3230 6
3231 6
3232 14
3233 22
3234 18
3235 42
3236 20
3237 8
3238 16
3239 10
3240 8
3241 8
3242 20
3243 8
3244 20
3245 14
3246 12
3247 16
3248 6
3249 20
3250 6
3251 22
3252 20
3253 6
3254 12
3255 18
3256 12
3257 14
3258 22
3259 18
3260 20
3261 6
3262 20
3263 6
3264 12
3265 10
3266 18
3267 10
3268 18
3269 20
3270 18
3271 16
3272 6
3273 6
3274 4
3275 10
3276 8
3277 10
3278 20
3279 22
3280 12
3281 10
3282 18
3283 24
3284 20
3285 18
3286 6
3287 6
3288 14
3289 6
3290 6
3291 16
3292 22
3293 20
3294 6
3295 18
3296 14
3297 8
3298 20
3299 16
3300 22
3301 6
3302 14
3303 12
3304 10
3305 6
3306 6
3307 18
3308 14
3309 6
3310 6
3311 6
3312 6
3313 18
3314 10
3315 22
3316 6
3317 6
3318 16
3319 6
3320 14
3321 8
3322 18
3323 18
3324 12
3325 6
3326 6
3327 28
3328 20
3329 22
3330 6
3331 20
3332 16
3333 8
3334 6
3335 6
3336 10
3337 14
3338 10
3339 24
3340 14
3341 6
3342 18
3343 6
3344 14
3345 20
3346 22
3347 18
3348 6
3349 20
3350 6
3351 18
3352 10
3353 12
3354 6
3355 18
3356 14
3357 22
3358 6
3359 22
3360 6
3361 14
3362 12
3363 22
3364 6
3365 10
3366 14
3367 16
3368 14
3369 12
3370 20
3371 8
3372 22
3373 22
3374 6
3375 22
3376 16
3377 14
3378 20
3379 6
3380 6
3381 18
3382 18
3383 12
3384 12
3385 6
3386 16
3387 8
3388 6
3389 10
3390 22
3391 10
3392 20
3393 14
3394 12
3395 18
3396 8
3397 16
3398 12
3399 6
3400 14
3401 8
3402 20
3403 12
3404 12
3405 16
3406 18
3407 8
3408 16
3409 22
3410 18
3411 6
3412 10
3413 8
3414 18
3415 12
3416 12
3417 22
3418 6
3419 14
3420 12
3421 10
3422 22
3423 18
3424 16
3425 6
3426 18
3427 18
3428 6
3429 22
3430 6
3431 10
3432 16
3433 16
3434 12
3435 8
3436 8
3437 12
3438 10
3439 18
3440 16
3441 14
3442 10
3443 16
3444 16
3445 16
3446 10
3447 12
3448 12
3449 6
3450 14
3451 6
3452 6
3453 8
3454 8
3455 6
3456 16
3457 12
3458 16
3459 20
3460 6
3461 16
3462 18
3463 16
3464 14
3465 14
3466 22
3467 8
3468 12
3469 14
3470 10
3471 16
3472 6
3473 10
3474 24
3475 6
3476 8
3477 6
3478 14
3479 10
3480 14
3481 18
3482 6
3483 8
3484 6
3485 12
3486 12
3487 6
3488 6
3489 6
3490 6
3491 22
3492 18
3493 22
3494 6
3495 14
3496 24
3497 22
3498 6
3499 22
3500 16
3501 14
3502 6
3503 18
3504 10
3505 22
3506 10
3507 12
3508 8
3509 16
3510 18
3511 10
3512 16
3513 22
3514 6
3515 10
3516 16
3517 8
3518 22
3519 14
3520 22
3521 6
3522 8
3523 18
3524 6
3525 22
3526 14
3527 6
3528 6
3529 22
3530 12
3531 14
3532 22
3533 12
3534 8
3535 18
3536 12
3537 16
3538 14
3539 22
3540 12
3541 12
3542 16
3543 12
3544 16
3545 20
3546 14
3547 22
3548 12
3549 10
3550 10
3551 6
3552 12
3553 6
3554 16
3555 20
3556 20
3557 22
3558 12
3559 14
3560 6
3561 12
3562 8
3563 14
3564 4
3565 8
3566 30
3567 14
3568 12
3569 20
3570 10
3571 8
3572 14
3573 16
3574 24
3575 14
3576 8
3577 12
3578 2
3579 6
3580 10
3581 14
3582 22
3583 6
3584 6
3585 10
3586 14
3587 12
3588 20
3589 6
3590 6
3591 6
3592 22
3593 10
3594 12
3595 12
3596 14
3597 16
3598 20
3599 16
3600 6
3601 8
3602 10
3603 6
3604 10
3605 14
3606 8
3607 22
3608 10
3609 6
3610 10
3611 8
3612 8
3613 12
3614 22
3615 20
3616 8
3617 14
3618 8
3619 8
3620 12
3621 14
3622 16
3623 6
3624 8
3625 14
3626 18
3627 20
3628 22
3629 10
3630 22
3631 6
3632 20
3633 18
3634 14
3635 12
3636 16
3637 8
3638 6
3639 6
3640 6
3641 14
3642 12
3643 6
3644 12
3645 22
3646 18
3647 8
3648 6
3649 8
3650 16
3651 12
3652 8
3653 14
3654 10
3655 14
3656 6
3657 6
3658 14
3659 18
3660 6
3661 6
3662 10
3663 22
3664 20
3665 22
3666 4
3667 8
3668 6
3669 12
3670 6
3671 16
3672 22
3673 6
3674 16
3675 22
3676 8
3677 18
3678 6
3679 10
3680 22
3681 12
3682 36
3683 6
3684 12
3685 16
3686 16
3687 16
3688 16
3689 20
3690 8
3691 14
3692 12
3693 22
3694 12
3695 8
3696 20
3697 22
3698 8
3699 12
3700 22
3701 18
3702 6
3703 14
3704 10
3705 10
3706 6
3707 18
3708 10
3709 22
3710 8
3711 10
3712 10
3713 14
3714 20
3715 12
3716 8
3717 8
3718 6
3719 14
3720 20
3721 18
3722 16
3724 8
3725 16
3726 10
3727 6
3728 22
3729 14
3730 22
3731 8
3732 12
3733 6
3734 22
3735 22
3736 16
3737 10
3738 8
3739 16
3740 10
3741 16
3742 16
3743 10
3744 8
3745 20
3746 8
3747 6
3748 22
3749 18
3750 10
3751 20
3752 22
3753 22
3754 12
3755 14
3756 16
3757 18
3758 8
3759 16
3760 18
3761 22
3762 20
3763 20
3764 10
3765 16
3766 14
3767 18
3768 12
3769 8
3770 12
3771 20
3772 16
3773 14
3774 22
3775 8
3776 18
3777 18
3778 14
3779 18
3780 10
3781 10
3782 8
3783 6
3784 16
3785 18
3786 16
3787 8
3788 10
3789 22
3790 10
3791 6
3792 14
3793 10
3794 10
3795 12
3796 16
3797 6
3798 12
3799 20
3800 16
3801 18
3802 12
3803 6
3804 22
3805 6
3806 14
3807 22
3808 12
3809 18
3810 12
3811 14
3812 6
3813 20
3814 14
3815 4
3816 12
3817 6
3818 20
3819 16
3820 14
3821 6
3822 18
3823 16
3824 18
3825 24
3826 20
3827 12
3828 10
3829 12
3830 14
3831 12
3832 12
3833 20
3834 16
3835 18
3836 8
3837 20
3838 14
3839 20
3840 34
3841 26
3842 6
3843 14
3844 12
3845 20
3846 16
3847 22
3848 10
3849 8
3850 8
3851 6
3852 18
3853 18
3854 6
3855 16
3856 16
3857 14
3858 18
3859 10
3860 12
3861 14
3862 18
3863 12
3864 24
3865 10
3866 10
3867 6
3868 6
3869 6
3870 8
3871 18
3872 8
3873 18
3874 12
3875 18
3876 22
3877 14
3878 16
3879 22
3880 6
3881 18
3882 12
3883 6
3884 12
3885 12
3886 14
3887 18
3888 22
3889 20
3890 16
3891 6
3892 22
3893 18
3894 14
3895 22
3896 8
3897 26
3898 16
3899 12
3900 16
3901 12
3902 8
3903 18
3904 6
3905 8
3906 10
3907 18
3908 12
3909 8
3910 14
3911 20
3912 8
3913 6
3914 14
3915 6
3916 18
3917 22
3918 18
3919 22
3920 8
3921 12
3922 18
3923 16
3924 10
3925 18
3926 18
3927 14
3928 4
3929 10
3930 14
3931 10
3932 6
3933 8
3934 16
3935 14
3936 16
3937 8
3938 20
3939 16
3940 12
3941 12
3942 6
3943 16
3944 6
3945 6
3946 20
3947 6
3948 22
3949 12
3950 22
3951 12
3952 24
3954 6
3955 10
3956 12
3957 12
3958 8
3959 6
3960 16
3961 16
3962 6
3963 32
3964 18
3965 18
3966 18
3967 6
3968 12
3969 24
3970 24
3971 14
3972 24
3973 18
3974 8
3975 16
3976 24
3977 20
3978 18
3979 16
3980 8
3981 22
3982 20
3983 8
3984 6
3985 6
3986 20
3987 18
3988 12
3989 8
3990 22
3991 6
3992 18
3993 6
3994 20
3995 6
3996 18
3997 10
3998 12
3999 18
4000 22
4001 18
4002 6
4003 32
4004 6
4005 6
4006 14
4007 14
4008 12
4009 10
4010 16
4011 16
4012 24
4013 16
4014 24
4015 6
4016 8
4017 8
4018 16
4019 6
4020 22
4021 16
4022 28
4023 18
4024 14
4025 12
4026 14
4027 20
4028 6
4029 8
4030 14
4031 20
4032 18
4033 14
4034 8
4035 28
4036 20
4037 16
4038 4
4039 10
4040 10
4041 14
4042 6
4043 24
4044 12
4045 22
4046 22
4047 22
4048 16
4049 14
4050 8
4051 6
4052 6
4053 10
4054 18
4055 14
4056 12
4057 18
4058 10
4059 14
4060 22
4061 6
4062 10
4063 8
4064 6
4065 22
4066 20
4067 20
4068 14
4069 16
4070 8
4071 18
4072 6
4073 16
4074 14
4075 12
4076 20
4077 16
4078 20
4079 16
4080 18
4081 14
4082 14
4083 22
4084 12
4085 18
4086 16
4087 14
4088 12
4089 16
4090 6
4091 10
4092 14
4093 10
4094 16
4095 8
4096 16
4097 18
4098 10
4099 8
4100 18
4101 20
4102 18
4103 12
4104 14
4105 10
4106 12
4107 12
4108 18
4109 18
4110 18
4111 22
4112 8
4113 6
4114 20
4115 12
4116 22
4117 6
4118 18
4119 28
4120 18
4121 20
4122 22
4123 14
4124 28
4125 18
4126 22
4127 10
4128 6
4129 26
4130 12
4131 18
4132 14
4133 14
4134 6
4135 6
4136 16
4137 10
4138 10
4139 10
4140 18
4141 22
4142 6
4143 22
4144 16
4145 8
4146 6
4147 8
4148 8
4149 8
4150 14
4151 20
4152 14
4153 16
4154 22
4155 14
4156 14
4157 12
4158 8
4159 10
4160 18
4161 10
4162 8
4163 14
4164 12
4165 10
4166 6
4167 18
4168 12
4169 20
4170 10
4171 18
4172 8
4173 16
4174 14
4175 20
4176 6
4177 10
4178 16
4179 12
4180 12
4181 22
4182 6
4183 6
4184 6
4185 20
4186 6
4187 20
4188 18
4189 8
4190 22
4191 12
4192 8
4193 16
4194 22
4195 6
4196 20
4197 6
4198 32
4199 14
4200 14
4201 12
4202 12
4203 18
4204 18
4205 6
4206 6
4207 14
4208 14
4209 8
4210 18
4211 8
4212 10
4213 6
4214 16
4215 16
4216 6
4217 18
4218 6
4219 12
4220 8
4221 18
4222 6
4223 22
4224 22
4225 8
4226 4
4227 14
4228 16
4229 8
4230 10
4231 12
4232 12
4233 14
4234 10
4235 16
4236 8
4237 16
4238 8
4239 20
4240 12
4241 8
4242 14
4243 42
4244 8
4245 22
4246 20
4247 24
4248 6
4249 24
4250 12
4251 6
4252 14
4253 8
4254 14
4255 10
4256 6
4257 8
4258 6
4259 14
4260 18
4261 8
4262 20
4263 16
4264 6
4265 18
4266 10
4267 16
4268 12
4269 10
4270 20
4271 12
4272 12
4273 16
4274 18
4275 6
4276 6
4277 10
4278 6
4279 22
4280 8
4281 14
4282 6
4283 14
4284 12
4285 22
4286 12
4287 14
4288 20
4289 6
4290 20
4291 20
4292 6
4293 24
4294 12
4295 6
4296 20
4297 8
4298 14
4299 8
4300 12
4301 24
4302 20
4303 16
4304 12
4305 12
4306 6
4307 16
4308 24
4309 18
4310 18
4311 8
4312 20
4313 14
4314 20
4315 14
4316 12
4317 20
4318 14
4319 10
4320 12
4321 22
4322 6
4323 22
4324 14
4325 10
4326 30
4327 6
4328 12
4329 22
4330 22
4331 10
4332 8
4333 18
4334 6
4335 8
4336 18
4337 16
4338 14
4339 14
4340 20
4341 16
4342 8
4343 16
4344 24
4345 6
4346 10
4347 10
4348 24
4349 10
4350 10
4351 12
4352 22
4353 8
4354 10
4355 10
4356 8
4357 16
4358 16
4359 22
4360 20
4361 14
4362 16
4363 12
4364 22
4365 16
4366 10
4367 10
4368 10
4369 18
4370 16
4371 6
4372 18
4373 16
4374 16
4375 12
4376 16
4377 6
4378 8
4379 18
4380 20
4381 12
4382 14
4383 20
4384 20
4385 16
4386 20
4387 6
4388 18
4389 12
4390 18
4391 10
4392 18
4393 16
4394 16
4395 20
4396 10
4397 14
4398 22
4399 24
4400 12
4401 20
4402 22
4403 6
4404 16
4405 6
4406 6
4407 16
4408 12
4409 22
4410 20
4411 10
4412 16
4414 16
4415 20
4416 10
4417 14
4418 14
4419 8
4420 10
4421 20
4422 6
4423 6
4424 8
4425 18
4426 12
4427 6
4428 20
4429 12
4430 10
4431 18
4432 18
4433 26
4434 6
4435 6
4436 14
4437 6
4438 18
4439 10
4440 10
4441 10
4442 24
4443 6
4444 18
4445 22
4446 16
4447 18
4448 14
4449 22
4450 22
4451 14
4452 22
4453 12
4454 18
4455 14
4456 22
4457 34
4458 10
4459 22
4460 22
4461 18
4462 22
4463 16
4464 16
4465 12
4466 12
4467 6
4468 8
4469 12
4470 16
4471 20
4472 8
4473 10
4474 14
4475 12
4476 10
4477 14
4478 8
4479 18
4480 8
4481 16
4482 10
4483 12
4484 6
4485 8
4486 18
4487 24
4488 14
4489 16
4490 18
4491 20
4492 14
4493 26
4494 6
4495 14
4496 8
4497 20
4498 30
4499 6
4500 18
4501 12
4502 12
4503 24
4504 14
4505 14
4506 26
4507 10
4508 6
4509 6
4510 14
4511 6
4512 8
4513 12
4514 20
4515 12
4516 16
4517 36
4518 22
4519 14
4520 16
4521 8
4522 12
4523 22
4524 22
4525 8
4526 10
4527 24
4528 8
4529 12
4530 12
4531 10
4532 16
4533 14
4534 14
4535 6
4536 22
4537 24
4538 6
4539 6
4540 10
4541 8
4542 8
4543 48
4544 22
4545 32
4546 22
4547 12
4548 22
4549 14
4550 6
4551 34
4552 20
4553 18
4554 10
4555 22
4556 26
4557 10
4558 22
4559 22
4560 20
4561 6
4562 6
4563 16
4564 12
4565 18
4566 16
4567 6
4568 8
4569 18
4570 16
4571 12
4572 12
4573 22
4574 18
4575 10
4576 12
4577 20
4578 14
4579 14
4580 16
4581 6
4582 30
4583 16
4584 10
4585 24
4586 8
4587 20
4588 6
4589 20
4590 18
4591 22
4592 12
4593 6
4594 26
4595 8
4596 16
4597 10
4598 16
4599 22
4600 12
4601 20
4602 20
4603 28
4604 10
4605 12
4606 18
4607 10
4608 6
4609 8
4610 6
4611 8
4612 4
4613 6
4614 26
4615 10
4616 12
4617 10
4618 14
4619 16
4620 16
4621 12
4622 10
4623 22
4624 14
4626 12
4627 18
4628 8
4629 12
4630 12
4631 16
4632 10
4633 12
4634 22
4635 14
4636 18
4637 8
4638 24
4639 16
4640 6
4641 12
4642 20
4643 10
4644 8
4645 22
4646 8
4647 6
4648 6
4649 14
4650 16
4651 16
4652 6
4653 6
4654 12
4655 12
4656 14
4657 22
4658 12
4659 6
4660 34
4661 12
4662 16
4663 12
4664 14
4665 16
4666 6
4667 22
4668 8
4669 6
4670 18
4671 16
4672 24
4673 6
4674 14
4675 18
4676 26
4677 8
4678 12
4679 6
4680 10
4681 24
4682 22
4683 18
4684 14
4685 10
4686 18
4687 6
4688 4
4689 26
4690 14
4691 16
4692 6
4693 10
4694 24
4695 24
4696 14
4697 22
4698 20
4699 10
4700 22
4702 8
4703 22
4704 26
4705 18
4706 8
4707 20
4708 16
4709 6
4710 20
4711 24
4712 24
4713 14
4715 12
4716 14
4717 26
4718 34
4719 8
4720 12
4721 18
4722 12
4723 16
4724 20
4726 14
4727 6
4728 18
4729 16
4730 14
4731 24
4732 6
4733 10
4734 18
4735 22
4736 18
4737 6
4738 6
4739 12
4740 24
4741 18
4742 20
4743 22
4744 36
4745 14
4746 10
4747 30
4748 24
4749 18
4750 20
4751 26
4752 6
4753 20
4754 10
4755 14
4756 16
4757 6
4758 14
4759 20
4760 8
4761 14
4762 24
4763 20
4764 10
4765 8
4766 10
4767 18
4768 22
4769 6
4770 6
4771 6
4772 12
4773 6
4774 20
4775 8
4777 10
4778 10
4779 18
4780 10
4781 8
4782 28
4783 18
4784 18
4785 12
4786 6
4787 24
4788 32
4789 14
4790 20
4791 10
4792 18
4793 18
4794 20
4795 16
4796 20
4797 16
4798 8
4799 26
4800 20
4801 6
4802 4
4803 6
4804 6
4805 14
4806 14
4807 24
4808 18
4809 8
4810 20
4811 6
4812 8
4813 18
4814 6
4815 26
4816 14
4818 16
4819 8
4820 12
4821 16
4822 28
4823 24
4824 14
4825 14
4826 26
4827 18
4828 14
4829 20
4830 8
4831 10
4832 20
4833 22
4834 12
4835 18
4836 8
4837 12
4838 12
4839 26
4840 10
4841 24
4842 18
4843 10
4844 12
4845 12
4846 24
4847 10
4848 26
4849 12
4850 8
4851 12
4852 18
4853 12
4854 22
4855 18
4856 10
4857 8
4858 6
4859 8
4860 8
4861 10
4862 16
4863 20
4864 10
4865 10
4866 8
4867 14
4868 16
4869 22
4870 6
4871 58
4872 30
4873 22
4874 6
4875 12
4876 20
4877 6
4878 10
4879 16
4880 18
4881 18
4882 26
4883 4
4884 26
4885 12
4886 14
4887 18
4888 18
4889 20
4890 12
4891 20
4892 6
4893 14
4894 8
4895 22
4896 24
4897 24
4898 12
4899 26
4900 16
4901 6
4902 20
4903 22
4904 26
4905 20
4906 14
4907 10
4908 12
4909 14
4910 18
4911 10
4912 26
4913 20
4914 6
4915 10
4916 20
4917 16
4918 8
4919 10
4920 22
4921 8
4922 6
4923 12
4924 20
4925 26
4926 26
4927 14
4928 8
4929 10
4930 30
4931 26
4932 18
4933 14
4934 28
4935 14
4936 6
4937 28
4938 10
4939 16
4940 10
4941 8
4942 18
4943 20
4944 20
4945 20
4946 10
4947 8
4948 12
4949 14
4951 14
4952 14
4953 32
4954 12
4955 10
4956 22
4957 22
4958 12
4959 12
4960 18
4961 26
4962 10
4963 12
4964 28
4965 18
4966 28
4967 10
4968 26
4969 10
4970 30
4971 12
4972 14
4973 36
4974 6
4975 18
4976 18
4977 22
4978 16
4979 14
4980 14
4981 16
4982 22
4983 44
4984 12
4985 26
4986 6
4987 10
4988 8
4989 24
4990 10
4991 22
4992 10
4993 16
4994 18
4995 30
4996 12
4997 16
4998 6
4999 18
5000 28
5001 16
5002 10
5003 10
5004 20
5005 16
5006 26
5007 10
5008 52
5009 16
5010 18
5011 8
5012 10
5013 8
5014 14
5015 26
5016 16
5017 6
5018 28
5019 8
5020 16
5021 28
5022 12
5023 18
5024 22
5025 18
5026 6
5027 26
5028 20
5029 24
5030 14
5032 6
5033 36
5034 8
5035 8
5036 12
5037 6
5038 18
5039 6
5040 8
5041 20
5042 6
5043 10
5044 14
5045 18
5046 22
5047 14
5048 8
5049 12
5050 20
5051 14
5052 8
5053 16
5055 12
5056 10
5057 16
5058 18
5059 14
5060 38
5061 24
5062 20
5063 16
5064 14
5065 8
5066 8
5067 26
5068 12
5069 18
5070 14
5071 30
5072 26
5073 6
5074 20
5075 24
5076 16
5077 16
5078 20
5079 32
5080 24
5081 18
5082 10
5083 22
5084 16
5085 26
5086 18
5087 14
5088 6
5089 30
5091 22
5092 16
5093 22
5094 12
5095 8
5096 14
5097 8
5098 14
5099 16
5100 12
5101 28
5102 14
5103 10
5104 30
5105 18
5106 10
5107 20
5108 46
5109 24
5110 8
5111 8
5112 10
5113 44
5114 8
5115 24
5116 30
5117 12
5118 20
5120 30
5121 18
5122 32
5123 24
5124 16
5125 16
5126 8
5127 22
5128 28
5129 16
5130 22
5131 14
5132 16
5133 14
5134 20
5135 34
5136 12
5137 10
5138 6
5139 18
5140 26
5141 20
5142 20
5143 12
5144 30
5145 36
5146 14
5148 10
5149 8
5150 12
5151 20
5152 24
5153 10
5154 8
5155 20
5156 30
5157 16
5158 6
5159 8
5160 12
5161 30
5162 10
5163 22
5164 24
5165 20
5166 18
5167 12
5168 24
5169 14
5170 14
5171 6
5172 24
5173 40
5174 26
5175 20
5176 14
5177 10
5178 14
5179 8
5180 18
5181 10
5182 26
5183 22
5184 20
5185 10
5186 10
5187 6
5188 34
5189 6
5190 28
5191 28
5192 24
5193 18
5194 20
5195 16
5196 14
5197 12
5198 8
5199 22
5200 34
5201 14
5202 6
5203 10
5204 32
5205 38
5206 18
5207 6
5208 46
5209 32
5210 24
5211 10
5212 20
5213 18
5214 6
5216 32
5217 32
5218 14
5219 26
5220 14
5221 30
5222 14
5223 28
5224 20
5225 6
5226 38
5227 8
5228 52
5229 26
5230 16
5231 14
5232 28
5233 32
5234 22
5235 16
5236 18
5237 28
5239 28
5240 18
5241 8
5242 16
5243 10
5244 14
5245 16
5246 14
5247 32
5248 12
5249 18
5250 20
5251 14
5252 10
5253 20
5254 60
5255 10
5256 20
5257 10
5258 6
5259 10
5260 16
5261 30
5262 32
5263 18
5264 12
5265 18
5266 18
5267 28
5268 18
5269 10
5270 26
5271 20
5272 14
5274 18
5275 14
5276 32
5277 26
5278 24
5279 12
5280 18
5281 16
5282 8
5283 28
5284 22
5285 12
5287 18
5288 8
5289 8
5290 14
5291 10
5292 40
5293 30
5294 8
5296 14
5297 16
5298 24
5299 22
5300 26
5301 24
5302 10
5303 34
5304 24
5305 10
5306 10
5307 20
5308 24
5310 38
5311 6
5312 18
5313 10
5314 30
5315 30
5317 14
5318 8
5319 62
5320 46
5321 30
5322 6
5324 22
5325 14
5326 18
5328 14
5329 12
5330 26
5331 6
5332 12
5333 18
5334 20
5335 34
5336 10
5337 34
5338 24
5339 16
5340 12
5341 8
5342 8
5343 12
5344 42
5345 16
5346 18
5347 8
5348 22
5349 14
5350 8
5351 30
5352 12
5353 12
5354 6
5355 32
5356 24
5357 22
5358 18
5359 16
5360 10
5361 36
5362 26
5363 28
5364 16
5365 20
5366 40
5367 38
5368 12
5369 56
5371 60
5372 28
5373 8
5374 16
5376 28
5377 20
5378 12
5379 20
5380 22
5381 32
5382 26
5383 8
5384 26
5385 34
5387 16
5388 24
5389 40
5390 12
5391 28
5392 8
5393 10
5394 34
5395 16
5396 24
5397 14
5398 12
5399 28
5400 38
5401 18
5402 14
5403 12
5404 50
5405 24
5406 20
5407 22
5408 22
5409 10
5410 58
5411 52
5412 26
5413 26
5414 36
5416 28
5417 12
5418 22
5420 10
5421 50
5424 12
5426 10
5427 16
5428 16
5429 20
5431 16
5433 28
5435 10
5436 28
5437 28
5438 52
5439 8
5440 6
5441 24
5442 28
5444 32
5445 10
5446 32
5447 44
5448 20
5449 16
5450 30
5451 16
5452 48
5453 22
5454 8
5455 10
5456 26
5458 18
5459 6
5460 66
5461 22
5462 22
5463 28
5464 20
5465 16
5466 6
5467 54
5468 16
5469 8
5470 12
5472 22
5473 6
5474 64
5475 16
5476 16
5477 22
5478 28
5479 28
5480 18
5481 32
5482 50
5483 28
5487 36
5488 6
5489 8
5490 12
5491 18
5493 38
5494 32
5495 20
5497 14
5498 10
5500 30
5501 36
5503 14
5505 8
5506 22
5507 10
5508 34
5509 20
5511 6
5512 22
5513 14
5514 22
5515 14
5517 8
5518 10
5519 26
5522 12
5523 20
5524 8
5526 22
5529 38
5532 34
5533 10
5534 42
5535 12
5536 24
5537 34
5541 10
5542 12
5543 16
5544 18
5547 12
5548 12
5549 34
5550 38
5552 26
5553 12
5554 18
5555 24
5556 12
5557 12
5558 14
5559 22
5560 12
5561 28
5563 24
5564 20
5568 50
5569 12
5570 42
5571 26
5572 24
5575 8
5577 26
5578 14
5579 14
5580 30
5588 18
5591 44
5593 34
5594 24
5595 44
5596 48
5597 18
5599 38
5601 12
5602 40
5604 40
5606 30
5607 56
5611 30
5612 18
5613 18
5620 30
5623 52
5629 14
5630 6
5631 36
5633 12
5638 20
5640 20
5641 30
5647 32
5648 20
5649 12
5651 46
5653 30
5661 16
5664 14
5665 20
5667 56
5669 40
5679 32
5684 40
5694 10
5707 38
5711 10
5718 18
5721 30
5727 18
5748 52
5757 36
5760 10
5767 16
5768 18
5791 8
5792 12
5808 10
5815 10
5826 24
5827 12
5828 62
5841 8
5863 18
5869 18
5880 10
5887 12
5915 12
5925 12
5936 10
5941 12
5954 14
5971 22
5973 12
5982 12
6000 34
6028 16
6042 12
6068 12
6069 12
6074 8
6098 18
6116 12
6134 8
6166 18
6172 12
6178 38
6190 18
6202 14
6208 8
6233 48
6265 8
6279 12
6296 8
6305 8
6319 10
6326 14
6328 10
6338 8
6342 10
6359 12
6360 20
6364 10
6377 18
6379 10
6396 12
6401 8
6426 10
6432 8
6434 6
6441 10
6457 16
6464 20
6494 22
6502 10
6508 12
6511 12
6518 14
6540 14
6549 30
6567 14
6582 26
6606 8
6624 10
6626 40
6655 18
6681 10
6693 14
6703 8
6725 30
6743 10
6780 14
6783 16
6787 10
6798 14
6835 12
6836 10
6841 14
6855 10
6867 6
6906 10
6942 26
6948 24
6950 10
7014 12
7017 24
7049 18
7055 8
7073 12
7075 34
7096 12
7125 10
7144 10
7157 16
7172 28
7175 12
7176 12
7201 12
7202 8
7209 14
7260 10
7278 14
7307 10
7316 8
7319 12
7320 8
7326 10
7330 18
7376 10
7388 8
7389 10
7402 10
7458 14
7471 10
7510 10
7518 12
7522 10
7536 16
7568 12
7628 12
7690 10
7712 14
7732 10
7750 12
7752 12
7851 12
7855 10
7860 12
7880 14
7919 8
7943 12
7947 10
7952 10
7959 8
7964 10
7967 8
7980 10
7997 14
8032 10
8078 12
8130 12
8191 14
8204 14
8237 14
8256 14
8348 28
8402 22
8412 12
8433 12
8443 18
8447 12
8508 10
8520 6
8527 12
8563 10
8628 14
8637 10
8642 18
8718 8
8753 12
8778 10
8864 10
8885 18
8965 38
8979 10
9003 12
9056 16
9104 10
9127 12
9303 14
9366 28
9372 10
9398 8
9411 12
9440 8
9506 8
9543 12
9549 12
9593 12
9637 16
9793 12
9821 12
9837 10
9864 26
9865 10
9869 10
9879 8
9914 12
9936 12
