0 16
1 22
2 20
3 18
4 16
5 14
6 24
7 16
8 14
9 18
10 20
11 24
12 16
13 22
14 16
15 34
16 28
17 28
18 34
19 28
20 22
21 34
22 18
23 26
24 20
25 22
26 24
27 20
28 16
29 18
30 32
31 34
32 24
33 24
34 18
35 28
36 24
37 34
38 16
39 18
40 14
41 22
42 32
43 28
44 30
45 22
46 18
47 12
48 18
49 14
50 30
51 22
52 16
53 12
54 16
55 12
56 16
57 32
58 16
59 18
60 36
61 34
62 30
63 14
64 24
65 30
66 32
67 18
68 24
69 22
70 14
71 16
72 14
73 24
74 18
75 28
76 20
77 12
78 12
79 12
80 24
81 16
82 30
83 24
84 20
85 18
86 20
87 20
88 18
89 20
90 16
91 12
92 16
93 18
94 28
95 26
96 22
97 18
98 24
99 24
100 30
101 22
102 22
103 24
104 22
105 32
106 14
107 16
108 30
109 24
110 36
111 14
112 16
113 20
114 32
115 30
116 24
117 12
118 20
119 18
120 16
121 12
122 16
123 16
124 16
125 26
126 16
127 16
128 26
129 32
130 30
131 18
132 10
133 30
134 38
135 26
136 30
137 34
138 16
139 14
140 28
141 26
142 28
143 24
144 30
145 12
146 12
147 14
148 28
149 18
150 20
151 30
152 30
153 16
154 16
155 12
156 14
157 22
158 12
159 28
160 32
161 30
162 22
163 16
164 12
165 14
166 26
167 18
168 14
169 24
170 12
171 14
172 28
173 22
174 18
175 24
176 22
177 30
178 32
179 20
180 32
181 20
182 30
183 12
184 12
185 20
186 28
187 30
188 14
189 12
190 34
191 26
192 16
193 32
194 30
195 30
196 24
197 20
198 24
199 16
200 22
201 26
202 12
203 16
204 24
205 16
206 28
207 12
208 18
209 20
210 20
211 30
212 22
213 10
214 20
215 30
216 24
217 18
218 34
219 28
220 34
221 14
222 28
223 20
224 22
225 20
226 20
227 32
228 32
229 28
230 12
231 16
232 28
233 22
234 24
235 18
236 22
237 16
238 12
239 16
240 34
241 34
242 24
243 26
244 26
245 28
246 28
247 16
248 20
249 20
250 16
251 32
252 30
253 14
254 38
255 18
256 32
257 16
258 12
259 28
260 30
261 34
262 14
263 12
264 16
265 20
266 16
267 26
268 12
269 18
270 28
271 12
272 28
273 20
274 18
275 18
276 26
277 30
278 20
279 22
280 26
281 28
282 18
283 22
284 26
285 22
286 30
287 22
288 18
289 28
290 20
291 28
292 18
293 24
294 22
295 14
296 14
297 34
298 14
299 14
300 14
301 24
302 24
303 20
304 28
305 20
306 18
307 22
308 32
309 12
310 48
311 18
312 18
313 14
314 30
315 30
316 28
317 30
318 26
319 16
320 16
321 16
322 30
323 30
324 20
325 16
326 16
327 42
328 26
329 18
330 30
331 24
332 28
333 24
334 18
335 22
336 12
337 12
338 18
339 30
340 30
341 30
342 30
343 20
344 32
345 14
346 20
347 16
348 16
349 20
350 20
351 24
352 22
353 30
354 22
355 26
356 28
357 16
358 28
359 20
360 10
361 20
362 22
363 20
364 32
365 26
366 30
367 16
368 12
369 22
370 18
371 26
372 28
373 24
374 20
375 12
376 26
377 16
378 28
379 22
380 26
381 32
382 12
383 28
384 28
385 30
386 14
387 24
388 28
389 22
390 14
391 30
392 28
393 22
394 10
395 12
396 22
397 22
398 12
399 18
400 26
401 14
402 24
403 12
404 22
405 32
406 28
407 24
408 12
409 30
410 32
411 26
412 20
413 18
414 24
415 30
416 24
417 24
418 20
419 32
420 22
421 26
422 28
423 10
424 34
425 30
426 26
427 34
428 28
429 32
430 28
431 32
432 26
433 36
434 22
435 24
436 22
437 26
438 12
439 16
440 18
441 22
442 32
443 12
444 24
445 26
446 32
447 28
448 20
449 20
450 14
451 18
452 26
453 34
454 26
455 24
456 34
457 34
458 28
459 22
460 28
461 28
462 12
463 14
464 24
465 18
466 20
467 32
468 20
469 32
470 12
471 18
472 24
473 36
474 28
475 18
476 28
477 28
478 16
479 10
480 22
481 24
482 30
483 26
484 12
485 26
486 54
487 34
488 32
489 30
490 24
491 18
492 24
493 36
494 28
495 14
496 20
497 16
498 12
499 24
500 36
501 12
502 22
503 26
504 28
505 16
506 20
507 18
508 18
509 26
510 22
511 24
512 30
513 12
514 32
515 12
516 26
517 28
518 28
519 20
520 28
521 22
522 16
523 24
524 24
525 22
526 22
527 30
528 24
529 18
530 12
531 26
532 36
533 18
534 18
535 16
536 26
537 12
538 20
539 20
540 32
541 18
542 30
543 12
544 62
545 20
546 14
547 14
548 30
549 10
550 12
551 34
552 26
553 20
554 26
555 26
556 32
557 28
558 16
559 12
560 26
561 22
562 18
563 18
564 12
565 10
566 24
567 16
568 32
569 10
570 36
571 30
572 14
573 26
574 20
575 24
576 16
577 26
578 14
579 18
580 32
581 20
582 16
583 12
584 32
585 36
586 28
587 32
588 30
589 32
590 28
591 12
592 22
593 30
594 12
595 30
596 26
597 14
598 12
599 26
600 12
601 18
602 32
603 10
604 18
605 30
606 22
607 32
608 22
609 24
610 28
611 16
612 14
613 16
614 16
615 26
616 14
617 30
618 20
619 12
620 12
621 30
622 28
623 26
624 16
625 22
626 16
627 28
628 30
629 16
630 18
631 26
632 24
633 12
634 12
635 16
636 32
637 30
638 14
639 20
640 16
641 22
642 30
643 24
644 26
645 28
646 28
647 30
648 12
649 24
650 28
651 32
652 14
653 24
654 26
655 20
656 20
657 32
658 22
659 16
660 20
661 14
662 16
663 18
664 14
665 32
666 22
667 28
668 30
669 14
670 30
671 18
672 26
673 14
674 20
675 24
676 18
677 12
678 32
679 30
680 32
681 14
682 16
683 18
684 10
685 18
686 12
687 30
688 22
689 32
690 12
691 16
692 16
693 18
694 18
695 16
696 12
697 12
698 14
699 22
700 26
701 20
702 20
703 14
704 22
705 30
706 20
707 24
708 42
709 30
710 16
711 34
712 20
713 32
714 12
715 32
716 16
717 26
718 24
719 32
720 12
721 16
722 40
723 30
724 26
725 22
726 14
727 18
728 30
729 22
730 20
731 20
732 30
733 14
734 32
735 16
736 22
737 14
738 26
739 20
740 46
741 18
742 30
743 44
744 22
745 30
746 28
747 12
748 28
749 18
750 26
751 22
752 26
753 16
754 10
755 32
756 22
757 18
758 28
759 16
760 24
761 28
762 14
763 22
764 24
765 28
766 16
767 18
768 14
769 14
770 34
771 18
772 26
773 24
774 20
775 24
776 24
777 28
778 32
779 16
780 26
781 32
782 30
783 18
784 28
785 20
786 24
787 18
788 12
789 16
790 12
791 12
792 16
793 18
794 32
795 20
796 12
797 22
798 12
799 24
800 30
801 20
802 12
803 16
804 24
805 24
806 16
807 14
808 10
809 24
810 20
811 10
812 30
813 16
814 14
815 18
816 12
817 46
818 26
819 28
820 24
821 22
822 24
823 26
824 16
825 18
826 24
827 24
828 22
829 28
830 28
831 18
832 26
833 14
834 18
835 32
836 14
837 32
838 14
839 28
840 22
841 30
842 22
843 24
844 26
845 32
846 18
847 16
848 20
849 20
850 12
851 16
852 18
853 14
854 24
855 12
856 16
857 18
858 28
859 14
860 16
861 16
862 24
863 12
864 10
865 24
866 20
867 34
868 22
869 26
870 28
871 16
872 22
873 24
874 24
875 26
876 32
877 24
878 32
879 28
880 28
881 30
882 30
883 24
884 28
885 44
886 22
887 20
888 32
889 28
890 24
891 12
892 12
893 16
894 14
895 18
896 20
897 20
898 28
899 16
900 30
901 18
902 24
903 26
904 32
905 20
906 18
907 22
908 12
909 16
910 12
911 20
912 12
913 12
914 14
915 12
916 30
917 12
918 28
919 14
920 32
921 12
922 48
923 14
924 14
925 24
926 12
927 32
928 22
929 28
930 12
931 32
932 24
933 24
934 16
935 22
936 22
937 12
938 14
939 26
940 26
941 16
942 20
943 26
944 16
945 12
946 24
947 30
948 12
949 14
950 20
951 32
952 18
953 18
954 20
955 32
956 20
957 26
958 36
959 22
960 12
961 30
962 14
963 20
964 14
965 42
966 30
967 14
968 20
969 24
970 18
971 20
972 24
973 30
974 12
975 18
976 28
977 16
978 22
979 20
980 26
981 20
982 32
983 24
984 16
985 34
986 26
987 12
988 16
989 24
990 30
991 14
992 16
993 24
994 28
995 32
996 22
997 20
998 20
999 26
