0 28
1 40
2 36
3 30
4 34
5 18
6 46
7 24
8 18
9 30
10 32
11 48
12 24
13 36
14 24
15 58
16 54
17 50
18 64
19 60
20 42
21 54
22 30
23 48
24 34
25 42
26 42
27 36
28 24
29 30
30 62
31 66
32 42
33 38
34 24
35 54
36 40
37 66
38 24
39 24
40 18
41 34
42 66
43 54
44 60
45 42
46 28
47 12
48 24
49 24
50 66
51 36
52 18
53 12
54 22
55 12
56 24
57 54
58 24
59 24
60 66
61 60
62 40
63 18
64 48
65 60
66 64
67 30
68 42
69 36
70 18
71 18
72 14
73 48
74 24
75 60
76 30
77 12
78 12
79 12
80 48
81 30
82 58
83 42
84 34
85 24
86 30
87 36
88 24
89 28
90 20
91 12
92 16
93 28
94 54
95 48
96 42
97 24
98 48
99 42
100 58
101 42
102 36
103 48
104 40
105 66
106 18
107 18
108 62
109 42
110 66
111 18
112 24
113 42
114 54
115 58
116 46
117 12
118 36
119 28
120 22
121 10
122 24
123 24
124 22
125 52
126 16
127 24
128 36
129 62
130 60
131 24
132 12
133 60
134 60
135 54
136 56
137 66
138 24
139 18
140 54
141 48
142 54
143 42
144 58
145 16
146 12
147 18
148 48
149 28
150 36
151 66
152 60
153 24
154 24
155 12
156 18
157 24
158 18
159 52
160 64
161 58
162 34
163 24
164 12
165 18
166 48
167 30
168 18
169 42
170 12
171 18
172 54
173 36
174 30
175 42
176 36
177 66
178 66
179 24
180 64
181 36
182 38
183 12
184 12
185 40
186 44
187 60
188 18
189 12
190 52
191 54
192 24
193 62
194 60
195 54
196 42
197 36
198 54
199 24
200 36
201 46
202 12
203 24
204 48
205 24
206 54
207 18
208 30
209 36
210 40
211 60
212 42
213 8
214 32
215 60
216 46
217 30
218 66
219 52
220 56
221 18
222 48
223 30
224 42
225 36
226 26
227 42
228 66
229 50
230 12
231 24
232 52
233 34
234 46
235 24
236 42
237 22
238 12
239 24
240 66
241 66
242 36
243 40
244 46
245 48
246 48
247 30
248 24
249 34
250 34
251 66
252 60
253 16
254 54
255 24
256 64
257 24
258 12
259 54
260 58
261 58
262 18
263 12
264 24
265 30
266 24
267 48
268 12
269 24
270 58
271 12
272 58
273 40
274 28
275 30
276 54
277 58
278 36
279 42
280 30
281 52
282 30
283 42
284 46
285 40
286 54
287 34
288 24
289 54
290 36
291 58
292 16
293 40
294 42
295 24
296 18
297 66
298 18
299 18
300 18
301 48
302 38
303 36
304 58
305 36
306 30
307 34
308 66
309 12
310 56
311 22
312 30
313 18
314 60
315 60
316 54
317 58
318 52
319 24
320 18
321 22
322 56
323 58
324 30
325 24
326 28
327 54
328 60
329 24
330 60
331 48
332 54
333 42
334 30
335 42
336 12
337 24
338 26
339 50
340 60
341 60
342 60
343 36
344 60
345 22
346 34
347 24
348 24
349 36
350 36
351 36
352 48
353 52
354 36
355 42
356 48
357 24
358 56
359 36
360 10
361 24
362 42
363 36
364 66
365 48
366 66
367 24
368 12
369 42
370 18
371 48
372 58
373 42
374 36
375 10
376 54
377 24
378 54
379 38
380 48
381 60
382 12
383 60
384 30
385 58
386 24
387 48
388 52
389 48
390 18
391 56
392 48
393 44
394 12
395 12
396 32
397 34
398 12
399 30
400 48
401 18
402 36
403 12
404 42
405 62
406 54
407 36
408 12
409 60
410 64
411 54
412 36
413 30
414 42
415 60
416 46
417 30
418 30
419 64
420 36
421 54
422 52
423 12
424 66
425 60
426 48
427 64
428 48
429 60
430 54
431 48
432 48
433 64
434 42
435 36
436 42
437 48
438 12
439 18
440 30
441 42
442 62
443 10
444 42
445 48
446 66
447 54
448 36
449 36
450 18
451 30
452 42
453 52
454 42
455 36
456 40
457 66
458 48
459 30
460 48
461 28
462 12
463 18
464 48
465 30
466 36
467 64
468 36
469 66
470 12
471 30
472 48
473 60
474 50
475 36
476 52
477 48
478 30
479 12
480 42
481 54
482 60
483 48
484 12
485 46
486 54
487 58
488 66
489 60
490 42
491 24
492 28
493 60
494 60
495 16
496 36
497 24
498 12
499 40
500 66
501 12
502 34
503 44
504 54
505 16
506 36
507 28
508 30
509 48
510 36
511 42
512 50
513 12
514 66
515 12
516 52
517 60
518 58
519 36
520 52
521 42
522 24
523 40
524 38
525 40
526 36
527 54
528 42
529 24
530 12
531 52
532 44
533 24
534 24
535 24
536 54
537 12
538 40
539 36
540 66
541 30
542 58
543 10
544 60
545 30
546 18
547 18
548 60
549 12
550 18
551 42
552 58
553 36
554 60
555 54
556 66
557 52
558 24
559 12
560 48
561 42
562 30
563 30
564 12
565 12
566 46
567 24
568 66
569 12
570 42
571 60
572 18
573 48
574 36
575 40
576 24
577 46
578 12
579 30
580 58
581 24
582 24
583 12
584 60
585 60
586 46
587 60
588 60
589 56
590 48
591 12
592 42
593 58
594 18
595 58
596 38
597 18
598 12
599 48
600 12
601 28
602 64
603 12
604 24
605 60
606 40
607 66
608 42
609 46
610 52
611 24
612 24
613 24
614 24
615 46
616 18
617 58
618 34
619 12
620 18
621 60
622 54
623 50
624 24
625 42
626 24
627 54
628 60
629 24
630 24
631 48
632 48
633 12
634 18
635 18
636 66
637 60
638 18
639 36
640 18
641 30
642 60
643 44
644 48
645 52
646 50
647 60
648 18
649 40
650 54
651 64
652 18
653 42
654 54
655 36
656 36
657 64
658 36
659 24
660 30
661 16
662 30
663 34
664 18
665 62
666 42
667 42
668 60
669 14
670 58
671 18
672 48
673 18
674 30
675 38
676 30
677 16
678 66
679 60
680 64
681 22
682 24
683 30
684 12
685 30
686 12
687 60
688 24
689 60
690 12
691 18
692 24
693 28
694 30
695 24
696 12
697 12
698 18
699 40
700 32
701 40
702 28
703 18
704 36
705 58
706 36
707 42
708 48
709 66
710 18
711 60
712 28
713 58
714 12
715 60
716 24
717 40
718 24
719 60
720 12
721 24
722 48
723 46
724 34
725 42
726 18
727 30
728 60
729 42
730 36
731 32
732 60
733 18
734 60
735 22
736 34
737 16
738 48
739 24
740 60
741 24
742 58
743 52
744 32
745 58
746 54
747 12
748 54
749 30
750 48
751 38
752 46
753 24
754 12
755 66
756 36
757 30
758 52
759 30
760 42
761 54
762 18
763 40
764 42
765 54
766 30
767 28
768 18
769 18
770 54
771 30
772 48
773 42
774 36
775 42
776 42
777 54
778 66
779 24
780 42
781 66
782 56
783 24
784 54
785 28
786 48
787 24
788 12
789 22
790 12
791 12
792 18
793 28
794 66
795 36
796 12
797 36
798 12
799 38
800 60
801 24
802 12
803 24
804 48
805 48
806 24
807 16
808 12
809 40
810 36
811 12
812 60
813 24
814 18
815 30
816 12
817 48
818 48
819 52
820 42
821 42
822 48
823 46
824 24
825 30
826 40
827 42
828 42
829 54
830 48
831 30
832 48
833 18
834 28
835 66
836 18
837 66
838 18
839 36
840 34
841 58
842 40
843 48
844 40
845 58
846 36
847 22
848 36
849 36
850 12
851 24
852 26
853 18
854 42
855 10
856 24
857 18
858 48
859 18
860 22
861 24
862 48
863 12
864 12
865 48
866 36
867 62
868 42
869 54
870 54
871 24
872 38
873 42
874 30
875 46
876 64
877 54
878 66
879 60
880 54
881 60
882 64
883 48
884 60
885 58
886 42
887 36
888 60
889 54
890 42
891 12
892 12
893 24
894 18
895 18
896 30
897 36
898 54
899 24
900 56
901 30
902 42
903 48
904 66
905 30
906 24
907 30
908 12
909 22
910 12
911 36
912 24
913 12
914 14
915 12
916 42
917 12
918 54
919 18
920 66
921 12
922 66
923 18
924 18
925 42
926 12
927 64
928 42
929 54
930 12
931 66
932 48
933 48
934 30
935 38
936 42
937 12
938 18
939 46
940 48
941 16
942 30
943 40
944 24
945 12
946 54
947 60
948 12
949 18
950 36
951 66
952 30
953 24
954 30
955 48
956 36
957 46
958 66
959 42
960 12
961 60
962 18
963 36
964 24
965 42
966 62
967 18
968 36
969 42
970 24
971 36
972 48
973 58
974 10
975 22
976 48
977 22
978 36
979 34
980 54
981 32
982 56
983 48
984 18
985 48
986 42
987 12
988 22
989 36
990 52
991 14
992 24
993 34
994 54
995 66
996 30
997 36
998 36
999 42
