0 6
1 6
2 6
3 6
4 6
5 6
6 6
7 6
8 6
9 6
10 6
11 6
12 6
13 8
14 6
15 6
16 6
17 6
18 6
19 8
20 8
21 10
22 6
23 6
24 6
25 6
26 6
27 6
28 6
29 6
30 6
31 4
32 6
33 6
34 6
35 2
36 6
37 6
38 6
39 6
40 6
41 6
42 6
43 6
44 10
45 12
46 6
47 4
48 6
49 6
50 6
51 6
52 6
53 6
54 6
55 6
56 6
57 6
58 6
59 6
60 6
61 6
62 6
63 6
64 6
65 8
66 6
67 6
68 6
69 6
70 6
71 6
72 6
73 8
74 6
75 6
76 6
77 6
78 6
79 6
80 6
81 6
82 6
83 6
84 6
85 6
86 6
87 8
88 6
89 6
90 4
91 6
92 6
93 4
94 8
95 6
96 6
97 6
98 6
99 6
100 6
101 6
102 8
103 6
104 6
105 4
106 6
107 6
108 8
109 10
110 6
111 6
112 6
113 6
114 6
115 6
116 6
117 6
118 6
119 6
120 6
121 6
122 6
123 6
124 6
125 6
126 4
127 10
128 6
129 6
130 6
131 6
132 6
133 8
134 4
135 8
136 4
137 8
138 6
139 6
140 6
141 6
142 6
143 6
144 6
145 6
146 6
147 4
148 6
149 6
150 6
151 6
152 6
153 6
154 6
155 6
156 6
157 6
158 6
159 8
160 6
161 6
162 6
163 6
164 6
165 6
166 6
167 6
168 6
169 6
170 6
171 6
172 6
173 6
174 6
175 6
176 6
177 6
178 6
179 6
180 8
181 6
182 4
183 6
184 6
185 4
186 6
187 6
188 6
189 6
190 6
191 6
192 6
193 6
194 6
195 6
196 4
197 6
198 6
199 8
200 6
201 6
202 6
203 6
204 6
205 6
206 6
207 6
208 6
209 6
210 6
211 6
212 4
213 6
214 6
215 6
216 14
217 6
218 8
219 6
220 6
221 6
222 8
223 6
224 6
225 6
226 4
227 6
228 6
229 10
230 6
231 6
232 6
233 6
234 6
235 4
236 6
237 6
238 6
239 6
240 6
241 8
242 6
243 4
244 6
245 6
246 6
247 6
248 6
249 6
250 6
251 6
252 6
253 6
254 6
255 6
256 6
257 6
258 6
259 8
260 6
261 6
262 6
263 4
264 6
265 6
266 6
267 6
268 6
269 6
270 6
271 6
272 6
273 6
274 6
275 6
276 6
277 6
278 6
279 8
280 6
281 6
282 6
283 6
284 6
285 6
286 6
287 6
288 6
289 6
290 6
291 10
292 6
293 6
294 6
295 6
296 6
297 6
298 6
299 6
300 6
301 6
302 6
303 6
304 6
305 6
306 6
307 6
308 6
309 6
310 6
311 6
312 6
313 6
314 6
315 6
316 6
317 6
318 6
319 6
320 4
321 6
322 6
323 8
324 8
325 4
326 6
327 6
328 6
329 6
330 6
331 6
332 4
333 6
334 6
335 6
336 6
337 6
338 6
339 6
340 8
341 6
342 6
343 6
344 6
345 6
346 6
347 6
348 6
349 4
350 6
351 6
352 6
353 6
354 6
355 6
356 6
357 6
358 6
359 10
360 6
361 6
362 6
363 6
364 6
365 6
366 6
367 6
368 6
369 6
370 6
371 6
372 8
373 6
374 6
375 6
376 6
377 6
378 8
379 6
380 6
381 6
382 4
383 6
384 4
385 4
386 6
387 8
388 6
389 6
390 6
391 6
392 6
393 6
394 6
395 6
396 6
397 8
398 6
399 6
400 10
401 6
402 6
403 6
404 6
405 6
406 6
407 6
408 6
409 6
410 6
411 10
412 6
413 4
414 8
415 6
416 8
417 6
418 6
419 10
420 6
421 8
422 14
423 6
424 8
425 16
426 6
427 8
428 4
429 6
430 6
431 6
432 6
433 6
434 6
435 6
436 6
437 8
438 6
439 6
440 6
441 6
442 6
443 6
444 2
445 6
446 6
447 6
448 6
449 6
450 4
451 6
452 6
453 6
454 6
455 6
456 6
457 6
458 6
459 6
460 6
461 6
462 6
463 4
464 6
465 6
466 6
467 6
468 6
469 10
470 6
471 6
472 6
473 6
474 10
475 6
476 6
477 6
478 6
479 6
480 6
481 8
482 6
483 6
484 6
485 6
486 8
487 6
488 6
489 6
490 6
491 6
492 6
493 6
494 6
495 6
496 6
497 6
498 4
499 6
500 6
501 6
502 6
503 4
504 6
505 6
506 6
507 6
508 6
509 8
510 6
511 6
512 6
513 6
514 6
515 6
516 6
517 6
518 6
519 6
520 6
521 6
522 6
523 6
524 6
525 6
526 6
527 2
528 6
529 6
530 6
531 6
532 8
533 6
534 6
535 6
536 6
537 6
538 6
539 6
540 6
541 6
542 6
543 6
544 6
545 6
546 6
547 8
548 8
549 6
550 6
551 6
552 6
553 6
554 6
555 14
556 6
557 6
558 6
559 6
560 6
561 6
562 6
563 6
564 6
565 6
566 6
567 6
568 8
569 6
570 6
571 8
572 6
573 6
574 6
575 6
576 6
577 6
578 4
579 4
580 6
581 8
582 6
583 6
584 6
585 6
586 6
587 6
588 6
589 8
590 6
591 6
592 10
593 8
594 6
595 6
596 6
597 8
598 6
599 6
600 8
601 6
602 6
603 6
604 6
605 4
606 6
607 8
608 6
609 6
610 6
611 6
612 6
613 6
614 6
615 4
616 6
617 6
618 6
619 6
620 6
621 6
622 6
623 6
624 6
625 6
626 6
627 6
628 6
629 6
630 6
631 6
632 6
633 6
634 6
635 6
636 6
637 6
638 6
639 6
640 2
641 6
642 6
643 6
644 10
645 10
646 6
647 10
648 6
649 8
650 4
651 8
652 6
653 6
654 6
655 10
656 6
657 6
658 6
659 6
660 6
661 6
662 8
663 6
664 6
665 6
666 6
667 6
668 6
669 6
670 6
671 6
672 6
673 8
674 6
675 6
676 6
677 6
678 8
679 6
680 6
681 6
682 6
683 6
684 6
685 6
686 4
687 6
688 6
689 6
690 6
691 6
692 6
693 4
694 6
695 6
696 6
697 6
698 6
699 6
700 6
701 6
702 6
703 6
704 6
705 6
706 6
707 6
708 6
709 6
710 6
711 6
712 6
713 6
714 6
715 6
716 6
717 6
718 8
719 6
720 6
721 6
722 6
723 6
724 6
725 8
726 6
727 4
728 8
729 6
730 6
731 6
732 12
733 6
734 6
735 4
736 6
737 6
738 6
739 4
740 6
741 6
742 6
743 6
744 6
745 6
746 4
747 6
748 6
749 6
750 6
751 4
752 6
753 6
754 6
755 6
756 6
757 8
758 6
759 0
760 6
761 8
762 6
763 8
764 6
765 6
766 6
767 6
768 6
769 6
770 6
771 6
772 6
773 6
774 6
775 6
776 6
777 6
778 6
779 6
780 6
781 10
782 6
783 4
784 6
785 6
786 6
787 6
788 6
789 8
790 6
791 6
792 4
793 6
794 6
795 6
796 6
797 6
798 6
799 6
800 6
801 6
802 6
803 6
804 8
805 6
806 4
807 6
808 6
809 6
810 6
811 6
812 8
813 8
814 6
815 6
816 6
817 6
818 6
819 6
820 6
821 6
822 6
823 8
824 6
825 6
826 6
827 6
828 8
829 6
830 6
831 6
832 6
833 8
834 6
835 6
836 6
837 6
838 6
839 6
840 6
841 6
842 6
843 6
844 10
845 6
846 6
847 6
848 6
849 6
850 6
851 6
852 6
853 6
854 6
855 6
856 6
857 6
858 6
859 6
860 6
861 6
862 6
863 8
864 6
865 4
866 6
867 8
868 6
869 6
870 8
871 4
872 6
873 6
874 10
875 6
876 6
877 6
878 6
879 6
880 6
881 6
882 6
883 6
884 6
885 6
886 6
887 6
888 8
889 10
890 6
891 6
892 6
893 6
894 6
895 6
896 6
897 8
898 6
899 6
900 6
901 6
902 6
903 6
904 8
905 6
906 10
907 6
908 6
909 4
910 6
911 6
912 6
913 6
914 6
915 6
916 4
917 6
918 0
919 6
920 6
921 6
922 10
923 6
924 6
925 6
926 6
927 6
928 6
929 8
930 6
931 6
932 6
933 6
934 6
935 6
936 6
937 6
938 6
939 6
940 8
941 6
942 6
943 6
944 6
945 6
946 6
947 8
948 4
949 6
950 6
951 6
952 6
953 6
954 6
955 4
956 6
957 6
958 6
959 6
960 6
961 10
962 6
963 10
964 6
965 8
966 6
967 6
968 4
969 6
970 6
971 4
972 6
973 6
974 6
975 6
976 6
977 6
978 6
979 8
980 6
981 6
982 6
983 6
984 6
985 6
986 6
987 6
988 6
989 6
990 6
991 6
992 6
993 6
994 6
995 6
996 4
997 6
998 10
999 6
