0
9.676e-05
9.676e-05
9.676e-05
9.676e-05
0.000109955
0.000109955
0.000109955
0.000109955
0.000109955
0.000109955
0.000109955
0.000109955
0.000109955
0.000109955
0.000109955
0.000109955
0.000109955
0.000109955
0.000109955
0.000109955
0.000109955
0.000109955
0.000109955
0.000270405
0.000270405
0.000270405
0.000525205
0.000525205
0.00065757
0.00065757
0.00065757
0.00065757
0.00065757
0.00065757
0.00065757
0.00065757
0.00065757
0.00065757
0.00065757
0.00065757
0.00065757
0.00065757
0.00065757
0.00065757
0.0007079949999999999
0.0007079949999999999
0.0007079949999999999
0.0009451049999999999
0.0009451049999999999
0.0009451049999999999
0.0009451049999999999
0.0009451049999999999
0.0009851449999999998
0.0009851449999999998
0.0009851449999999998
0.0009851449999999998
0.0009851449999999998
0.0009851449999999998
0.0009851449999999998
0.0009851449999999998
0.0009851449999999998
0.0009851449999999998
0.0009851449999999998
0.0009851449999999998
0.0009851449999999998
0.0009851449999999998
0.0009851449999999998
0.0009851449999999998
0.0009851449999999998
0.0009851449999999998
0.0009851449999999998
0.0009851449999999998
0.0009851449999999998
0.0009851449999999998
0.0009851449999999998
0.0009851449999999998
0.0009851449999999998
0.0009851449999999998
0.0009851449999999998
0.0009851449999999998
0.001161835
0.001161835
0.001161835
0.001161835
0.001222515
0.001222515
0.001222515
0.001222515
0.001222515
0.00125727
0.0015381400000000001
0.0015381400000000001
0.0015381400000000001
0.0015381400000000001
0.00171113
0.00171113
0.0018396699999999998
0.0018396699999999998
0.0018396699999999998
0.0018396699999999998
0.0019023900000000001
0.0019023900000000001
0.0019023900000000001
0.0019023900000000001
0.0019023900000000001
0.0019023900000000001
0.0019023900000000001
0.0019023900000000001
0.0019023900000000001
0.00198806
0.0021218
0.0021218
0.0021218
0.0021218
0.0021218
0.0021250199999999996
0.0021250199999999996
0.0021584899999999995
0.0021584899999999995
0.0021584899999999995
0.0021584899999999995
0.0021584899999999995
0.0021584899999999995
0.0021584899999999995
0.0021584899999999995
0.0021584899999999995
0.0021584899999999995
0.0023930499999999994
0.0023930499999999994
0.0023930499999999994
0.0023930499999999994
0.0023930499999999994
0.0023930499999999994
0.0026141699999999994
0.0026141699999999994
0.003218329999999999
0.003218329999999999
0.003218329999999999
0.003218329999999999
0.003218329999999999
0.003218329999999999
0.003218329999999999
0.003447124999999999
0.003447124999999999
0.003447124999999999
0.003447124999999999
0.0035757649999999985
0.0035757649999999985
0.0035757649999999985
0.0035757649999999985
0.0035757649999999985
0.0035757649999999985
0.0035757649999999985
0.0035757649999999985
0.0035757649999999985
0.0035757649999999985
0.0035757649999999985
0.0035757649999999985
0.0035757649999999985
0.0035757649999999985
0.0035757649999999985
0.0035757649999999985
0.0035757649999999985
0.0036412599999999986
0.0036412599999999986
0.0036412599999999986
0.0036412599999999986
0.0036412599999999986
0.0036412599999999986
0.0036412599999999986
0.0036412599999999986
0.0036412599999999986
0.0036412599999999986
0.0036412599999999986
0.0036412599999999986
0.0036671799999999986
0.0036671799999999986
0.0036671799999999986
0.0036671799999999986
0.0036671799999999986
0.0036671799999999986
0.0036671799999999986
0.0036671799999999986
0.0036671799999999986
0.0036671799999999986
0.0036671799999999986
0.003955809999999999
0.003955809999999999
0.003999039999999999
0.004101409999999999
0.004101409999999999
0.004239549999999998
0.004239549999999998
0.004239549999999998
0.004239549999999998
0.004239549999999998
0.004239549999999998
0.004239549999999998
0.004239549999999998
0.004239549999999998
0.004343989999999999
0.004343989999999999
0.004406624999999999
0.004406624999999999
0.004644169999999999
0.004644169999999999
0.004644169999999999
0.004644169999999999
0.0047436499999999986
0.004772839999999999
0.004772839999999999
0.004772839999999999
0.004772839999999999
0.004772839999999999
0.004772839999999999
0.004772839999999999
0.004772839999999999
0.004772839999999999
0.004772839999999999
0.004772839999999999
0.004772839999999999
0.004949099999999999
0.004949099999999999
0.004949099999999999
0.004949099999999999
0.004949099999999999
0.004999979999999999
0.004999979999999999
0.004999979999999999
0.004999979999999999
0.004999979999999999
0.005024729999999999
0.005024729999999999
0.005130379999999999
0.005130379999999999
0.005130379999999999
0.005174574999999999
0.005174574999999999
0.005174574999999999
0.0053088549999999995
0.005542305
0.005542305
0.005779355
0.005955475
0.006066605
0.006066605
0.006066605
0.006078435
0.006078435
0.006199875
0.006199875
0.006199875
0.0064166349999999995
0.0064166349999999995
0.0064166349999999995
0.0064166349999999995
0.0064166349999999995
0.0064166349999999995
0.0064166349999999995
0.006450979999999999
0.006450979999999999
0.006450979999999999
0.006450979999999999
0.006450979999999999
0.006450979999999999
0.006450979999999999
0.006450979999999999
0.006450979999999999
0.006772154999999999
0.006834569999999999
0.006834569999999999
0.00683944
0.00683944
0.007433644999999999
0.007433644999999999
0.007433644999999999
0.007473694999999999
0.007473694999999999
0.007473694999999999
0.007937185000000001
0.007937185000000001
0.007937185000000001
0.007937185000000001
0.007937185000000001
0.007937185000000001
0.008149925
0.008161390000000001
0.008161390000000001
0.008161390000000001
0.008161390000000001
0.008161390000000001
0.008161390000000001
0.00817882
0.00817882
0.00817882
0.00817882
0.00817882
0.00817882
0.00817882
0.00817882
0.00817882
0.00828214
0.00828214
0.00828214
0.00828214
0.00828214
0.00828214
0.00828214
0.008307734999999998
0.008307734999999998
0.008347664999999999
0.008347664999999999
0.008347664999999999
0.008347664999999999
0.008347664999999999
0.008347664999999999
0.008347664999999999
0.008347664999999999
0.008347664999999999
0.008347664999999999
0.008347664999999999
0.008770635
0.008770635
0.008770635
0.008770635
0.008770635
0.008770635
0.008844395
0.008844395
0.008844395
0.008844395
0.009115065000000002
0.009115065000000002
0.009115065000000002
0.009115065000000002
0.009268545000000001
0.009624315000000001
0.009682525000000003
0.009682525000000003
0.009682525000000003
0.009682525000000003
0.009682525000000003
0.01016963
0.01016963
0.01016963
0.01019194
0.01019194
0.01019194
0.01026154
0.01026154
0.01026154
0.01026154
0.01026154
0.01026154
0.01026154
0.01026154
0.01037225
0.01037225
0.010757325
0.010757325
0.010757325
0.010757325
0.010757325
0.010757325
0.010757325
0.010757325
0.01108996
0.01108996
0.011373165000000001
0.011373165000000001
0.011373165000000001
0.011373165000000001
0.011373165000000001
0.011402885
0.011402885
0.011591540000000001
0.011939710000000001
0.011939710000000001
0.011939710000000001
0.011939710000000001
0.011939710000000001
0.012147310000000003
0.012147310000000003
0.012147310000000003
0.012192955000000004
0.012192955000000004
0.012202445000000003
0.012226610000000002
0.012226610000000002
0.012226610000000002
0.012226610000000002
0.012226610000000002
0.012226610000000002
0.012226610000000002
0.012226610000000002
0.012226610000000002
0.012366690000000001
0.012366690000000001
0.012366690000000001
0.012366690000000001
0.012366690000000001
0.012366690000000001
0.012366690000000001
0.012366690000000001
0.012366690000000001
0.012366690000000001
0.012366690000000001
0.012523300000000003
0.012523300000000003
0.012523300000000003
0.012523300000000003
0.012523300000000003
0.012528950000000002
0.012528950000000002
0.012528950000000002
0.012528950000000002
0.012528950000000002
0.012528950000000002
0.012528950000000002
0.012528950000000002
0.012528950000000002
0.012644500000000003
0.012793005000000003
0.012793005000000003
0.012915725000000001
0.012915725000000001
0.012915725000000001
0.012915725000000001
0.012915725000000001
0.012915725000000001
0.012915725000000001
0.012915725000000001
0.012915725000000001
0.012915725000000001
0.012915725000000001
0.012915725000000001
0.012915725000000001
0.012926480000000002
0.013333200000000002
0.013333200000000002
0.013333200000000002
0.013333200000000002
0.013333200000000002
0.013333200000000002
0.013333200000000002
0.013333200000000002
0.013518670000000002
0.013518670000000002
0.013518670000000002
0.013518670000000002
0.013518670000000002
0.013518670000000002
0.013518670000000002
0.013518670000000002
0.013518670000000002
0.013518670000000002
0.013518670000000002
0.013518670000000002
0.013518670000000002
0.013518670000000002
0.013518670000000002
0.013518670000000002
0.013518670000000002
0.013518670000000002
0.013518670000000002
0.013518670000000002
0.013669805000000002
0.013669805000000002
0.013669805000000002
0.013695015000000001
0.013942115000000003
0.013952685000000003
0.013952685000000003
0.013952685000000003
0.013952685000000003
0.013952685000000003
0.013952685000000003
0.014040805000000002
0.014040805000000002
0.014040805000000002
0.014040805000000002
0.014040805000000002
0.014040805000000002
0.014158365000000001
0.014158365000000001
0.014158365000000001
0.014158365000000001
0.014158365000000001
0.014158365000000001
0.014278285000000002
0.014278285000000002
0.014278285000000002
0.014278285000000002
0.014278285000000002
0.014353900000000003
0.014524160000000001
0.014524160000000001
0.014524160000000001
0.014524160000000001
0.01465552
0.01465552
0.01465552
0.01465552
0.014692654999999999
0.014692654999999999
0.014692654999999999
0.014692654999999999
0.014692654999999999
0.014692654999999999
0.014692654999999999
0.014692654999999999
0.014692654999999999
0.014692654999999999
0.014692654999999999
0.014692654999999999
0.014692654999999999
0.014692654999999999
0.014692654999999999
0.014692654999999999
0.014692654999999999
0.014692654999999999
0.014692654999999999
0.015170609999999998
0.015170609999999998
0.015360219999999997
0.015360219999999997
0.015360219999999997
0.015360219999999997
0.015360219999999997
0.015418759999999998
0.015418759999999998
0.015418759999999998
0.015418759999999998
0.015418759999999998
0.01548835
0.01548835
0.01548835
0.015528250000000002
0.015719245000000003
0.015875385000000002
0.015875385000000002
0.015875385000000002
0.015875385000000002
0.015875385000000002
0.015875385000000002
0.015875385000000002
0.015875385000000002
0.015875385000000002
0.015875385000000002
0.015875385000000002
0.015875385000000002
0.015875385000000002
0.015876285000000004
0.015876285000000004
0.015876285000000004
0.015876285000000004
0.016077435
0.016077435
0.016077435
0.016077435
0.016079185000000003
0.016079185000000003
0.016473925
0.016473925
0.016473925
0.016473925
0.016473925
0.016473925
0.016473925
0.016473925
0.016473925
0.016473925
0.016473925
0.016473925
0.016473925
0.016473925
0.016473925
0.016473925
0.016473925
0.016473925
0.016473925
0.01648361
0.016589665
0.01665447
0.016741300000000004
0.016741300000000004
0.016741300000000004
0.016741300000000004
0.016939895
0.017087375
0.017087375
0.017087375
0.01724408
0.01724408
0.01724408
0.01724408
0.01724408
0.01724408
0.01724408
0.017659119999999997
0.017659119999999997
0.017659119999999997
0.018062379999999996
0.018062379999999996
0.018062379999999996
0.018062379999999996
0.018062379999999996
0.018062379999999996
0.018062379999999996
0.018062379999999996
0.018062379999999996
0.018062379999999996
0.018062379999999996
0.018062379999999996
0.018062379999999996
0.018062379999999996
0.018062379999999996
0.018063489999999998
0.018167279999999997
0.018167279999999997
0.018246949999999998
0.018246949999999998
0.018269889999999997
0.018269889999999997
0.018269889999999997
0.018291239999999997
0.018291239999999997
0.018291239999999997
0.018291239999999997
0.018291239999999997
0.018308739999999997
0.018576205
0.018576205
0.018576205
0.018576205
0.018576205
0.018576205
0.018576205
0.018576205
0.018576205
0.018576205
0.018858055
0.018858055
0.01887898
0.01887898
0.01887898
0.01902245
0.01902245
0.01902245
0.01902245
0.01902245
0.01907933
0.019324780000000003
0.019324780000000003
0.019324780000000003
0.019324780000000003
0.019324780000000003
0.019603250000000003
0.019603250000000003
0.019603250000000003
0.019603250000000003
0.019603250000000003
0.019603250000000003
0.019603250000000003
0.019603250000000003
0.019603250000000003
0.019603250000000003
0.019603250000000003
0.019678160000000004
0.019678160000000004
0.019678160000000004
0.019678160000000004
0.01971639
0.01971639
0.01979171
0.01979171
0.01979171
0.01981594
0.01981594
0.019849870000000002
0.019849870000000002
0.019849870000000002
0.019867640000000002
0.019867640000000002
0.019867640000000002
0.020061225000000002
0.020061225000000002
0.020141114999999998
0.020141114999999998
0.020141114999999998
0.020141114999999998
0.020141114999999998
0.020141114999999998
0.020141114999999998
0.020141114999999998
0.020141114999999998
0.020141114999999998
0.02020325
0.02020325
0.020287209999999996
0.020287209999999996
0.020287209999999996
0.020287209999999996
0.020287209999999996
0.020345989999999998
0.020345989999999998
0.020345989999999998
0.020345989999999998
0.020345989999999998
0.020345989999999998
0.020345989999999998
0.020345989999999998
0.020345989999999998
0.020352109999999996
0.020637024999999993
0.020637024999999993
0.020637024999999993
0.020637024999999993
0.020637024999999993
0.020637024999999993
0.020766934999999997
0.020812934999999998
0.020812934999999998
0.020812934999999998
0.020833414999999994
0.020833414999999994
0.020833414999999994
0.020833414999999994
0.020890544999999993
0.020890544999999993
0.021141519999999994
0.021141519999999994
0.021141519999999994
0.021141519999999994
0.021141519999999994
0.021141519999999994
0.021141519999999994
0.021141519999999994
0.021141519999999994
0.021141519999999994
0.021639089999999993
0.021639089999999993
0.021639089999999993
0.021639089999999993
0.021639089999999993
0.021639089999999993
0.021639089999999993
0.021835409999999993
0.021835409999999993
0.021835409999999993
0.021835409999999993
0.021871989999999994
0.021871989999999994
0.021871989999999994
0.021871989999999994
0.021966589999999994
0.021966589999999994
0.021966589999999994
0.021966589999999994
0.021966589999999994
0.021966589999999994
0.021966589999999994
0.022210779999999992
0.022210779999999992
0.022210779999999992
0.022210779999999992
0.022210779999999992
0.022427809999999992
0.022504589999999998
0.022551065
0.022551065
0.022551065
0.022551065
0.022636889999999996
0.022755699999999997
0.022755699999999997
0.022755699999999997
0.022819094999999998
0.022819094999999998
0.022819094999999998
0.022819094999999998
0.022819094999999998
0.022819094999999998
0.022819094999999998
0.022986159999999995
0.022986159999999995
0.022986159999999995
0.022986159999999995
0.023000539999999993
0.023000539999999993
0.023000539999999993
0.023000539999999993
0.023000539999999993
0.023150229999999994
0.023150229999999994
0.023150229999999994
0.023150229999999994
0.023150229999999994
0.023150229999999994
0.023150229999999994
0.023150229999999994
0.023421419999999995
0.023421419999999995
0.023421419999999995
0.023421419999999995
0.023421419999999995
0.023653799999999992
0.023653799999999992
0.023708519999999993
0.023708519999999993
0.023800419999999992
0.023800419999999992
0.023800419999999992
0.02410580999999999
0.02410580999999999
0.02410580999999999
0.02447219999999999
0.02458111999999999
0.02458111999999999
0.02458111999999999
0.02458111999999999
0.02458111999999999
0.024678174999999993
0.024786654999999994
0.024807504999999994
0.024807504999999994
0.024807504999999994
0.024807504999999994
0.024907739999999994
0.024907739999999994
0.024907739999999994
0.024907739999999994
0.025177619999999994
0.025197049999999995
0.025197049999999995
0.025197049999999995
0.025197049999999995
0.025197049999999995
0.025197049999999995
0.025197049999999995
0.025197049999999995
0.025197049999999995
0.025197049999999995
0.025197049999999995
0.025197049999999995
0.025197049999999995
0.025197049999999995
0.025197049999999995
0.025197049999999995
0.025197049999999995
0.025197049999999995
0.025197049999999995
0.025197049999999995
0.025371889999999994
0.025487409999999995
0.025487409999999995
0.025499179999999996
0.025499179999999996
0.025499179999999996
0.025499949999999993
0.025526199999999995
0.025770069999999996
0.025770069999999996
0.025819639999999998
0.025862124999999996
0.025862124999999996
0.025862124999999996
0.025862124999999996
0.025862124999999996
0.025862124999999996
0.025862124999999996
0.026195044999999993
0.026195044999999993
0.026530044999999995
0.026530044999999995
0.026530044999999995
0.026730739999999992
0.026730739999999992
0.026730739999999992
0.026730739999999992
0.026866449999999993
0.026866449999999993
0.026866449999999993
0.026866449999999993
0.026866449999999993
0.026866449999999993
0.027040509999999993
0.027040509999999993
0.027040509999999993
0.027040509999999993
0.027266689999999993
0.027266689999999993
0.027266689999999993
0.027266689999999993
0.027266689999999993
0.027266689999999993
0.02738474499999999
0.02740928499999999
0.02740928499999999
0.02740928499999999
0.02740928499999999
0.02740928499999999
0.02745912499999999
0.02745912499999999
0.027498044999999992
0.02761443499999999
0.02761443499999999
0.027812174999999988
0.027812174999999988
0.02783561499999999
0.02790162499999999
0.02790162499999999
0.02790162499999999
0.02790162499999999
0.02790162499999999
0.02790162499999999
0.02790162499999999
0.02790162499999999
0.02790162499999999
0.02790162499999999
0.028015449999999987
0.028015449999999987
0.028288329999999987
0.028288329999999987
0.028288329999999987
0.028288329999999987
0.028288329999999987
0.028288329999999987
0.028560399999999986
0.028825139999999992
0.028825139999999992
0.028825139999999992
0.028825139999999992
0.028825139999999992
0.028825139999999992
0.028825139999999992
0.028825139999999992
0.028825139999999992
0.028825139999999992
0.028825139999999992
0.028876539999999992
0.028876539999999992
0.028876539999999992
0.02906593499999999
0.02938528499999999
0.02938528499999999
0.02938528499999999
0.02938528499999999
0.02938528499999999
0.02938528499999999
0.02938528499999999
0.02938528499999999
0.02946032499999999
0.02946032499999999
0.02946032499999999
0.02946032499999999
0.02946032499999999
0.02946032499999999
0.02946032499999999
0.02946032499999999
0.02985502499999999
0.02985502499999999
0.02985502499999999
0.02985502499999999
0.02985502499999999
0.02985502499999999
0.02985502499999999
0.02985502499999999
0.02985502499999999
0.02985502499999999
0.02985502499999999
0.02985502499999999
0.02994992499999999
0.02994992499999999
0.030114824999999987
0.030250554999999988
0.030250554999999988
0.030250554999999988
0.030250554999999988
0.030250554999999988
0.030250554999999988
0.030250554999999988
0.030250554999999988
0.030250554999999988
0.030250554999999988
0.030250554999999988
0.030250554999999988
0.030250554999999988
0.030250554999999988
0.03039062499999999
0.03039062499999999
0.03050413999999999
0.03050413999999999
0.03064172499999999
0.030679424999999993
0.030679424999999993
0.030679424999999993
0.03077400999999999
0.03077400999999999
