0 1670 566 3.32 [3317, 3573, 3340, 3184] [1670, 1670, 1670, 1670]
1 1838 2160 3.09 [2141, 2227, 2477, 2290, 2126, 2313] [1838, 1838, 1838, 1838, 1838, 1838]
2 2261 784 2.53 [4974, 4835, 4418, 4619, 4341] [2261, 2261, 2261, 2261, 2261]
3 1904 1120 1.54 [5325, 5521, 5253, 4860] [1904, 1904, 1904, 1904]
4 1693 508 1.78 [2589, 2495, 2716, 2784, 2427] [1693, 1693, 1693, 1693, 1693]
5 1143 1865 2.75 [4276, 4221] [1143, 1143]
6 1164 2228 4.37 [3580, 3417, 4120, 3781, 3630, 4045, 3869] [1164, 1164, 1164, 1164, 1164, 1164, 1164]
7 1847 647 4.43 [3920, 4080, 3907] [1847, 1847, 1847]
8 2369 1731 4.86 [2303, 2164] [2369, 2369]
9 2153 891 2.66 [3498, 3207, 3118, 3453] [2153, 2153, 2153, 2153]
10 1568 865 2.07 [11518, 12834, 12793, 13245, 11559] [1568, 1568, 1568, 1568, 1568]
11 2092 860 2.39 [3433, 3264, 3675, 3808, 3288, 3518, 3506] [2092, 2092, 2092, 2092, 2092, 2092, 2092]
12 996 663 2.62 [2584, 2883, 2856] [996, 996, 996]
13 1515 1879 3.95 [15470, 15316, 15725, 15368, 13989] [1515, 1515, 1515, 1510, 1510]
14 840 1502 4.6 [5473, 5620, 5676] [840, 840, 840]
15 1215 1603 3.81 [3104, 2875, 3083, 3364, 2833, 2812, 3426, 3166, 2854] [1215, 1215, 1215, 1215, 1215, 1215, 1215, 1215, 1215]
16 603 1216 1.44 [2354, 2340, 2194, 2026, 2179, 2165, 2325, 2201] [603, 603, 603, 603, 603, 603, 603, 603]
17 2389 1415 2.04 [2903, 2845, 3040, 2962, 3187, 2727, 3099, 2786] [2389, 2389, 2389, 2389, 2389, 2389, 2389, 2389]
18 1161 1767 1.79 [2104, 2221, 2131, 2062, 1863, 2207, 1904, 1980, 2042, 1959] [1161, 1161, 1161, 1161, 1161, 1161, 1161, 1161, 1161, 1161]
19 1970 1092 1.19 [15649, 13539, 15796, 14128, 13735, 15305, 14716, 13686, 14373] [1970, 1970, 1970, 1970, 1970, 1970, 1971, 1971, 1971]
20 1718 1320 1.77 [18524, 18128, 20238, 18590, 19579, 18656] [1718, 1718, 1718, 1718, 1710, 1710]
21 696 1901 2.86 [15358, 14435, 14483, 15164, 15407, 14824, 13754, 13949, 14969] [696, 696, 696, 696, 690, 690, 690, 690, 691]
22 1246 737 3.51 [4857, 5054, 4841, 5315] [1246, 1246, 1246, 1246]
23 1282 2284 1.8 [9785, 8382, 9815, 8322, 8901, 8718, 8931] [1282, 1282, 1282, 1282, 1282, 1282, 1282]
24 1435 1368 3.52 [7278, 7643, 7010, 7351, 7327] [1435, 1435, 1435, 1435, 1435]
25 1539 2359 2.77 [2572, 2783, 2528, 2642, 2625, 2854] [1539, 1539, 1539, 1539, 1539, 1539]
26 1476 1702 3.76 [3878, 3818, 3564, 3866, 3383, 3721] [1476, 1476, 1476, 1476, 1476, 1476]
27 1351 1975 3.39 [3845, 4356, 4115, 4413, 3888] [1351, 1351, 1351, 1351, 1351]
28 2016 1312 2.13 [4475, 4396, 4538] [2016, 2016, 2016]
29 695 1638 4.75 [8450, 8754, 7567, 8174] [695, 695, 695, 695]
30 892 1666 2.76 [3907, 4252, 4065, 4195, 4670, 4411, 4714, 4368, 4627, 4685] [892, 892, 892, 892, 892, 892, 892, 892, 892, 892]
31 2064 2078 1.2 [2609, 2599, 2924, 2800, 3105, 2819, 2771, 2943, 2962, 2675] [2064, 2064, 2064, 2064, 2064, 2064, 2064, 2064, 2064, 2064]
32 2082 823 4.16 [2091, 2024, 2360, 2270, 2255, 2397] [2082, 2082, 2082, 2082, 2082, 2082]
33 1215 680 3.32 [2885, 2949, 3435, 3149, 3329, 3170] [1215, 1215, 1215, 1215, 1215, 1215]
34 1748 1424 4.95 [6245, 6887, 6352] [1748, 1748, 1748]
35 2184 2189 3.24 [2874, 2757, 2698, 2903, 3040, 2727, 2659, 2747] [2184, 2184, 2184, 2184, 2184, 2184, 2184, 2184]
36 1810 1798 2.72 [2463, 2374, 2205, 2487, 2640, 2261] [1810, 1810, 1810, 1810, 1810, 1810]
37 1136 2458 1.71 [2046, 2255, 1962, 2018, 2262, 1899, 2060, 2150, 2220, 2074] [1136, 1136, 1136, 1136, 1136, 1136, 1136, 1136, 1136, 1136]
38 659 1207 2.97 [7185, 7818, 7745] [659, 659, 659]
39 2472 1458 1.15 [2940, 3016, 2834] [2472, 2472, 2472]
40 813 1551 3.79 [5002, 5459] [813, 813]
41 742 981 3.89 [2335, 2128, 2246, 2298, 2394] [742, 742, 742, 742, 742]
42 2325 702 4.63 [2940, 3019, 2793, 2980, 2823, 2646, 3058, 2744, 3068, 2882] [2325, 2325, 2325, 2325, 2325, 2325, 2325, 2325, 2325, 2325]
43 1920 968 3.55 [2019, 2238, 2392, 2158, 2246, 2070, 2107, 2136] [1920, 1920, 1920, 1920, 1920, 1920, 1920, 1920]
44 642 2484 3.49 [14161, 12665, 12805, 13787, 15002, 12712, 15329, 14535, 13880] [642, 642, 642, 642, 640, 640, 640, 640, 641]
45 1193 2207 3.91 [18912, 20217, 19564, 20869, 18260, 17673] [1193, 1193, 1190, 1191, 1191, 1192]
46 921 760 4.29 [2974, 2592, 2674, 2810] [921, 921, 921, 921]
47 1616 1697 4.5 [4221] [1616]
48 511 752 1.23 [1895, 2148, 2011] [511, 511, 511]
49 638 529 3.96 [5523, 5291, 5845] [638, 638, 638]
50 597 1629 3.82 [2361, 2597, 2297, 2219, 2147, 2329, 2447, 2590, 2376, 2487] [597, 597, 597, 597, 597, 597, 597, 597, 597, 597]
51 1960 1246 1.56 [5077, 4969, 5402, 4878, 5041] [1960, 1960, 1960, 1960, 1960]
52 1069 660 2.24 [18032, 16430] [1069, 1069]
53 1089 1944 2.34 [4896] [1089]
54 1031 1800 4.51 [4074, 3531, 4010] [1031, 1031, 1031]
55 615 1746 1.85 [1997] [615]
56 800 1126 4.37 [12937, 10821, 11699] [800, 800, 800]
57 1557 1870 2.92 [6655, 6142, 5772, 6368, 5731, 5567, 6060, 6327] [1557, 1557, 1557, 1557, 1557, 1557, 1557, 1557]
58 815 1424 3.81 [5124, 5318, 5494] [815, 815, 815]
59 1461 816 3.37 [2082, 2180, 1992] [1461, 1461, 1461]
60 933 1513 3.62 [4143, 4208, 3961, 3819, 3624, 4039, 3767, 4117, 4195, 3611] [933, 933, 933, 933, 933, 933, 933, 933, 933, 933]
61 613 1437 2.34 [2124, 1913, 2060, 2166, 2236, 2243, 1927, 2201, 2215] [613, 613, 613, 613, 613, 613, 613, 613, 613]
62 573 761 1.04 [2042, 1953, 2145, 2062, 2221, 2104] [573, 573, 573, 573, 573, 573]
63 2377 1855 1.37 [6277, 6876] [2377, 2377]
64 1433 1376 4.0 [2846, 2940, 3080, 2640, 2930, 2968, 2668] [1433, 1433, 1433, 1433, 1433, 1433, 1433]
65 1973 819 1.88 [10764, 10519, 10939, 11288, 11253, 10904, 10275, 11183, 9855] [1973, 1973, 1973, 1973, 1973, 1973, 1973, 1973, 1971]
66 639 1596 1.62 [6718, 6652, 6083, 5996, 6827, 6455, 6543, 6017, 6193, 5908] [639, 639, 639, 639, 639, 639, 639, 639, 639, 639]
67 1430 866 2.47 [5123, 5231, 5195, 5518] [1430, 1430, 1430, 1430]
68 1030 817 2.67 [1903, 2044, 2206, 2030, 2129, 2248] [1030, 1030, 1030, 1030, 1030, 1030]
69 1930 2295 2.63 [4468, 4184, 4856, 4811, 4139] [1930, 1930, 1930, 1930, 1930]
70 2325 2217 4.97 [3262, 3054] [2325, 2325]
71 2296 2123 2.52 [1930, 2166] [2296, 2296]
72 2193 1983 3.29 [4085, 3823] [2193, 2193]
73 2042 1333 4.27 [12298, 10192, 11207, 11245, 11659, 11508, 11847] [2042, 2042, 2042, 2042, 2042, 2040, 2040]
74 1509 1924 3.25 [3259, 3062, 3106] [1509, 1509, 1509]
75 1467 1523 2.62 [4735, 4302, 4446, 4590, 3912, 4359, 4388, 4229, 4475] [1467, 1467, 1467, 1467, 1467, 1467, 1467, 1467, 1467]
76 1943 2170 1.74 [3444, 3621, 3291, 3562] [1943, 1943, 1943, 1943]
77 2096 2204 3.27 [1866] [2096]
78 836 1360 4.08 [2608] [836]
79 1456 1143 1.99 [1937] [1456]
80 1891 1502 2.41 [3584, 3619, 3376, 3307, 3133, 3226, 3769] [1891, 1891, 1891, 1891, 1891, 1891, 1891]
81 585 788 3.66 [4844, 5281, 5509, 5754] [585, 585, 585, 585]
82 1469 2091 2.41 [7420, 7969, 8119, 7844, 7270, 7694, 8044, 7195, 8219] [1469, 1469, 1469, 1469, 1469, 1469, 1469, 1469, 1469]
83 615 719 3.9 [3651, 3833, 3602, 3639, 3541, 3323] [615, 615, 615, 615, 615, 615]
84 823 1689 4.04 [2279, 2182, 2554, 2481, 2400] [823, 823, 823, 823, 823]
85 1983 2070 3.94 [2219, 2080, 2032] [1983, 1983, 1983]
86 1306 745 4.17 [3412, 3193, 3381, 2859] [1306, 1306, 1306, 1306]
87 1506 2175 3.2 [13409, 12251, 14211, 14122, 14612] [1506, 1506, 1506, 1506, 1500]
88 1848 1755 1.98 [5503, 5857, 5798] [1848, 1848, 1848]
89 2330 1940 3.75 [4176, 4162, 3965, 3994] [2330, 2330, 2330, 2330]
90 1981 1939 2.45 [12051, 12467, 12164] [1981, 1981, 1981]
91 906 2142 4.41 [4545] [906]
92 1901 1570 1.75 [6325, 5904] [1901, 1901]
93 1807 1899 3.42 [4329, 4424, 4248, 4261] [1807, 1807, 1807, 1807]
94 2344 1663 2.32 [14018, 14104, 13201, 13330, 12083, 13803, 13932, 12900] [2344, 2344, 2344, 2344, 2344, 2344, 2340, 2340]
95 996 1268 3.04 [3265, 3212, 3350, 2915, 3021, 2894, 2926] [996, 996, 996, 996, 996, 996, 996]
96 1983 633 2.11 [2824, 2558, 2700, 2602, 2860, 2469] [1983, 1983, 1983, 1983, 1983, 1983]
97 1218 2078 3.56 [15577, 13593, 16321] [1218, 1218, 1218]
98 528 2044 3.59 [7826, 8333, 6864, 7092, 7801, 7041, 7497] [528, 528, 528, 528, 528, 528, 528]
99 995 1474 1.69 [3639, 3651, 3358, 3733, 3265, 3627] [995, 995, 995, 995, 995, 995]
100 2275 2314 3.82 [2300, 1914, 2195, 1921, 2307, 2096, 2132, 2082, 2146] [2275, 2275, 2275, 2275, 2275, 2275, 2275, 2275, 2275]
101 1596 1135 3.31 [6600, 7035, 6370, 6852, 7241, 6668] [1596, 1596, 1596, 1596, 1596, 1596]
102 1230 642 3.83 [14806, 13902, 14949, 14521, 13140] [1230, 1230, 1230, 1230, 1231]
103 2429 1017 2.26 [4819, 4574, 4688, 4525, 4557, 4982, 5047] [2429, 2429, 2429, 2429, 2429, 2429, 2429]
104 846 2234 4.04 [1986, 2180, 1920, 1873, 1940, 1886] [846, 846, 846, 846, 846, 846]
105 1895 1809 1.2 [5119, 5594, 5558, 5576, 5101, 4991, 5996, 5265, 5338, 5466] [1895, 1895, 1895, 1895, 1895, 1895, 1895, 1895, 1895, 1895]
106 2054 1247 4.91 [2627, 2897] [2054, 2054]
107 2486 2145 1.29 [3147, 3038] [2486, 2486]
108 1004 1406 3.73 [8249, 7661, 8142, 8356, 7688, 7288, 8062, 7928, 8329, 8436] [1004, 1004, 1004, 1004, 1004, 1004, 1004, 1004, 1004, 1000]
109 1193 1457 1.23 [4600, 4616, 4416, 4953, 4662, 5030] [1190, 1190, 1190, 1190, 1190, 1192]
110 2404 502 4.57 [3171, 3058, 2865, 3283, 3324, 3313, 3262, 2895, 2997, 3028] [2404, 2404, 2404, 2404, 2404, 2404, 2404, 2404, 2404, 2404]
111 1157 1892 2.37 [2462, 2891] [1157, 1157]
112 1026 1393 3.19 [2712, 2771, 2763] [1026, 1026, 1026]
113 508 1528 3.57 [4244, 3911, 4535, 4258, 4382, 4355] [508, 508, 508, 508, 508, 508]
114 750 840 2.37 [2651, 2802, 2567, 2896, 2999, 2820, 2877, 2614] [750, 750, 750, 750, 750, 750, 750, 750]
115 535 2260 3.04 [4296, 3863, 3905, 4212, 4338, 4492, 4436, 4045, 4282] [535, 535, 535, 535, 535, 535, 535, 535, 535]
116 1115 597 1.67 [3254, 3442, 3390, 2825, 3138, 3107, 3097] [1115, 1115, 1115, 1115, 1115, 1115, 1115]
117 1744 1664 3.56 [5382] [1744]
118 2397 2232 4.89 [4359, 4167, 4536, 4462, 4551] [2397, 2397, 2397, 2397, 2397]
119 1956 1491 2.37 [3020, 3154, 3340, 3165] [1956, 1956, 1956, 1956]
120 574 2277 4.86 [3883, 3998, 4070] [574, 574, 574]
121 1057 999 2.96 [7386] [1057]
122 1427 1257 3.51 [6129, 6069, 6387] [1427, 1427, 1427]
123 918 1916 1.12 [7764, 7238, 7644] [918, 918, 918]
124 1738 2478 2.54 [19284, 17613, 18577] [1738, 1738, 1738]
125 1860 2451 4.1 [2308, 2549, 2613, 2188, 2404, 2637, 2180, 2348] [1860, 1860, 1860, 1860, 1860, 1860, 1860, 1860]
126 637 660 2.72 [3208, 3099] [637, 637]
127 1640 2441 4.77 [17811, 17427, 20502] [1640, 1641, 1642]
128 967 1875 1.21 [3552, 3497, 3595, 2973, 3235] [967, 967, 967, 967, 967]
129 2240 1255 3.06 [3153, 2979, 2777, 2835, 2758, 3143, 2603, 2941, 2931, 3114] [2240, 2240, 2240, 2240, 2240, 2240, 2240, 2240, 2240, 2240]
130 1453 965 2.51 [4382, 4075, 4507, 4005, 4354, 4242, 3796, 3810, 4047] [1453, 1453, 1453, 1453, 1453, 1453, 1453, 1453, 1453]
131 1694 2306 2.25 [5012, 5227, 5872] [1694, 1694, 1694]
132 1513 692 1.89 [7089] [1513]
133 1125 2366 1.03 [15944, 15335, 17550, 18103, 17439, 16221, 15114, 15391, 16941] [1125, 1125, 1125, 1125, 1125, 1120, 1120, 1120, 1120]
134 2296 2268 1.92 [1858, 2111, 1981, 2084, 2146, 2015, 2139, 2159, 2235] [2296, 2296, 2296, 2296, 2296, 2296, 2296, 2296, 2296]
135 1801 2182 3.5 [13814, 12364, 13473, 11511, 14027, 13302, 11853, 12279] [1801, 1801, 1801, 1801, 1800, 1800, 1800, 1800]
136 2483 2464 4.84 [2643, 2328, 2392, 2538, 2231, 2408, 2255, 2295, 2376] [2483, 2483, 2483, 2483, 2483, 2483, 2483, 2483, 2483]
137 1596 1175 2.21 [5772, 5477, 4998, 5920, 5053, 5237, 5422, 5883, 5791, 5219] [1596, 1596, 1596, 1596, 1596, 1596, 1596, 1590, 1590, 1590]
138 824 601 1.44 [3185, 3296, 3135] [824, 824, 824]
139 2230 1727 1.24 [4844, 5291] [2230, 2230]
140 980 1939 3.69 [2033, 1969, 1926, 2161, 1962, 2303, 2282, 2005] [980, 980, 980, 980, 980, 980, 980, 980]
141 1666 2130 4.42 [5039, 4634, 4439, 4698, 4990, 4488, 4682] [1666, 1666, 1666, 1666, 1666, 1666, 1666]
142 1962 978 4.36 [2671, 2740, 2483, 2723, 2466, 2414, 2543, 2337] [1962, 1962, 1962, 1962, 1962, 1962, 1962, 1962]
143 1389 759 2.02 [3663, 3125, 3428, 3540, 3573, 3596] [1389, 1389, 1389, 1389, 1389, 1389]
144 2153 1085 4.88 [5486, 5307, 5864, 5091, 5414, 5900, 5666, 4965, 5145] [2153, 2153, 2153, 2153, 2153, 2153, 2153, 2153, 2153]
145 601 827 3.73 [2930, 3182] [601, 601]
146 1985 958 1.45 [2801] [1985]
147 1359 1316 3.82 [5765, 4886] [1359, 1359]
148 1368 1127 1.89 [2025, 2011, 2081, 2157, 2122, 2074, 2248] [1368, 1368, 1368, 1368, 1368, 1368, 1368]
149 540 2452 4.72 [4280, 4249, 4827, 4358] [540, 540, 540, 540]
150 2426 1746 2.29 [2695, 2740, 2926, 2597, 2766] [2426, 2426, 2426, 2426, 2426]
151 2238 601 3.19 [5261, 5484, 5316, 5595, 5521, 5688, 6097, 5818, 5539, 5428] [2238, 2238, 2238, 2238, 2238, 2238, 2238, 2238, 2238, 2238]
152 1349 1163 1.91 [4160, 3836, 3822, 4484, 4428, 4245, 4216, 3948, 4625] [1349, 1349, 1349, 1349, 1349, 1349, 1349, 1349, 1349]
153 1418 2045 2.91 [2350, 2444, 2693] [1418, 1418, 1418]
154 1822 1950 1.43 [5349, 4979, 5419] [1822, 1822, 1822]
155 1260 1750 1.65 [9680] [1260]
156 1459 995 3.69 [2442, 2381] [1459, 1459]
157 999 1514 1.7 [2041, 2269, 2092] [999, 999, 999]
158 658 1449 4.22 [1897, 2229] [658, 658]
159 1933 2069 1.25 [13999, 12916, 11876, 13349, 14129, 13306, 12266, 13739] [1933, 1933, 1933, 1933, 1933, 1933, 1933, 1930]
160 2065 2275 1.81 [8408, 8331, 8075, 7998, 7511, 7178, 7767, 7357, 7434, 7229] [2065, 2065, 2065, 2065, 2065, 2065, 2065, 2065, 2065, 2065]
161 1526 1605 2.75 [2458, 2656, 2466, 2532, 2507, 2615, 2384, 2573, 2714] [1526, 1526, 1526, 1526, 1526, 1526, 1526, 1526, 1526]
162 2070 501 2.05 [2702, 3025, 2897, 2829, 2907] [2070, 2070, 2070, 2070, 2070]
163 658 1109 4.09 [2544, 2168, 2145] [658, 658, 658]
164 1269 1796 1.97 [2579] [1269]
165 2204 1020 2.6 [7915, 7890] [2204, 2204]
166 1038 1984 2.37 [6263, 6834, 5933, 6966, 6329, 6241, 6351] [1038, 1038, 1038, 1038, 1038, 1038, 1038]
167 995 536 4.71 [2220, 2277, 2351, 2466] [995, 995, 995, 995]
168 729 2348 4.9 [9360, 9512] [729, 729]
169 2477 1631 2.62 [5592, 5977, 5997, 6018, 6565, 6443] [2477, 2477, 2477, 2477, 2477, 2477]
170 1362 1710 4.38 [8653] [1362]
171 1231 1182 3.41 [1984, 2031] [1231, 1231]
172 1676 1548 2.76 [2136, 1955, 2283, 2053, 2241, 1913, 1997, 1934] [1676, 1676, 1676, 1676, 1676, 1676, 1676, 1676]
173 786 1932 2.07 [6854, 6495, 6411, 6748, 6010] [786, 786, 786, 786, 786]
174 1868 694 4.55 [3278, 3668, 3055, 3445] [1868, 1868, 1868, 1868]
175 1387 740 2.96 [2398, 2091, 2293, 2039, 2031, 2271] [1387, 1387, 1387, 1387, 1387, 1387]
176 1914 1483 4.65 [4714, 4697, 4984, 4883, 5406] [1914, 1914, 1914, 1914, 1914]
177 624 2232 4.28 [4308, 4380, 4539, 4222, 4322, 3890, 4409, 4150, 4020, 4351] [624, 624, 624, 624, 624, 624, 624, 624, 624, 624]
178 2180 2236 2.07 [8247, 8801, 9325, 9005, 8101, 7985, 8218, 8014, 8742, 8480] [2180, 2180, 2180, 2180, 2180, 2180, 2180, 2180, 2180, 2180]
179 1159 2050 1.49 [3552, 3112, 3529] [1159, 1159, 1159]
180 1603 568 3.65 [9387, 9026, 9617, 10109, 10700, 10372, 9485, 10043, 10733, 9124] [1603, 1603, 1603, 1603, 1603, 1603, 1603, 1600, 1600, 1600]
181 2081 1439 3.59 [2284, 2067, 2161, 2320, 2147] [2081, 2081, 2081, 2081, 2081]
182 2184 2113 1.37 [2136, 2114, 2072, 2093, 2306, 2207] [2184, 2184, 2184, 2184, 2184, 2184]
183 820 1263 4.25 [5221] [820]
184 2165 2229 2.53 [2553] [2165]
185 699 602 4.68 [6179, 6076, 6651, 6466, 5543, 6138] [699, 699, 699, 699, 699, 699]
186 1362 520 2.13 [1944, 2274, 2282, 2038, 2253, 2131, 2325] [1362, 1362, 1362, 1362, 1362, 1362, 1362]
187 883 1568 1.13 [4214, 4781, 4856, 4348, 4811, 4423, 4722, 4408, 4647] [883, 883, 883, 883, 883, 883, 883, 883, 883]
188 2472 1611 3.08 [3292, 3245] [2472, 2472]
189 959 2221 1.01 [4652] [959]
190 1343 1148 2.1 [4717, 4444, 4487, 4343, 4185, 4401, 4588, 3941] [1343, 1343, 1343, 1343, 1343, 1343, 1343, 1343]
191 2044 2252 2.27 [3980, 3966, 3926, 4127, 4394, 3806, 4287, 3993] [2044, 2044, 2044, 2044, 2044, 2044, 2044, 2044]
192 1896 1070 1.61 [12474, 14545, 14453] [1896, 1896, 1896]
193 1223 999 4.91 [2279, 1905, 2148, 2044, 1912, 2065, 1947, 2134, 1885, 2231] [1223, 1223, 1223, 1223, 1223, 1223, 1223, 1223, 1223, 1223]
194 2024 1500 1.38 [10761, 10492, 9416, 9584, 10526, 9887, 9786, 9214, 10660] [2024, 2024, 2024, 2024, 2024, 2024, 2024, 2024, 2024]
195 2053 1619 1.82 [3221, 3582, 3374, 3593, 3308, 3199, 3276, 3560] [2053, 2053, 2053, 2053, 2053, 2053, 2053, 2053]
196 2284 2250 3.37 [3362, 3618, 3451, 3607, 3250, 3630] [2284, 2284, 2284, 2284, 2284, 2284]
197 1624 1218 1.88 [5453, 5354, 4608, 5437, 5420] [1624, 1624, 1624, 1624, 1624]
198 658 1137 2.75 [2811, 2888, 2897, 2916, 2620, 2830, 2878, 2725] [658, 658, 658, 658, 658, 658, 658, 658]
199 2042 820 3.55 [3882, 4032, 4264] [2040, 2040, 2040]
200 1937 1319 4.49 [6295, 6723, 6520, 6678, 7197] [1937, 1937, 1937, 1937, 1937]
201 1711 2377 3.68 [1911, 2239, 2176, 2197, 1918, 1890, 2058] [1711, 1711, 1711, 1711, 1711, 1711, 1711]
202 2495 1384 1.75 [4289] [2495]
203 1284 1552 4.67 [2567, 2473, 2284] [1284, 1284, 1284]
204 1402 1725 3.6 [3558, 3642, 3679, 3958, 3630, 3946, 3849] [1402, 1402, 1402, 1402, 1402, 1402, 1402]
205 580 1005 2.78 [4094, 3736, 3974] [580, 580, 580]
206 2295 1412 2.2 [2289, 2472, 2576, 2400, 2305, 2233, 2568, 2624] [2295, 2295, 2295, 2295, 2295, 2295, 2295, 2295]
207 613 1357 2.24 [2828, 2628] [613, 613]
208 2146 2064 1.97 [10037, 9046, 10070, 9871] [2146, 2146, 2146, 2146]
209 2469 723 1.79 [5223, 5730, 6031, 5392, 5975] [2469, 2469, 2469, 2469, 2469]
210 2199 634 3.83 [2657, 2592, 2341, 2455, 2398, 2293] [2199, 2199, 2199, 2199, 2199, 2199]
211 1109 594 4.15 [3428, 3538, 3373, 3119, 3251, 3483, 3626, 2987, 3406] [1109, 1109, 1109, 1109, 1109, 1109, 1109, 1109, 1109]
212 2428 2417 1.75 [8222, 8652, 9368, 8938, 9225, 9253] [2428, 2428, 2428, 2428, 2428, 2428]
213 575 690 2.64 [3469] [575]
214 2489 625 2.33 [2166, 2195, 2210, 2325, 1979] [2489, 2489, 2489, 2489, 2489]
215 1048 1354 4.16 [3211, 2968, 2936, 3390, 3316, 3242, 2957, 3274, 3411] [1048, 1048, 1048, 1048, 1048, 1048, 1048, 1048, 1048]
216 1661 2090 4.91 [17258, 17641, 15074, 16439, 17750, 15838, 15784] [1661, 1660, 1660, 1661, 1662, 1662, 1663]
217 689 1680 3.51 [5067, 4540, 5098, 4494] [689, 689, 689, 689]
218 2019 2369 3.28 [11003, 11444, 11123, 12287, 12368, 12167, 12127, 11765, 12890, 12970] [2019, 2019, 2019, 2019, 2019, 2019, 2010, 2010, 2010, 2010]
219 1917 1504 4.63 [2117, 1921, 2103, 2076, 2211, 2002, 2198, 1969] [1917, 1917, 1917, 1917, 1917, 1917, 1917, 1917]
220 963 1285 3.05 [4605, 4683, 5121, 4276, 4871, 4761, 4698, 4792, 4839] [963, 963, 963, 963, 963, 963, 963, 963, 963]
221 1912 1451 2.01 [4806, 4732] [1912, 1912]
222 1564 2246 3.99 [11633, 10940, 11962, 10868, 11597, 11451, 10831] [1564, 1564, 1564, 1564, 1564, 1560, 1560]
223 549 2459 4.11 [2563, 2390, 2554, 2658] [549, 549, 549, 549]
224 1559 2131 3.79 [5286, 5318, 5138, 4793, 4892, 4481] [1559, 1559, 1559, 1559, 1559, 1559]
225 1132 728 4.26 [3288, 3022, 3192, 3001, 3107] [1132, 1132, 1132, 1132, 1132]
226 843 831 3.44 [2162, 2020, 1959, 2209] [843, 843, 843, 843]
227 1177 1818 1.41 [2568, 2676, 2810, 2577, 2595, 2944] [1177, 1177, 1177, 1177, 1177, 1177]
228 1349 568 2.86 [3274, 3306, 2967, 3062, 3030, 3126, 3295, 2861, 3369, 3051] [1349, 1349, 1349, 1349, 1349, 1349, 1349, 1349, 1349, 1349]
229 1125 553 3.23 [5931, 5383, 5755, 5696, 6225, 6029, 6401, 6303] [1120, 1120, 1120, 1120, 1121, 1121, 1121, 1121]
230 2499 1064 4.77 [3257] [2499]
231 1283 1922 3.0 [3220, 3634, 3646] [1283, 1283, 1283]
232 809 1466 4.61 [2178, 2500, 2454, 2239, 2124, 2109, 2339, 2086] [809, 809, 809, 809, 809, 809, 809, 809]
233 2484 2043 1.8 [5473, 5402, 5208, 5296, 4855] [2484, 2484, 2484, 2484, 2484]
234 2456 868 4.23 [4912, 4714, 5340, 4796, 4631, 5043, 4829] [2456, 2456, 2456, 2456, 2456, 2456, 2456]
235 2064 2042 1.42 [2819, 3031, 2745] [2064, 2064, 2064]
236 2347 1103 3.37 [2899, 2629, 2619, 2796, 2545, 2778] [2347, 2347, 2347, 2347, 2347, 2347]
237 1542 1690 3.04 [7093, 6939, 6873] [1542, 1542, 1542]
238 1968 2401 2.44 [9710] [1968]
239 1468 856 2.11 [4812, 4561, 4595] [1468, 1468, 1468]
240 2051 2423 1.16 [8752, 8421, 9504, 9323, 8632, 9594, 9895, 8180, 8271, 8902] [2051, 2051, 2051, 2051, 2051, 2051, 2051, 2051, 2051, 2051]
241 1917 1240 2.69 [8191, 8432, 8459, 8137, 8406, 7681, 7546, 8486, 8164, 7466] [1917, 1917, 1917, 1917, 1917, 1917, 1917, 1917, 1910, 1910]
242 2006 1262 3.41 [3031, 3002, 3088, 2868, 2639] [2006, 2006, 2006, 2006, 2006]
243 2050 2063 4.73 [5138, 5271, 5238, 5105, 4804, 5021] [2050, 2050, 2050, 2050, 2050, 2050]
244 1392 1062 2.14 [2168, 2073, 2148, 2202, 1972, 2229, 2188] [1392, 1392, 1392, 1392, 1392, 1392, 1392]
245 1696 1846 1.31 [6750, 6495, 7306, 6332, 6541, 7260, 7167] [1696, 1696, 1696, 1696, 1696, 1696, 1696]
246 916 1167 2.32 [7379, 6632, 6745, 7221, 6972, 6270, 6202] [916, 916, 916, 916, 916, 916, 916]
247 2122 743 2.45 [7533, 7388, 7848, 7727] [2122, 2122, 2122, 2122]
248 1716 1531 1.08 [3845, 3692, 3768] [1716, 1716, 1716]
249 1687 1998 4.81 [2518, 2727, 2937, 2554, 2673] [1687, 1687, 1687, 1687, 1687]
250 701 1232 2.59 [5820, 6562, 6402, 6321, 6101] [701, 701, 701, 701, 701]
251 942 2371 3.59 [2121, 1898, 1925, 1864, 1959, 2074, 2013, 2155, 2006, 1831] [942, 942, 942, 942, 942, 942, 942, 942, 942, 942]
252 1513 1051 3.14 [6117, 6196, 6037, 5998, 5760, 6473, 6216, 6334, 5661] [1513, 1513, 1513, 1513, 1513, 1513, 1513, 1513, 1513]
253 935 2492 3.22 [3393, 3480] [935, 935]
254 2388 920 1.52 [2105, 1912, 1898, 2119, 1988, 2064, 2188, 2222] [2388, 2388, 2388, 2388, 2388, 2388, 2388, 2388]
255 2098 1458 1.14 [2139, 2250, 2258] [2098, 2098, 2098]
256 539 1695 4.31 [4929, 5063, 4896, 5263, 5046, 4511, 5246, 4578, 5347, 4779] [539, 539, 539, 539, 539, 539, 539, 539, 539, 539]
257 1736 999 2.45 [10567, 9652, 10668] [1736, 1736, 1736]
258 1438 2075 3.53 [3487] [1438]
259 2411 1819 4.05 [11625, 11129, 11093, 10774, 9676, 9711, 10703, 10314, 10455] [2411, 2411, 2411, 2411, 2411, 2411, 2410, 2410, 2410]
260 1450 954 4.58 [2882, 2701, 2485, 2512, 2584, 2458, 2927, 2449, 2837] [1450, 1450, 1450, 1450, 1450, 1450, 1450, 1450, 1450]
261 604 2103 2.77 [5378, 5843, 5521, 5039, 5468, 4896, 5771, 5271, 4985] [604, 604, 604, 604, 604, 604, 604, 604, 604]
262 1994 815 3.37 [2796, 2564] [1994, 1994]
263 2438 2423 2.87 [4891] [2438]
264 2048 1525 4.71 [4030, 3802, 4177] [2048, 2048, 2048]
265 1741 1017 4.05 [3362, 3444, 3574, 3715] [1741, 1741, 1741, 1741]
266 964 2265 1.34 [2871, 3043, 3123] [964, 964, 964]
267 551 1348 4.24 [2586, 2328, 2287, 2461, 2361, 2453, 2719] [551, 551, 551, 551, 551, 551, 551]
268 2196 1009 2.87 [2461] [2196]
269 2173 1542 4.52 [8319, 9917, 9525] [2173, 2173, 2173]
270 1516 913 1.69 [9305, 8320, 9160, 9537, 8030, 8146, 8783, 8378, 8957] [1516, 1516, 1516, 1516, 1516, 1516, 1516, 1516, 1516]
271 1686 1222 4.11 [4116] [1686]
272 1735 942 4.34 [2186, 2170, 2254, 2483, 2262, 2292, 2361, 2377, 2399] [1735, 1735, 1735, 1735, 1735, 1735, 1735, 1735, 1735]
273 1162 784 2.44 [11463, 11253, 9541, 9436, 11114, 10764] [1162, 1162, 1162, 1162, 1162, 1162]
274 961 745 3.5 [2256, 2035, 2083, 1993] [961, 961, 961, 961]
275 1560 1364 4.42 [2021, 1865, 1919, 1851] [1560, 1560, 1560, 1560]
276 1939 1052 1.24 [10368, 11096, 9778, 11339, 11373, 10957, 11304, 9362] [1939, 1939, 1939, 1939, 1939, 1939, 1939, 1939]
277 632 880 4.44 [3542, 3517, 3922, 3358, 3493, 3346, 3407, 3309, 3382] [632, 632, 632, 632, 632, 632, 632, 632, 632]
278 1996 1275 2.52 [3819, 3807, 3420, 3432, 3532] [1996, 1996, 1996, 1996, 1996]
279 730 1302 3.09 [16518, 14737, 15763, 16356, 16950, 15871] [730, 730, 730, 730, 731, 731]
280 1391 1410 1.55 [2481, 2537, 2239, 2594] [1391, 1391, 1391, 1391]
281 1812 1766 4.23 [8401, 8747, 8891, 8458, 7910, 7794, 8545, 8660] [1812, 1812, 1812, 1812, 1812, 1812, 1812, 1812]
282 1795 1343 3.14 [5824, 5939, 5213, 6187] [1795, 1795, 1795, 1795]
283 1584 502 4.83 [2836, 2771, 3021, 2567, 2753, 2975] [1584, 1584, 1584, 1584, 1584, 1584]
284 1297 623 4.13 [4316, 4162, 4285, 4979, 4717, 4362, 4455] [1297, 1297, 1297, 1297, 1297, 1297, 1297]
285 2214 849 3.87 [3062, 3397, 3364, 3241, 3632, 3274] [2214, 2214, 2214, 2214, 2214, 2214]
286 1757 909 4.9 [2174, 2247, 2050, 2152, 2094, 2393, 2218, 2378] [1757, 1757, 1757, 1757, 1757, 1757, 1757, 1757]
287 1930 2454 4.9 [2516, 2698, 2394, 2403, 2472] [1930, 1930, 1930, 1930, 1930]
288 1524 1853 1.69 [2311, 2270, 2460] [1524, 1524, 1524]
289 2331 1168 3.0 [6292, 6503, 5870, 6672, 6187, 6905, 6461, 5722] [2331, 2331, 2331, 2331, 2331, 2331, 2331, 2331]
290 1407 1552 3.65 [3887, 3642, 3531, 3960, 3777] [1407, 1407, 1407, 1407, 1407]
291 2018 1772 2.09 [12308, 11478, 11968, 10269, 11855, 11629, 10194, 10571, 10836] [2018, 2018, 2018, 2018, 2018, 2018, 2018, 2010, 2011]
292 1850 2023 1.56 [1909, 1998] [1850, 1850]
293 2109 903 4.82 [2305, 2459, 2386, 2491, 2612, 2524] [2109, 2109, 2109, 2109, 2109, 2109]
294 2296 922 2.79 [8025, 8050, 6994, 6700, 7780, 7289] [2296, 2296, 2296, 2296, 2296, 2296]
295 1437 765 2.37 [6655, 5975, 6570] [1437, 1437, 1437]
296 1426 2339 4.2 [4696, 4183] [1426, 1426]
297 810 1050 1.54 [3062, 2811, 2765, 2839, 2802, 2672, 3025, 2904, 2737, 2727] [810, 810, 810, 810, 810, 810, 810, 810, 810, 810]
298 1585 2288 4.06 [16663, 16929] [1585, 1585]
299 540 2359 2.01 [2804, 2446] [540, 540]
300 1739 1027 1.43 [12949, 11202] [1739, 1739]
301 2451 872 3.9 [4688, 4961, 4807, 5389, 5475, 5611, 5458] [2451, 2451, 2451, 2451, 2451, 2451, 2451]
302 2232 1699 1.9 [4152, 4251, 4096, 4011, 4490, 4265] [2232, 2232, 2232, 2232, 2232, 2232]
303 1798 840 4.99 [2455, 2616, 2411, 2696, 2857] [1798, 1798, 1798, 1798, 1798]
304 2223 1425 3.81 [8380, 7670, 7775, 7486, 8537, 7592, 7513, 8012, 7355] [2223, 2223, 2223, 2223, 2223, 2223, 2223, 2223, 2223]
305 581 1178 4.24 [8012, 7440, 6818, 7639, 6992] [581, 581, 581, 581, 581]
306 1490 1328 3.69 [3621, 3633, 3344, 3957] [1490, 1490, 1490, 1490]
307 1983 1768 1.64 [2086, 2106, 2187, 2053, 2160] [1983, 1983, 1983, 1983, 1983]
308 2059 1043 3.87 [1974, 2022, 1852, 1838, 1866, 1934, 1981, 2233, 1906, 2111] [2059, 2059, 2059, 2059, 2059, 2059, 2059, 2059, 2059, 2059]
309 898 614 1.21 [13580] [898]
310 2225 1342 1.04 [2953, 2874, 2893, 2735, 2745, 3071, 2844, 3180, 3140] [2225, 2225, 2225, 2225, 2225, 2225, 2225, 2225, 2225]
311 1311 1297 2.97 [6960, 6169, 7157] [1311, 1311, 1311]
312 728 1061 2.94 [3585, 4101, 3817, 3804] [728, 728, 728, 728]
313 999 542 1.75 [2102, 2316] [999, 999]
314 1581 2397 4.3 [4743, 5056, 5212, 5421, 4726, 5230, 5143, 4900, 4691] [1581, 1581, 1581, 1581, 1581, 1581, 1581, 1581, 1581]
315 1072 2382 4.58 [2627, 2432, 2368, 2441, 2303, 2400, 2635, 2230, 2287] [1072, 1072, 1072, 1072, 1072, 1072, 1072, 1072, 1072]
316 1741 881 3.38 [4120, 4341, 4003, 3973, 4032, 4606, 4826, 4562] [1741, 1741, 1741, 1741, 1741, 1741, 1741, 1741]
317 1063 683 3.97 [2852, 2816, 2764, 2561, 2825, 2860, 2482, 2464, 2658] [1063, 1063, 1063, 1063, 1063, 1063, 1063, 1063, 1063]
318 852 2371 3.17 [4085, 4248, 3880, 4003, 3962, 4234, 3676, 3785] [852, 852, 852, 852, 852, 852, 852, 852]
319 1018 997 3.94 [2798, 3083, 2808] [1018, 1018, 1018]
320 1307 1317 1.1 [4711, 4741] [1307, 1307]
321 1663 1458 2.63 [3000, 3345, 3081] [1663, 1663, 1663]
322 590 1134 1.92 [2651, 2333, 2626, 2385, 2582, 2436, 2600, 2789, 2505] [590, 590, 590, 590, 590, 590, 590, 590, 590]
323 1672 1240 1.89 [15124, 17543, 17048, 17213, 15234, 16389, 15014, 15784, 17653] [1672, 1672, 1672, 1672, 1672, 1670, 1670, 1670, 1670]
324 1042 2106 3.19 [18696, 19892, 19829, 18318] [1042, 1042, 1040, 1040]
325 624 662 2.49 [2334, 2488, 2458] [624, 624, 624]
326 1222 799 1.82 [3114, 3373, 2942, 3502] [1222, 1222, 1222, 1222]
327 751 1493 1.16 [2203, 2366, 2084, 2069, 2024, 2106, 2433, 2441] [751, 751, 751, 751, 751, 751, 751, 751]
328 761 981 4.05 [5967, 5834, 5513, 6155, 5230, 6004, 5910, 5891, 5853] [761, 761, 761, 761, 761, 761, 761, 761, 761]
329 1382 1790 4.1 [2873, 2727, 2974] [1382, 1382, 1382]
330 1180 1796 1.43 [5469, 5431, 5679, 5909, 6004, 5851, 5813, 5832, 5450] [1180, 1180, 1180, 1180, 1180, 1180, 1180, 1180, 1180]
331 1799 855 2.24 [6826, 6181, 7293, 6582, 7226, 6204, 6092] [1799, 1799, 1799, 1799, 1799, 1799, 1799]
332 553 582 2.86 [5732, 5276, 5136, 5767, 5662, 5083, 5504, 5679] [553, 553, 553, 553, 553, 553, 553, 553]
333 1197 1972 4.27 [7386, 7361, 8032, 7013, 7485, 8107] [1197, 1197, 1197, 1197, 1197, 1197]
334 1975 1725 4.37 [5123, 5674, 5052, 5835] [1975, 1975, 1975, 1975]
335 1432 718 3.57 [2185, 2350, 2078, 2214, 2278, 2221] [1432, 1432, 1432, 1432, 1432, 1432]
336 1279 509 4.5 [2374] [1279]
337 1382 788 2.48 [11628, 12038, 11963] [1382, 1382, 1382]
338 2070 2329 4.57 [2592, 2228, 2617, 2657] [2070, 2070, 2070, 2070]
339 2071 583 1.13 [3648, 3600, 3780, 3612, 3588, 3684, 3936, 3456] [2071, 2071, 2071, 2071, 2071, 2071, 2071, 2071]
340 1510 590 3.14 [6674, 7936, 7426, 7596, 6844, 6989, 6577, 6552, 7790] [1510, 1510, 1510, 1511, 1511, 1511, 1511, 1511, 1511]
341 2493 1854 3.4 [3436, 3545, 2965, 3479, 3097, 3020, 3293, 3458, 3053] [2493, 2493, 2493, 2493, 2493, 2493, 2493, 2493, 2493]
342 564 1408 4.75 [5105, 5496, 4868, 4902, 5462, 5021, 5445, 5546, 4817] [564, 564, 564, 564, 564, 564, 564, 564, 564]
343 879 662 4.64 [7669, 7243, 6892, 6917, 7468] [879, 879, 879, 879, 879]
344 1635 534 1.93 [6338, 5826, 6040, 6189, 6659, 5805, 6787, 6509, 6488] [1635, 1635, 1635, 1635, 1635, 1635, 1635, 1635, 1635]
345 2035 728 2.08 [5608, 5719, 5756] [2035, 2035, 2035]
346 1231 936 3.44 [7110, 8027, 6912, 7482, 8151] [1231, 1231, 1231, 1231, 1231]
347 908 1981 2.31 [2382, 2587, 2422] [908, 908, 908]
348 581 1028 4.01 [10574, 9900, 10237] [581, 581, 581]
349 700 772 1.27 [3842, 4009, 4137, 3636, 3687] [700, 700, 700, 700, 700]
350 1394 708 1.35 [3247, 3213, 3573, 3472, 3427] [1394, 1394, 1394, 1394, 1394]
351 1479 1557 2.67 [10597, 10060, 10740, 11098, 11743] [1479, 1479, 1479, 1479, 1479]
352 782 1880 1.94 [3271, 3369, 3141, 3217, 3293, 3402, 3076] [782, 782, 782, 782, 782, 782, 782]
353 1383 1250 3.43 [3484, 3869, 3792, 3921, 3651, 4062, 3741, 4178] [1383, 1383, 1383, 1383, 1383, 1383, 1383, 1383]
354 2466 891 4.59 [7127, 7018, 6865, 6733, 6318] [2466, 2466, 2466, 2466, 2466]
355 843 2270 1.84 [5787, 6445, 6146, 5528, 5508, 6545] [843, 843, 843, 843, 843, 843]
356 933 2141 1.61 [3348, 4040, 3719, 3855, 3521, 4003, 3496] [933, 933, 933, 933, 933, 933, 933]
357 1586 1917 4.78 [2743, 2762, 3144] [1586, 1586, 1586]
358 787 544 3.3 [4695, 4966, 5322, 5169, 4796, 4881, 5084, 5068, 5152] [787, 787, 787, 787, 787, 787, 787, 787, 787]
359 1660 1805 3.04 [3635, 3887, 4152, 3648, 3938] [1663, 1663, 1663, 1664, 1664]
360 701 997 2.57 [2806] [701]
361 1686 1822 1.26 [5199, 5056, 4705] [1686, 1686, 1686]
362 1209 560 4.51 [5716, 4942, 5681, 4854, 5118, 5101] [1209, 1209, 1209, 1209, 1209, 1209]
363 603 2189 4.49 [2189, 2228, 2150, 2382, 2197] [603, 603, 603, 603, 603]
364 1742 1158 1.34 [7598, 6866, 7446, 7345, 7270, 7572, 7118, 7547, 7421, 7522] [1742, 1742, 1742, 1742, 1742, 1742, 1742, 1742, 1742, 1742]
365 1334 1744 3.29 [6669, 7284, 7449, 7473, 7780, 7662, 6740] [1334, 1334, 1334, 1334, 1334, 1334, 1334]
366 811 979 2.59 [3436, 3097, 3282, 3381, 3075, 3184, 3414, 3392, 3009, 3479] [811, 811, 811, 811, 811, 811, 811, 811, 811, 811]
367 1241 1184 5.0 [2274, 2230, 2194] [1241, 1241, 1241]
368 643 2291 1.38 [2115] [643]
369 840 2092 1.38 [8969, 8212, 8268, 8240, 7652, 8380] [840, 840, 840, 840, 840, 840]
370 1597 1797 1.78 [2619, 2602] [1597, 1597]
371 2148 1922 2.32 [4036, 4324, 4238, 3892, 3979, 3993, 4152] [2148, 2148, 2148, 2148, 2148, 2148, 2148]
372 1218 791 3.78 [2426, 2395, 2365, 2510, 2304, 2174, 2288, 2205, 2487] [1218, 1218, 1218, 1218, 1218, 1210, 1210, 1210, 1210]
373 615 1269 2.05 [2554, 2582, 2777, 2991, 2694, 2749] [615, 615, 615, 615, 615, 615]
374 1856 1103 3.58 [3475, 3606, 3310, 3212, 3562] [1856, 1856, 1856, 1856, 1856]
375 2390 2494 2.51 [11377] [2390]
376 2012 2313 4.08 [7043, 7425, 7616, 7473, 6733, 6613, 7544, 6661] [2012, 2012, 2012, 2012, 2012, 2012, 2012, 2012]
377 685 2094 4.96 [5233, 5504, 5436] [685, 685, 685]
378 690 2338 4.0 [4336, 5140, 4257, 4415, 4794, 5109, 4730, 4526] [690, 690, 691, 691, 691, 691, 691, 691]
379 1049 2386 4.24 [2440, 2186, 2337, 2369, 2218, 2520] [1049, 1049, 1049, 1049, 1049, 1049]
380 1779 2458 3.86 [2252, 2153, 1947, 1962, 2330, 2096, 1919] [1779, 1779, 1779, 1779, 1779, 1779, 1779]
381 679 1666 1.54 [2716, 3068, 3116, 2735, 2668, 2649, 2592, 3078, 2830] [679, 679, 679, 679, 679, 679, 679, 679, 679]
382 2062 2097 1.22 [2915] [2062]
383 964 864 1.84 [4245, 4074, 4192, 3995, 4324, 3745, 3627, 3653, 3588] [964, 964, 964, 964, 964, 964, 964, 964, 964]
384 1633 1661 1.42 [2836, 2707, 2670, 2551] [1633, 1633, 1633, 1633]
385 2030 2098 3.37 [3505, 3898, 3430, 4037, 3809, 3518, 3721, 3581, 3657] [2030, 2030, 2030, 2030, 2030, 2030, 2030, 2030, 2030]
386 845 2063 3.25 [10500, 9558, 9087] [845, 845, 845]
387 2216 1902 1.84 [17114, 15741, 15952, 15160, 14896, 16480, 15318] [2216, 2216, 2216, 2216, 2216, 2210, 2210]
388 618 2154 4.56 [2469, 2198, 2454, 2402, 2093, 2176, 2386, 2447] [618, 618, 618, 618, 618, 618, 618, 618]
389 1957 893 3.28 [3273, 3228, 3082, 3531, 3553, 3374, 3396] [1957, 1957, 1957, 1957, 1957, 1957, 1957]
390 1417 2459 1.68 [14691, 14538] [1417, 1417]
391 2056 1207 3.32 [4590, 4770, 4123, 4214, 4334, 4785, 4078, 4349, 4710] [2056, 2056, 2056, 2056, 2056, 2056, 2056, 2056, 2056]
392 1318 2092 1.49 [6396, 6375, 6544, 6818, 6290, 6797, 6121] [1318, 1318, 1318, 1318, 1318, 1318, 1318]
393 2101 872 1.15 [5561, 5385, 6109, 5953, 5835, 5816, 6070] [2101, 2101, 2101, 2101, 2101, 2101, 2101]
394 836 2253 2.18 [4328] [836]
395 543 1702 3.4 [3531] [543]
396 1052 1246 4.36 [6144, 6501, 6211, 6837, 6278] [1052, 1052, 1052, 1052, 1052]
397 690 914 1.89 [4080, 3780, 4210, 4158, 3819] [691, 691, 691, 691, 691]
398 523 2125 3.98 [2957] [523]
399 2476 968 4.41 [7417, 8391, 8608, 8851] [2476, 2476, 2476, 2476]
400 2018 971 2.99 [2362, 2471, 2646, 2429, 2512, 2370, 2420] [2018, 2018, 2010, 2010, 2010, 2010, 2011]
401 2419 632 2.0 [2532, 2337] [2419, 2419]
402 1635 2079 2.03 [4622, 4830, 4117, 4444, 4518, 4191] [1635, 1635, 1635, 1635, 1635, 1635]
403 2140 2053 1.82 [3045] [2140]
404 617 909 2.6 [2108, 2252, 2191, 2427, 2404, 2465] [617, 617, 617, 617, 617, 617]
405 1346 1951 2.09 [4789, 4756, 5155, 5138, 5171, 5038, 5304, 4806, 5454, 4656] [1346, 1346, 1346, 1346, 1346, 1346, 1346, 1346, 1346, 1346]
406 793 1960 2.95 [7053, 6426, 6837, 6253, 6404, 6015, 6966, 6469] [793, 793, 793, 793, 793, 793, 793, 793]
407 1679 2462 2.3 [2158, 2025, 2098, 1911, 2091] [1679, 1679, 1679, 1679, 1679]
408 2059 638 3.88 [3437] [2059]
409 1102 788 4.99 [2391, 2808, 2539, 2765, 2626, 2635, 2513, 2426, 2643] [1102, 1102, 1102, 1102, 1102, 1102, 1102, 1102, 1102]
410 2007 1247 3.2 [3458, 3107, 3359, 3206, 3468, 3414, 3129, 3173, 3031, 3567] [2007, 2007, 2007, 2007, 2007, 2007, 2007, 2007, 2007, 2007]
411 1538 1489 4.89 [14108, 14155, 13968, 13456, 13410, 15319, 15226, 13317] [1538, 1538, 1538, 1530, 1530, 1531, 1531, 1531]
412 675 1101 1.84 [2385, 2350, 2677, 2669, 2479] [675, 675, 675, 675, 675]
413 1487 1491 3.15 [3855, 4279, 3802, 3882] [1487, 1487, 1487, 1487]
414 2238 1956 3.63 [7846, 7466, 7792, 7439, 7602, 7927] [2238, 2238, 2238, 2230, 2230, 2230]
415 1617 927 2.49 [4813, 4843, 4338, 4442, 4055, 4575, 4664, 4234, 4605] [1617, 1617, 1617, 1617, 1617, 1617, 1617, 1617, 1617]
416 2487 2266 4.91 [13035, 11114, 12095, 11850, 11155, 12871, 11972] [2487, 2487, 2487, 2487, 2480, 2480, 2480]
417 1151 2372 1.79 [2279, 2265, 2142, 1990] [1151, 1151, 1151, 1151]
418 1800 1084 3.43 [2847, 2857, 2949, 2773] [1800, 1800, 1800, 1800]
419 962 1700 4.09 [11654, 12313, 12972, 13096, 12684, 11902, 13384, 13178, 12643, 12519] [962, 962, 962, 962, 960, 960, 960, 960, 961, 961]
420 1680 1959 2.9 [3305, 3340, 3528, 3587, 3481] [1680, 1680, 1680, 1680, 1680]
421 1007 1718 3.28 [10721, 10394, 10902, 9849, 9812, 10466, 11775, 10612] [1007, 1007, 1007, 1007, 1007, 1007, 1000, 1000]
422 1621 2021 4.25 [20202, 19503, 17534, 18423, 19630, 17661, 18487, 19058] [1621, 1620, 1620, 1621, 1622, 1622, 1623, 1623]
423 1916 826 1.72 [2978] [1916]
424 2003 1234 2.42 [11274, 11979, 12808, 11315, 12144, 13098, 12559, 12849, 11896, 11937] [2003, 2003, 2003, 2003, 2003, 2003, 2000, 2000, 2000, 2000]
425 1479 2166 3.8 [18363, 17967, 19684, 21534, 19750, 19090, 20345, 19222, 18033] [1470, 1470, 1471, 1472, 1472, 1473, 1473, 1474, 1474]
426 2193 2433 2.81 [1928, 2183, 2148, 1971, 2098, 2325, 2297] [2193, 2193, 2193, 2193, 2193, 2193, 2193]
427 1622 1541 2.07 [4542, 3905, 4307, 3947, 3822, 3739, 3864, 3933, 4528, 4404] [1624, 1624, 1624, 1624, 1624, 1624, 1624, 1624, 1624, 1624]
428 2329 2373 2.73 [3406, 3416, 3052, 3124, 2812, 3426, 3041] [2329, 2329, 2329, 2329, 2329, 2329, 2329]
429 1539 947 2.51 [2567, 2489, 2465, 2200, 2161, 2145, 2153, 2317, 2520] [1539, 1539, 1539, 1539, 1539, 1539, 1539, 1539, 1539]
430 1161 1642 2.33 [4639, 4523, 5340, 5057, 5090, 5023, 4689, 4656] [1161, 1161, 1161, 1161, 1161, 1161, 1161, 1161]
431 763 1561 1.2 [3587, 4064, 3574, 3638, 3909, 3819, 3651] [763, 763, 763, 763, 763, 763, 763]
432 741 1401 3.11 [4003, 3779, 3740, 4319, 4201, 4227, 4056] [741, 741, 741, 741, 741, 741, 741]
433 1940 2140 4.64 [2448, 2050, 2418, 2440, 2125, 2237, 2170, 2395, 2403, 2350] [1940, 1940, 1940, 1940, 1940, 1940, 1940, 1940, 1940, 1940]
434 620 1362 2.11 [8817, 8733, 9124, 7589, 8315, 7617] [620, 620, 620, 620, 620, 620]
435 1716 2163 3.08 [2094, 2073, 2128, 1984, 2005] [1716, 1716, 1716, 1716, 1716]
436 1426 1568 2.52 [3392, 3030, 3102, 2906, 3278, 2937] [1426, 1426, 1426, 1426, 1426, 1426]
437 1342 2096 3.1 [13081, 13266, 12619, 15114, 13589, 14514, 14791] [1342, 1342, 1342, 1342, 1342, 1340, 1340]
438 1677 522 4.25 [2083] [1677]
439 940 1937 1.83 [2612, 2594] [940, 940]
440 1417 1356 1.97 [3324, 3418, 3116, 2981] [1417, 1417, 1417, 1417]
441 644 849 3.59 [2286, 2229, 2159, 2131, 2116, 2314] [644, 644, 644, 644, 644, 644]
442 1384 1199 1.87 [2701, 3186, 3148, 2982, 2817, 2914, 3041, 3118, 3196, 3177] [1384, 1384, 1384, 1384, 1384, 1384, 1384, 1384, 1384, 1384]
443 1989 2236 4.95 [7672] [1989]
444 1395 1392 4.35 [7650, 7442, 7546, 7859, 7520, 8535] [1395, 1395, 1395, 1395, 1395, 1395]
445 2029 1602 2.74 [3104, 2838, 2691, 3064, 2770, 2868, 3113] [2029, 2029, 2029, 2029, 2029, 2029, 2029]
446 1595 1000 4.14 [2160, 2341, 2168, 2349, 2137, 2207, 2506, 2270, 2482, 2176] [1595, 1595, 1595, 1595, 1595, 1595, 1595, 1595, 1595, 1595]
447 1740 500 3.57 [2097, 2128, 2359, 2289, 2351, 2451, 2235, 2390] [1740, 1740, 1740, 1740, 1740, 1740, 1740, 1740]
448 645 1927 4.48 [5438, 5455, 5296, 4890, 5155] [645, 645, 645, 645, 645]
449 1064 716 1.69 [6701, 7084, 6408, 6362, 7220] [1064, 1064, 1064, 1064, 1064]
450 1548 1503 3.11 [2345, 2242] [1548, 1548]
451 2011 2304 1.69 [5004, 5800, 5729, 5163] [2011, 2011, 2011, 2011]
452 1568 2408 2.76 [3898, 3964, 3977, 3937, 3674, 4161] [1568, 1568, 1568, 1568, 1568, 1568]
453 1990 1447 2.04 [2293, 2180, 2032, 2046, 2208, 2004, 2300, 2201] [1990, 1990, 1990, 1990, 1990, 1990, 1990, 1990]
454 1711 894 2.53 [2263, 2505, 2287, 2513, 2239, 2538] [1711, 1711, 1711, 1711, 1711, 1711]
455 1219 1664 3.45 [4938, 4529, 4302, 4287, 4226] [1219, 1219, 1219, 1219, 1219]
456 2066 2302 1.51 [2178, 2142, 2055, 2199, 2344, 2250] [2066, 2066, 2066, 2066, 2066, 2066]
457 1068 2140 2.95 [3411, 3328, 3225, 3028, 2986, 3048, 3214, 2955, 3110, 3131] [1068, 1068, 1068, 1068, 1068, 1068, 1068, 1068, 1068, 1068]
458 2452 1846 1.85 [2166, 2363, 2061, 2476, 2408, 2174, 2068] [2452, 2452, 2452, 2452, 2452, 2452, 2452]
459 2116 1372 3.42 [4862, 4987, 5881, 5845] [2116, 2116, 2116, 2116]
460 1166 1837 2.36 [1978, 2180, 1937, 2145, 2228, 1985, 2013] [1166, 1166, 1166, 1166, 1166, 1166, 1166]
461 1307 1195 1.06 [2620, 2322, 2556, 2612] [1307, 1307, 1307, 1307]
462 2467 1079 2.47 [3231] [2467]
463 2306 2352 4.04 [6093, 5903] [2306, 2306]
464 1439 2365 4.08 [2968, 2479, 2669, 2950, 2796, 2841, 2886] [1439, 1439, 1439, 1439, 1439, 1439, 1439]
465 848 933 2.07 [2039, 1963, 2122, 2164] [848, 848, 848, 848]
466 1477 2129 1.5 [4822, 5032, 4774, 4597, 4935] [1477, 1477, 1477, 1477, 1477]
467 1024 2018 1.29 [5168, 4666, 5265, 4634, 5282, 4877, 4763, 4439, 4407, 4925] [1024, 1024, 1024, 1024, 1024, 1024, 1024, 1024, 1024, 1024]
468 1224 1586 1.63 [14143, 15076, 15420, 15027, 14045] [1224, 1224, 1224, 1224, 1224]
469 1611 1399 3.99 [13125, 12432, 11699, 13247, 11209, 12840, 12188, 12677, 12595, 13329] [1611, 1611, 1611, 1611, 1611, 1610, 1610, 1610, 1610, 1612]
470 1572 1926 1.84 [17763] [1572]
471 1761 716 4.64 [3946, 3827, 4251, 3999] [1761, 1761, 1761, 1761]
472 2075 2463 4.46 [2294, 1993, 2301, 2081, 2030, 2213, 2147] [2075, 2075, 2075, 2075, 2075, 2075, 2075]
473 1827 2451 1.4 [2379, 2247, 2330, 2668, 2594, 2586, 2677, 2644, 2578] [1827, 1827, 1827, 1827, 1827, 1827, 1827, 1827, 1827]
474 1646 1007 2.72 [11566, 10707, 11527, 11879, 12660, 11293, 11801, 11058] [1646, 1646, 1646, 1646, 1646, 1646, 1640, 1641]
475 991 1888 3.52 [4161, 4374, 4303, 4089, 4531] [991, 991, 991, 991, 991]
476 2151 1616 2.16 [4927, 4616, 5205, 4501, 4419, 4714, 5058, 4583] [2151, 2151, 2151, 2151, 2151, 2151, 2151, 2151]
477 857 2406 2.88 [2176, 2002, 2143, 1809, 1989, 1909, 1902] [857, 857, 857, 857, 857, 857, 857]
478 948 2051 2.57 [6844, 6917, 6722, 7940] [948, 948, 948, 948]
479 2232 963 4.35 [5074] [2232]
480 979 1698 2.4 [10566, 10792, 12145, 12258, 11017, 11769] [979, 979, 979, 979, 979, 979]
481 995 795 3.81 [12638, 12108, 11048, 11782, 12190, 11007, 13413, 11701] [995, 995, 995, 990, 990, 990, 990, 990]
482 2282 1950 2.66 [6309, 6133, 6507, 6858, 6397, 6045, 6726, 6573, 6419] [2282, 2282, 2282, 2282, 2282, 2282, 2282, 2282, 2282]
483 573 1908 1.11 [7947, 8565, 8404, 7518, 8269, 7491, 8779] [573, 573, 573, 573, 573, 573, 573]
484 1843 2440 4.75 [3147] [1843]
485 855 1524 2.1 [2836, 2707, 2796, 2786, 2677, 2905, 3262] [855, 855, 855, 855, 855, 855, 855]
486 1610 2157 1.05 [2843, 3072, 2753, 2703, 3102, 2713, 3062, 2733] [1610, 1610, 1610, 1612, 1612, 1612, 1612, 1612]
487 674 1496 4.44 [7628, 7445, 8254, 8516, 8019, 7392, 7288, 7053, 7366] [674, 674, 674, 674, 674, 674, 674, 674, 674]
488 2400 2098 4.38 [2387, 2141, 2007, 2208, 2327, 2112, 2357, 2349, 2342, 2067] [2400, 2400, 2400, 2400, 2400, 2400, 2400, 2400, 2400, 2400]
489 2329 2474 2.99 [2953, 2891, 2880, 2817, 2849, 2995, 3381, 3078, 3099] [2329, 2329, 2329, 2329, 2329, 2329, 2329, 2329, 2329]
490 2415 547 3.21 [2130, 2047, 1895, 2081, 1867, 1992] [2415, 2415, 2415, 2415, 2415, 2415]
491 2043 852 3.49 [2496, 2231, 2169] [2043, 2043, 2043]
492 857 1432 2.45 [2058, 2367, 2109, 2338] [857, 857, 857, 857]
493 1425 869 3.76 [6741, 5808, 6782, 6222, 5663, 5974, 6679, 5683, 6720] [1425, 1425, 1425, 1425, 1425, 1425, 1425, 1425, 1425]
494 1537 670 4.8 [2117, 2056, 2043, 1838, 1940, 1988, 1859, 2179, 1968] [1537, 1537, 1537, 1537, 1537, 1537, 1537, 1537, 1537]
495 669 798 1.71 [2138, 2011] [669, 669]
496 1826 2329 4.75 [10329, 11109, 11852, 11927, 10255] [1826, 1826, 1826, 1826, 1826]
497 2133 1299 4.07 [2252, 2388, 2358] [2133, 2133, 2133]
498 2387 2320 3.53 [9761] [2387]
499 1369 784 3.91 [4596, 4245, 4498, 4357, 4273, 4301] [1369, 1369, 1369, 1369, 1369, 1369]
500 1802 2015 1.72 [2362, 2518, 2337, 2492, 2630, 2785, 2604, 2526, 2690, 2811] [1802, 1802, 1802, 1802, 1802, 1802, 1802, 1802, 1802, 1802]
501 899 766 2.37 [2481] [899]
502 1086 608 3.92 [6059, 6015, 6503, 6370, 7036] [1086, 1086, 1086, 1086, 1086]
503 2351 2313 3.75 [9183, 9275, 9000, 8695, 9336, 9030, 9488] [2351, 2351, 2351, 2351, 2351, 2351, 2351]
504 1003 1708 1.05 [3723, 3992, 3467, 3736, 3531, 3685, 4030, 3775] [1003, 1003, 1003, 1003, 1003, 1003, 1003, 1003]
505 2262 1849 2.67 [2302, 2352] [2262, 2262]
506 2015 1726 4.04 [1993, 2215, 2093, 2122, 2000] [2015, 2015, 2015, 2015, 2015]
507 1490 2404 3.59 [2951, 2761, 2676, 2790] [1490, 1490, 1490, 1490]
508 1654 606 3.2 [8843, 9282, 8609, 8902] [1654, 1654, 1654, 1654]
509 1956 2406 4.77 [8818, 9949, 10627, 9690, 9141, 9271, 9432] [1956, 1956, 1956, 1956, 1956, 1950, 1950]
510 1720 2383 1.14 [3052, 3411, 3153, 3041, 3221] [1720, 1720, 1720, 1720, 1720]
511 1999 1148 4.95 [4508, 4652, 4263, 4738, 4162, 3946] [1999, 1999, 1999, 1999, 1999, 1999]
512 2178 1325 2.79 [2638, 2676, 2864, 2761, 2987, 2808, 2817, 2591] [2178, 2178, 2178, 2178, 2178, 2178, 2178, 2178]
513 2044 707 3.28 [4885] [2044]
514 1002 1424 4.53 [2177, 2093, 2156, 2205, 2191, 2114, 2260, 1996, 2267, 1892] [1002, 1002, 1002, 1002, 1002, 1002, 1002, 1002, 1002, 1002]
515 1762 2231 2.08 [5745] [1762]
516 1013 1171 2.16 [4271, 4777, 4435, 4896, 4792, 4286, 4836, 4405] [1013, 1013, 1013, 1013, 1013, 1013, 1013, 1013]
517 1924 2245 2.86 [4072, 3476, 3613, 3911, 3625, 3749, 3936, 4084, 3464] [1924, 1924, 1924, 1924, 1924, 1924, 1924, 1924, 1924]
518 1763 2378 3.19 [2266, 2545, 2225, 2512, 2348, 2438, 2380, 2405, 2421] [1763, 1763, 1763, 1763, 1763, 1763, 1763, 1763, 1763]
519 1824 786 2.72 [4223, 4029, 4197, 4236, 3731] [1824, 1824, 1824, 1824, 1824]
520 1429 758 4.65 [6654, 5514, 5575, 6125, 5860, 5881, 5759, 6166] [1429, 1429, 1429, 1429, 1429, 1429, 1429, 1429]
521 1613 1571 1.73 [6186, 6532, 5779, 6613, 6003, 6430] [1613, 1613, 1613, 1613, 1613, 1613]
522 1587 1923 1.78 [3320, 3366, 3574] [1587, 1587, 1587]
523 790 2109 4.34 [2451, 2410, 2643, 2563, 2627, 2427] [790, 790, 790, 790, 790, 790]
524 1678 1381 2.6 [2850, 3035, 3113, 3064, 3142, 2831] [1678, 1678, 1678, 1678, 1678, 1678]
525 1864 936 3.21 [2506, 2515, 2410, 2558, 2602, 2532] [1864, 1864, 1864, 1864, 1864, 1864]
526 1305 1912 3.84 [2653, 2808, 2817, 3039, 2663] [1305, 1305, 1305, 1305, 1305]
527 729 724 1.25 [2909, 3071, 3232, 3293, 2940, 2859, 2879, 2970] [729, 729, 729, 729, 729, 729, 729, 729]
528 1493 1095 2.65 [2835, 2918, 2624, 2688, 2486, 2817] [1493, 1493, 1493, 1493, 1493, 1493]
529 1447 1525 3.93 [2196, 2301, 2126] [1447, 1447, 1447]
530 1883 1256 3.45 [4580] [1883]
531 1275 1702 5.0 [2498, 2618, 2806, 2430, 2635, 2318, 2626, 2643] [1275, 1275, 1275, 1275, 1275, 1275, 1275, 1275]
532 2180 702 1.29 [2384, 2168, 2408, 2312, 2433, 2473, 2304] [2180, 2180, 2181, 2181, 2181, 2181, 2181]
533 2352 763 1.03 [3277, 3694, 3649] [2352, 2352, 2352]
534 1915 883 1.05 [4106, 4828, 4543] [1915, 1915, 1915]
535 2233 854 3.69 [2751, 2822, 2964] [2233, 2233, 2233]
536 1018 899 3.78 [2840, 2895, 2941, 2767, 2739, 2968, 2648, 2629] [1018, 1018, 1018, 1018, 1018, 1018, 1018, 1018]
537 551 2193 4.19 [5023] [551]
538 2409 951 4.32 [2430, 2213, 2123, 2198, 2385, 2070] [2409, 2409, 2409, 2409, 2409, 2409]
539 1324 2097 4.13 [4441, 5028, 4885, 5218, 4679] [1324, 1324, 1324, 1324, 1324]
540 1995 611 2.73 [2709, 2545, 2372, 2314, 2248, 2347, 2396, 2578, 2421, 2643] [1995, 1995, 1995, 1995, 1995, 1995, 1995, 1995, 1995, 1995]
541 524 669 4.38 [3140, 2905, 3151, 3204] [524, 524, 524, 524]
542 2049 1895 1.75 [4958, 4610, 4716, 4746, 4232, 4278, 4172, 4761, 4247] [2049, 2049, 2049, 2049, 2049, 2049, 2049, 2049, 2049]
543 879 1927 1.61 [9746] [879]
544 2469 1031 1.26 [2149, 2285, 2157, 2052, 2382, 2172, 2435, 2472, 2194, 2300] [2469, 2469, 2469, 2469, 2469, 2469, 2469, 2469, 2469, 2469]
545 724 1960 2.99 [10014, 11609, 12165, 11683] [724, 724, 724, 724]
546 1038 1563 3.15 [4020, 3407] [1038, 1038]
547 2216 1971 4.63 [6582, 6268] [2210, 2210]
548 1564 806 4.33 [2463, 2219, 2512, 2487, 2479, 2357, 2528, 2447, 2292] [1564, 1564, 1564, 1560, 1560, 1560, 1560, 1560, 1560]
549 1416 983 1.42 [2809] [1416]
550 953 1098 3.36 [2190, 2265] [953, 953]
551 2452 1883 1.19 [2308, 2202, 2495, 2316, 2446, 2438] [2452, 2452, 2452, 2452, 2452, 2452]
552 955 2199 2.94 [2961, 2911, 2951, 3139, 2861, 2851, 2792, 2702, 2762] [955, 955, 955, 955, 955, 955, 955, 955, 955]
553 1643 1700 1.5 [2679, 3088, 2841, 2717, 2879] [1643, 1643, 1643, 1643, 1643]
554 967 527 2.09 [6082, 6147, 7026, 6784, 7004, 7201, 6960, 6104, 6828] [967, 967, 967, 967, 967, 967, 967, 967, 967]
555 1002 652 3.12 [17914, 16981, 19158, 17043, 17230, 19718, 19034, 19842] [1002, 1002, 1000, 1001, 1001, 1001, 1003, 1005]
556 2379 1138 3.59 [4740, 4799, 4549, 4300, 4270, 4491, 4285, 4681, 4652, 4725] [2379, 2379, 2379, 2379, 2379, 2379, 2379, 2379, 2379, 2379]
557 2064 1293 4.03 [2262, 2506, 2499, 2147, 2109, 2338, 2208, 2086] [2064, 2064, 2064, 2064, 2064, 2064, 2064, 2064]
558 1961 652 4.41 [5405, 5422, 5111] [1961, 1961, 1961]
559 1391 702 2.02 [2453] [1391]
560 1943 1767 2.9 [3321, 3888, 3779, 3514, 3816, 3490, 3453] [1943, 1943, 1943, 1943, 1943, 1943, 1943]
561 560 2028 2.44 [3786, 3520, 4090, 3824, 3862, 3976] [560, 560, 560, 560, 560, 560]
562 797 1970 2.23 [4251, 4352, 4367, 3932] [797, 797, 797, 797]
563 1207 932 1.9 [3520, 4107, 3903, 3826] [1207, 1207, 1207, 1207]
564 1222 1738 3.89 [3664] [1222]
565 1030 991 2.46 [7980] [1030]
566 943 641 1.89 [2506, 2644, 2212, 2522, 2546, 2400, 2530] [943, 943, 943, 943, 943, 943, 943]
567 1802 2198 4.8 [5978, 6523, 6038] [1802, 1802, 1802]
568 2108 2397 2.11 [14130, 15524, 15620, 14370, 14178, 14515, 14995, 14611, 14274, 15139] [2108, 2108, 2108, 2108, 2108, 2100, 2100, 2100, 2100, 2100]
569 900 1789 1.49 [3627] [900]
570 2354 1422 1.14 [2099, 2061, 2368, 2211, 2391, 2383] [2354, 2354, 2354, 2354, 2354, 2354]
571 1466 1703 3.24 [14339, 12457, 13667, 12502, 13756, 12636, 13891, 12860, 14652] [1466, 1466, 1466, 1466, 1466, 1460, 1460, 1460, 1460]
572 539 1101 3.01 [2026, 2144] [539, 539]
573 1907 1542 1.95 [2803, 3166, 2813, 3384, 3229, 2948, 3291] [1907, 1907, 1907, 1907, 1907, 1907, 1907]
574 788 2416 2.51 [4518, 4174, 4532, 4215, 3871] [788, 788, 788, 788, 788]
575 2290 2383 4.17 [2653, 2548, 2580, 2467, 2596, 2556] [2290, 2290, 2290, 2290, 2290, 2290]
576 1475 1172 2.88 [7705, 8544, 8308] [1475, 1475, 1475]
577 701 899 3.23 [2235, 2228, 2212, 2404, 2082, 2374, 2443] [701, 701, 701, 701, 701, 701, 701]
578 1456 1483 4.79 [1925, 2260] [1456, 1456]
579 548 582 2.67 [2757, 2677, 2730, 2784] [548, 548, 548, 548]
580 504 1116 2.21 [6653, 5480, 6350, 5622, 6572, 5986, 5682, 6087, 5460] [504, 504, 504, 504, 504, 504, 504, 504, 504]
581 1131 799 4.91 [13324, 15014, 14965] [1131, 1131, 1130]
582 1087 2155 3.66 [2675, 2701, 2525] [1087, 1087, 1087]
583 1770 868 4.83 [2043] [1770]
584 544 2382 4.18 [2559, 2888, 2719, 2657, 2692, 2924, 2407, 2550, 2728] [544, 544, 544, 544, 544, 544, 544, 544, 544]
585 1220 2237 3.28 [2144, 1967, 2243, 1988, 2115, 2038, 2045, 2130, 2306] [1220, 1220, 1220, 1220, 1220, 1220, 1220, 1220, 1220]
586 2206 662 3.97 [2204, 2114, 2444, 2106, 2392, 2256, 2475] [2206, 2206, 2206, 2206, 2206, 2206, 2206]
587 1108 1935 1.8 [2037, 2171, 1950, 1843, 1917, 2111, 1823, 1964, 2024] [1108, 1108, 1108, 1108, 1108, 1108, 1108, 1108, 1108]
588 950 1510 2.84 [5116, 5245, 5910, 6076, 5467, 5356, 5670, 5042, 5208] [950, 950, 950, 950, 950, 950, 950, 950, 950]
589 1193 657 1.98 [2146, 1991, 2382, 2168, 2161, 2058, 2279, 2176, 2006] [1192, 1192, 1192, 1192, 1192, 1192, 1192, 1192, 1192]
590 1558 1859 2.2 [2149, 2424, 2260, 2357, 2364, 2379, 2283] [1558, 1558, 1558, 1558, 1558, 1558, 1558]
591 1395 2200 4.86 [7540] [1395]
592 730 812 3.0 [6016, 6603, 6896, 5953, 6058, 6687] [731, 731, 731, 731, 731, 732]
593 750 1120 3.87 [8534, 8764, 8879, 8477, 9051, 8046, 7988, 9310, 9253] [750, 750, 750, 750, 750, 750, 751, 751, 751]
594 1043 2275 3.43 [4176, 3794] [1043, 1043]
595 1509 1863 2.9 [2000, 1888, 1895, 2084, 2223, 2077, 2272, 2160, 2153] [1509, 1509, 1509, 1509, 1509, 1509, 1509, 1509, 1509]
596 1023 1322 1.6 [1970, 2202, 2108, 2355, 1977, 2122] [1023, 1023, 1023, 1023, 1023, 1023]
597 1473 829 1.95 [2522, 2319] [1473, 1470]
598 1116 1978 1.87 [2404] [1116]
599 1409 661 3.39 [2217, 2185, 2351, 2414, 2406, 2501, 2154] [1409, 1409, 1409, 1409, 1409, 1409, 1409]
600 1538 2068 3.5 [3133] [1530]
601 780 1057 2.72 [3190, 3659, 3536, 3369] [780, 780, 780, 780]
602 2424 766 4.91 [2197, 2293, 2115, 2063, 2301, 2360, 2367, 2145, 2123, 2397] [2424, 2424, 2424, 2424, 2424, 2424, 2424, 2424, 2424, 2424]
603 2245 1098 1.62 [3107] [2245]
604 971 1279 2.38 [3536, 3513, 3525] [971, 971, 971]
605 2197 2132 1.5 [2348, 2108, 2417, 2216, 2270, 2239, 2294, 2379, 2487] [2197, 2197, 2197, 2197, 2197, 2197, 2197, 2197, 2197]
606 2301 900 3.18 [2606, 2767, 3089, 3022, 2587, 2909] [2301, 2301, 2301, 2301, 2301, 2301]
607 1399 687 3.19 [9480, 8768, 10386, 10095, 10548, 9771, 9448, 9351, 10483, 8865] [1399, 1399, 1399, 1399, 1399, 1399, 1399, 1399, 1390, 1390]
608 1016 1559 2.18 [2182, 2033, 2147, 2324, 2069, 2104] [1016, 1016, 1016, 1016, 1016, 1016]
609 1789 1919 1.45 [6009, 6665, 5804, 5660, 6235, 6029, 5824] [1789, 1789, 1789, 1789, 1789, 1789, 1789]
610 850 2119 3.91 [3473, 3219, 3166, 3367, 3325, 3176, 3155, 3409] [850, 850, 850, 850, 850, 850, 850, 850]
611 1516 2323 3.47 [3158, 3198, 2939] [1516, 1516, 1516]
612 1032 1965 3.41 [2714, 2609, 2895] [1032, 1032, 1032]
613 827 1795 4.68 [2424, 2547, 2587] [827, 827, 827]
614 937 2003 4.54 [2555, 2587, 2383] [937, 937, 937]
615 2129 2100 4.22 [8355, 8122, 7188, 8044, 8381, 7032, 7862] [2129, 2129, 2129, 2129, 2129, 2129, 2129]
616 1999 1378 3.38 [2115, 2336] [1999, 1999]
617 1967 2354 3.1 [2270, 2277, 2313, 2114, 2015, 2008, 2334, 2058, 2228] [1967, 1967, 1967, 1967, 1967, 1967, 1967, 1967, 1967]
618 685 1229 1.28 [6751, 6978, 7046, 6842, 6321] [685, 685, 685, 685, 685]
619 1588 2135 2.84 [2395] [1588]
620 2203 1059 1.88 [2214, 2393] [2203, 2203]
621 1636 1134 4.93 [4709, 4917, 5525, 4900, 5386, 5004, 5039, 4848, 4969] [1636, 1636, 1636, 1636, 1636, 1636, 1636, 1636, 1636]
622 1382 1249 1.88 [2189, 2197, 2336, 2491, 2220, 2313, 2406, 2228] [1382, 1382, 1382, 1382, 1382, 1382, 1382, 1382]
623 2217 1768 1.66 [4143, 4311, 4372, 4648, 4908, 4128, 4464, 4388] [2217, 2217, 2217, 2217, 2217, 2217, 2217, 2217]
624 2265 1296 4.9 [6091, 6271, 6383] [2265, 2265, 2265]
625 2190 604 3.17 [2340, 2573, 2668, 2435, 2496, 2461] [2190, 2190, 2190, 2190, 2190, 2190]
626 2008 1961 3.26 [5615, 5580, 4843] [2008, 2008, 2008]
627 1671 1751 2.67 [2299, 2397, 2217, 2479, 2430, 2684, 2495, 2487] [1671, 1671, 1671, 1671, 1671, 1671, 1671, 1671]
628 2409 1339 2.98 [3036, 2960, 2638, 2609, 2733, 2723, 2619, 3065, 3008] [2409, 2409, 2409, 2409, 2409, 2409, 2409, 2409, 2409]
629 1065 1957 4.82 [4395, 4409, 4479] [1065, 1065, 1065]
630 2337 1349 2.02 [5512, 6118, 5247] [2337, 2337, 2337]
631 749 1593 3.78 [2861, 2780, 3063, 3174, 2810, 2931, 2992] [749, 749, 749, 749, 749, 749, 749]
632 1719 715 4.76 [4486, 4655, 4516, 4777, 4624, 4808, 5023] [1719, 1719, 1719, 1719, 1719, 1719, 1719]
633 2380 2442 1.67 [5701] [2380]
634 1139 1075 3.86 [2886, 2914] [1139, 1139]
635 1302 1138 3.34 [2384, 2277] [1302, 1302]
636 2196 1365 4.46 [2981, 3500, 3522, 3191, 3224, 3566, 3533, 3346, 3301, 3544] [2196, 2196, 2196, 2196, 2196, 2196, 2196, 2196, 2196, 2196]
637 1649 2328 4.25 [2229, 1875, 2147, 1977, 2038, 2140, 1896, 1937, 2161] [1649, 1649, 1649, 1649, 1649, 1649, 1649, 1649, 1649]
638 1987 1743 1.85 [6135, 6687] [1987, 1987]
639 1365 723 3.03 [5776, 5381, 5075, 5398, 5309] [1365, 1365, 1365, 1365, 1365]
640 1750 1756 1.17 [4423, 5133] [1750, 1750]
641 1743 1943 1.71 [3144, 3318, 3154, 2898] [1743, 1743, 1743, 1743]
642 1486 2362 4.28 [2747, 2703, 2869, 2764, 2457, 2378, 2554, 2729, 2641] [1486, 1486, 1486, 1486, 1486, 1486, 1486, 1486, 1486]
643 757 1482 1.45 [3979, 4244, 4700, 4082, 4332, 4804, 4037] [757, 757, 757, 757, 757, 757, 757]
644 1802 2161 4.8 [6702, 6659, 6530, 6273, 6552, 7003, 5950] [1802, 1802, 1802, 1802, 1801, 1801, 1803]
645 1937 537 1.31 [19339, 16713, 16653, 19160, 19100, 18921, 19518, 18145] [1937, 1937, 1930, 1930, 1931, 1931, 1931, 1931]
646 909 2024 3.04 [2283, 2290, 2172, 2200, 1949, 1942, 2228, 2026] [909, 909, 909, 909, 909, 909, 909, 909]
647 797 1513 4.62 [12104, 12972, 12775, 12223, 11631, 12380, 10882, 10646, 12578] [797, 797, 790, 790, 790, 791, 791, 791, 791]
648 1297 1060 3.85 [6495, 5983] [1297, 1297]
649 800 2413 1.88 [4859, 4532, 5023, 4729, 5105, 5187] [800, 800, 800, 800, 801, 801]
650 679 645 4.64 [2793, 3118, 2655, 2695, 2813, 3196, 2852, 3078] [679, 679, 679, 679, 679, 679, 679, 679]
651 2068 955 3.41 [9117, 9181, 10285, 9559, 8770, 9906, 9685, 8739, 9780, 9370] [2068, 2068, 2068, 2068, 2068, 2068, 2068, 2068, 2060, 2060]
652 832 1905 3.38 [2224, 2431] [832, 832]
653 1867 1604 1.79 [2901, 3079, 2929, 3032, 3070, 2591] [1867, 1867, 1867, 1867, 1867, 1867]
654 1936 2358 3.44 [2640, 2535, 2447, 2860, 2403, 2491, 2632, 2790] [1936, 1936, 1936, 1936, 1936, 1936, 1936, 1936]
655 1603 919 2.96 [8294, 8568, 8871, 8963, 8689] [1600, 1600, 1600, 1600, 1601]
656 1844 2153 3.55 [2588, 2680, 2801, 2829, 2634] [1844, 1844, 1844, 1844, 1844]
657 515 1977 3.82 [5469, 5939, 5743, 5292, 6076, 5978, 6174, 5959, 6037, 5900] [515, 515, 515, 515, 515, 515, 515, 515, 515, 515]
658 2323 522 3.52 [3185, 2729, 2748, 2996, 3264] [2323, 2323, 2323, 2323, 2323]
659 1827 702 1.75 [5303, 5157, 4620] [1827, 1827, 1827]
660 1143 1934 1.64 [6542, 6835, 6605, 6187] [1143, 1143, 1143, 1143]
661 873 1650 3.48 [7528, 7552] [873, 873]
662 2223 1024 1.6 [5119, 4974, 4522, 4909] [2223, 2220, 2220, 2220]
663 1023 1857 2.89 [2797, 2788, 2902, 3064, 2893] [1023, 1023, 1023, 1023, 1023]
664 1450 1144 2.45 [9399, 8064] [1450, 1450]
665 2236 1845 4.53 [3795, 3586, 3967, 3869, 4028, 3488, 3734, 3930, 4041, 3685] [2236, 2236, 2236, 2236, 2236, 2236, 2236, 2236, 2236, 2236]
666 529 1270 2.56 [3911, 3799, 3849, 4085, 3687, 4060] [529, 529, 529, 529, 529, 529]
667 946 1356 1.76 [3333, 3698, 3139, 3253, 3082, 3539] [946, 946, 946, 946, 946, 946]
668 698 2452 2.34 [3800, 4345, 4146, 3614, 4226, 3707, 4279, 3827, 3920] [698, 698, 698, 698, 698, 698, 698, 698, 698]
669 860 2162 3.71 [2609, 3082] [860, 860]
670 2190 1836 2.07 [4504, 3976, 4032, 3795, 3851, 4518, 4143, 4421, 4018] [2190, 2190, 2190, 2190, 2190, 2190, 2190, 2190, 2190]
671 1098 2192 1.2 [2284, 2401] [1098, 1098]
672 807 1146 3.75 [2231, 2329, 2516, 2361, 2434, 2508, 2679] [807, 807, 807, 807, 807, 807, 807]
673 1530 2100 2.46 [11674, 10568] [1530, 1532]
674 2418 849 4.99 [6432, 6328, 6099, 5703] [2418, 2418, 2418, 2418]
675 597 1679 4.86 [3344, 3255, 3222, 3355, 3630, 3310] [597, 597, 597, 597, 597, 597]
676 1143 1597 1.96 [8978, 10761, 10365, 10035] [1143, 1143, 1143, 1143]
677 1036 1122 4.69 [4264, 3991] [1036, 1036]
678 2011 1200 3.62 [5766, 6193, 6278, 6770, 7004, 6791, 6342, 6150, 5787, 5937] [2011, 2011, 2011, 2011, 2011, 2011, 2011, 2012, 2012, 2012]
679 2154 1927 3.96 [2956, 3224, 3193, 2914, 3162, 3400, 3276, 3038, 3173] [2154, 2154, 2154, 2154, 2154, 2154, 2154, 2154, 2154]
680 2264 937 4.15 [4304, 3896, 3923, 4114, 3814, 3950, 4141, 4155, 3869, 3828] [2264, 2264, 2264, 2264, 2264, 2264, 2264, 2264, 2264, 2264]
681 1037 1575 1.53 [4893, 4590, 4984] [1037, 1037, 1037]
682 2371 1805 4.41 [7174, 6602, 7484] [2371, 2371, 2371]
683 1896 1979 2.55 [4989, 5093, 5127, 5075] [1896, 1896, 1896, 1896]
684 1192 1096 3.66 [2127] [1192]
685 1996 536 4.32 [3081, 2790, 3211, 3261] [1996, 1996, 1996, 1996]
686 1599 1531 1.02 [2288] [1599]
687 1471 862 4.13 [2898, 2809, 2658, 2622, 2400, 2542, 2693, 2427, 2551] [1471, 1471, 1471, 1471, 1471, 1471, 1471, 1471, 1471]
688 626 1793 3.69 [2544, 2745, 2469, 2310] [626, 626, 626, 626]
689 1556 1822 3.69 [2669, 2900, 2785, 2501, 2598, 2820, 2829, 2474, 2572, 2811] [1556, 1556, 1556, 1556, 1556, 1556, 1556, 1556, 1556, 1556]
690 2401 1146 4.86 [4516] [2401]
691 1262 1390 2.37 [4184, 4535] [1262, 1262]
692 847 1288 3.68 [3053, 2790, 3083] [847, 847, 847]
693 1551 1594 2.04 [13456, 13796, 13584, 12136] [1551, 1551, 1551, 1551]
694 2132 1826 4.04 [3286, 3000, 3472, 3242] [2132, 2132, 2132, 2132]
695 2317 732 4.12 [8086, 8783, 8253] [2317, 2317, 2317]
696 2189 2496 2.27 [3256] [2189]
697 1795 1601 2.73 [2220] [1795]
698 803 1375 1.13 [2830, 2723] [803, 803]
699 2284 909 4.92 [4964, 4826, 4612, 4489, 4168, 4704] [2284, 2284, 2284, 2284, 2284, 2284]
700 2083 1574 1.17 [3379, 3233, 3580, 3625, 3211] [2083, 2083, 2083, 2083, 2083]
701 761 1044 3.08 [2130, 2044, 2073, 2259, 2223, 2066] [761, 761, 761, 761, 761, 761]
702 2172 1842 1.96 [1897, 2272, 2279, 2223] [2172, 2172, 2172, 2172]
703 526 2296 2.37 [2056, 2178] [526, 526]
704 1938 1192 2.97 [4666, 4480, 4728, 4526, 4604] [1938, 1938, 1938, 1938, 1938]
705 1361 1279 4.32 [6701, 6491, 6538, 7518, 6934, 6654, 6351, 6584, 6608] [1361, 1361, 1361, 1361, 1361, 1361, 1361, 1361, 1361]
706 1244 1197 4.6 [8408, 8985, 9926, 9046, 8651] [1244, 1244, 1244, 1244, 1244]
707 657 865 4.49 [1899, 2285, 2173, 2229, 2117, 2060] [657, 657, 657, 657, 657, 657]
708 1051 502 1.16 [2156, 2164, 2218, 2342, 2226, 2505, 2319] [1051, 1051, 1051, 1051, 1051, 1051, 1051]
709 1041 1153 3.62 [2420, 2579, 2301, 2428, 2166, 2214, 2285, 2349, 2476, 2531] [1041, 1041, 1041, 1041, 1041, 1041, 1041, 1041, 1041, 1041]
710 1905 1530 4.11 [3573, 3297] [1905, 1905]
711 1269 1541 2.12 [3920, 4431, 4530, 4232, 4175, 4076, 4672, 4360, 4147] [1269, 1269, 1269, 1269, 1269, 1269, 1269, 1269, 1269]
712 1711 2276 2.82 [2306, 2095, 2465, 2208] [1711, 1711, 1711, 1711]
713 1702 654 1.53 [3100, 3736, 3282, 3361, 3588, 3475, 3134, 3441, 3225] [1702, 1702, 1702, 1702, 1702, 1702, 1702, 1702, 1702]
714 1978 764 3.21 [2489] [1978]
715 2063 1490 4.33 [2657, 3089, 3023, 2788, 2807, 2967, 2563, 2948, 3051] [2063, 2063, 2063, 2063, 2063, 2063, 2063, 2063, 2063]
716 839 2389 1.31 [14166, 13512, 11856] [839, 839, 839]
717 2157 967 4.46 [9975, 10488, 10521, 9430, 10296, 9622] [2157, 2157, 2157, 2157, 2157, 2157]
718 750 877 1.17 [2076, 1822, 1902] [751, 751, 751]
719 2136 819 1.26 [10240, 11174, 9341, 11036, 9652, 9998, 9756, 9583, 10724] [2136, 2136, 2136, 2136, 2136, 2136, 2136, 2136, 2136]
720 1738 1574 1.23 [2151] [1738]
721 2462 1691 4.23 [3957, 4027, 3831] [2462, 2462, 2462]
722 2448 1327 1.03 [2200, 2344, 2299, 2208, 2148, 2102, 2329] [2448, 2448, 2448, 2448, 2448, 2448, 2448]
723 788 1190 3.48 [3069, 2614, 3117, 2914, 2672, 3088, 2895] [788, 788, 788, 788, 788, 788, 788]
724 529 1588 2.54 [2357, 2161, 2379, 1972, 2226, 2277] [529, 529, 529, 529, 529, 529]
725 1510 950 2.83 [2256, 2170, 2034, 2091, 2285, 1934] [1510, 1511, 1511, 1511, 1511, 1511]
726 2234 2000 2.8 [1857, 2140] [2234, 2234]
727 1014 1042 4.83 [2866, 2817, 2769, 2615] [1014, 1014, 1014, 1014]
728 1274 646 2.61 [11250, 11133, 11679, 11562, 11797, 12734, 11718, 11289, 11992] [1274, 1274, 1274, 1274, 1274, 1274, 1270, 1270, 1270]
729 1041 1577 4.44 [2756, 2890, 2711, 2908, 2604, 2541] [1041, 1041, 1041, 1041, 1041, 1041]
730 1840 521 3.44 [2139, 2119, 2105, 1859, 2167] [1840, 1840, 1840, 1840, 1840]
731 2353 1146 3.16 [4451, 4575, 4606, 5009, 4420] [2353, 2353, 2353, 2353, 2353]
732 2108 1762 4.52 [10552, 10358, 10261, 10131, 9063, 10617, 9225, 9840, 10325] [2101, 2101, 2102, 2102, 2102, 2102, 2102, 2102, 2103]
733 1836 1415 4.06 [11090, 9910] [1836, 1836]
734 1869 803 3.66 [2105, 1907, 1914, 2119, 1982, 2242, 2228, 2016, 2023, 1934] [1869, 1869, 1869, 1869, 1869, 1869, 1869, 1869, 1869, 1869]
735 1827 1814 2.98 [11691, 10449, 10011] [1827, 1827, 1827]
736 809 2113 3.29 [2250, 1957, 1901, 2006, 2041] [809, 809, 809, 809, 809]
737 1525 1003 4.92 [8181, 8397] [1525, 1525]
738 1713 710 3.37 [2729, 2681, 2615, 2767, 2986, 2872, 2910] [1713, 1713, 1713, 1713, 1713, 1713, 1713]
739 2376 2390 1.48 [2869, 2907, 3021] [2376, 2376, 2376]
740 2237 2370 1.43 [2201, 2107, 2136, 2265, 2337, 2344, 2222, 2057, 2308] [2237, 2237, 2237, 2237, 2237, 2237, 2237, 2237, 2237]
741 862 1989 2.14 [8056, 7955, 7477] [862, 862, 862]
742 1456 1307 3.7 [4628, 4347, 3869, 4502, 3799, 4108, 4080, 3855, 4544] [1456, 1456, 1456, 1456, 1456, 1456, 1456, 1456, 1456]
743 1081 2254 1.11 [2339, 2489, 2380, 2523, 2724, 2271, 2682, 2598] [1081, 1081, 1081, 1081, 1081, 1081, 1081, 1081]
744 650 1745 3.43 [3925, 3727, 3764, 3443, 3628] [650, 650, 650, 650, 650]
745 1647 770 2.45 [3218, 3259, 3299, 2922, 3310, 2830, 3330, 3350, 3064] [1647, 1647, 1647, 1647, 1647, 1647, 1647, 1647, 1647]
746 1295 1228 4.17 [2056, 1846, 1934, 2137, 1914, 1839, 2143, 2103] [1295, 1295, 1295, 1295, 1295, 1295, 1295, 1295]
747 896 1648 1.8 [3053] [896]
748 1057 815 1.46 [4357, 4179, 4124, 4165, 3850, 3960, 4302, 4220] [1057, 1057, 1057, 1057, 1057, 1057, 1057, 1057]
749 1101 850 4.03 [2836, 2723, 2657, 3007] [1101, 1101, 1101, 1101]
750 1985 532 1.62 [4942, 5382, 5628, 5153, 5136, 5030, 4766] [1985, 1985, 1985, 1985, 1985, 1985, 1985]
751 2049 2077 4.57 [5023, 4751, 5549, 5311, 4666, 5396] [2049, 2049, 2049, 2049, 2049, 2049]
752 950 1558 1.05 [5308, 5146, 4774, 4531, 5178, 5081, 5113] [950, 950, 950, 950, 950, 950, 950]
753 1729 1631 3.09 [2714, 2893, 3063] [1729, 1729, 1729]
754 1152 572 1.27 [2154] [1152]
755 1699 1730 3.13 [5291, 5256, 5325, 5582, 4640, 5068, 4623, 5000, 5428, 5564] [1699, 1699, 1699, 1699, 1699, 1699, 1699, 1699, 1699, 1699]
756 540 2234 2.32 [5874, 6355, 5954, 5453, 5694] [540, 540, 540, 540, 540]
757 1610 872 3.09 [2558, 2430, 2507, 2703] [1610, 1612, 1612, 1612]
758 741 2396 3.65 [2481, 2499, 2921, 2885, 2849, 2930, 2490, 2795] [741, 741, 741, 741, 741, 741, 741, 741]
759 1134 1134 1.42 [2264, 2451, 2572, 2443] [1134, 1134, 1134, 1134]
760 1215 591 1.44 [4998, 4756, 4595, 4772, 5143, 5111] [1215, 1215, 1215, 1215, 1215, 1215]
761 2379 1077 3.02 [6578, 6494, 6224, 6848, 6786, 5787, 5683, 6182] [2379, 2379, 2379, 2379, 2379, 2379, 2370, 2370]
762 1561 2279 2.38 [3027, 3569] [1561, 1561]
763 1679 1289 4.05 [11296, 10526, 10086, 11333, 10049, 10856] [1679, 1679, 1679, 1679, 1679, 1671]
764 1346 2058 4.44 [1944, 1930, 2163, 2262, 2022, 2106] [1346, 1346, 1346, 1346, 1346, 1346]
765 607 1400 3.95 [2319, 2547, 2335, 2682, 2386, 2555, 2750, 2395] [607, 607, 607, 607, 607, 607, 607, 607]
766 2347 1101 2.35 [4794, 4470, 4563, 4994] [2347, 2347, 2347, 2347]
767 536 2313 4.98 [4719, 5146, 5115, 4307] [536, 536, 536, 536]
768 2081 1660 4.3 [2824, 3033] [2081, 2081]
769 688 1419 3.89 [8517, 7772] [688, 688]
770 2138 666 3.0 [2915, 3069, 3012, 2944, 3117, 3079, 2790, 2848] [2138, 2138, 2138, 2138, 2138, 2138, 2138, 2138]
771 2121 2091 1.23 [2779, 3086, 2817, 2750] [2121, 2121, 2121, 2121]
772 858 1911 4.46 [2212, 2396, 2348, 2533, 2244, 2621, 2388] [858, 858, 858, 858, 858, 858, 858]
773 949 1523 4.28 [3556, 3331, 3450, 3722, 3782, 3272] [949, 949, 949, 949, 949, 949]
774 1214 2245 1.95 [2100, 2454, 2311, 2228, 2477] [1214, 1214, 1214, 1214, 1214]
775 2432 1885 2.32 [2027, 2313, 2256, 1955, 2234, 2277] [2432, 2432, 2432, 2432, 2432, 2432]
776 2077 1645 4.21 [7327, 7907, 6577, 7303, 7762, 7956] [2077, 2077, 2077, 2077, 2077, 2077]
777 2106 1910 4.44 [5189, 4926, 5140, 4631, 5304, 4680, 4713, 4976] [2106, 2106, 2106, 2106, 2106, 2106, 2106, 2106]
778 1478 1853 2.18 [3861, 3886, 3682, 3644, 3568, 3797, 3784, 3542, 3975, 4014] [1478, 1478, 1478, 1478, 1478, 1478, 1478, 1478, 1478, 1478]
779 1882 2169 4.54 [13722, 15443, 13328] [1882, 1882, 1882]
780 1886 1312 2.03 [3004, 3238, 3036, 3450, 3184, 3354, 3078] [1886, 1886, 1886, 1886, 1886, 1886, 1886]
781 626 2450 2.55 [13405, 11484, 12612, 13030, 12904, 12654, 11526, 12194, 11986, 13364] [626, 626, 626, 626, 626, 620, 620, 621, 621, 621]
782 956 1379 3.37 [2298, 2525, 2141, 2533, 2235, 2149, 2117, 2290, 2439] [956, 956, 956, 956, 956, 956, 956, 956, 956]
783 1456 1420 4.86 [4782, 4828, 4751] [1456, 1456, 1456]
784 2053 557 2.26 [2530, 2554, 2279, 2602, 2214, 2255, 2384, 2263] [2053, 2053, 2053, 2053, 2053, 2053, 2053, 2053]
785 1752 1847 4.89 [2852, 2690, 2771, 2619] [1752, 1752, 1752, 1752]
786 768 2185 4.56 [1896, 1957, 1863, 1876, 1964, 1923, 2018] [768, 768, 768, 768, 768, 768, 768]
787 701 1032 1.26 [2603, 2846, 2640] [701, 701, 701]
788 1687 1385 2.51 [8339] [1687]
789 1564 523 4.22 [4784, 5132, 5079] [1560, 1560, 1560]
790 1935 2265 2.98 [5342] [1935]
791 1751 1982 3.28 [9802] [1751]
792 1579 1596 1.01 [2463, 2534] [1579, 1579]
793 1823 1584 3.93 [5839, 5502, 5521, 5745] [1823, 1823, 1823, 1823]
794 2371 1399 1.49 [2006, 2143, 2294, 2338, 2330, 2229, 2201, 2078, 2049, 2042] [2371, 2371, 2371, 2371, 2371, 2371, 2371, 2371, 2371, 2371]
795 1403 2014 4.59 [5894, 6115, 6375, 6496, 6295] [1403, 1403, 1403, 1403, 1403]
796 2028 945 4.05 [7384] [2028]
797 1752 1331 4.2 [2941, 2829, 2890, 3361, 2931] [1752, 1752, 1752, 1752, 1752]
798 2118 1352 1.27 [2895] [2118]
799 2309 936 2.06 [10158, 10323, 8942, 9074, 9994, 9041] [2309, 2309, 2309, 2309, 2309, 2309]
800 583 2392 1.1 [4346, 4574, 3888, 4031, 4060, 4660, 4617, 4074, 4203] [583, 583, 583, 583, 583, 583, 583, 583, 583]
801 2020 1941 3.26 [5138, 5372, 5389, 4870] [2020, 2020, 2020, 2020]
802 601 1240 2.68 [2768] [601]
803 1363 1587 1.32 [2703, 2545, 2501] [1363, 1363, 1363]
804 2316 696 2.33 [11763, 12984, 12333, 11396, 13269, 11600, 11559] [2316, 2316, 2316, 2316, 2316, 2316, 2310]
805 980 671 2.23 [3357, 3662, 3526, 3718, 3051, 3696, 3311] [980, 980, 980, 980, 980, 980, 980]
806 776 781 3.69 [17013, 14316, 15094] [776, 776, 776]
807 803 792 2.59 [2168, 2376] [803, 803]
808 1263 1174 2.17 [3143] [1263]
809 966 2171 3.06 [4916, 4212, 4763, 4411, 4840, 4334] [966, 966, 966, 966, 966, 966]
810 1198 2325 3.14 [6484, 6528, 6463, 5858, 6917] [1198, 1198, 1198, 1198, 1198]
811 1824 1120 3.68 [2682] [1824]
812 2178 813 1.44 [8736, 8627, 8083, 8164, 8872, 8573, 7566, 7375, 8110] [2178, 2178, 2178, 2178, 2178, 2178, 2178, 2178, 2170]
813 642 1231 2.19 [4984, 4211, 4196] [642, 642, 640]
814 748 2350 3.5 [2006, 1851] [748, 748]
815 1158 2124 4.74 [2147, 2452, 2475, 2530] [1158, 1158, 1158, 1158]
816 1389 1048 1.19 [3609] [1389]
817 2031 2204 1.16 [2057, 2171, 2037, 2104, 1923, 1843, 1957] [2031, 2031, 2031, 2031, 2031, 2031, 2031]
818 2207 570 3.32 [3948, 4674, 4296, 4282, 4398, 4311, 4717] [2207, 2207, 2207, 2207, 2207, 2207, 2207]
819 1227 578 4.83 [2441, 2200, 2465, 2332, 2208, 2247, 2301, 2270] [1227, 1227, 1227, 1227, 1227, 1227, 1227, 1227]
820 639 2321 3.36 [2166, 2304, 2273, 2472, 2411, 2189] [639, 639, 639, 639, 639, 639]
821 2097 1022 2.95 [4748, 4556, 5005, 4764, 5117, 5262] [2097, 2097, 2097, 2097, 2097, 2097]
822 1288 2143 4.18 [4179, 4088, 3537, 4284, 4166, 3577, 3708] [1288, 1288, 1288, 1288, 1288, 1288, 1288]
823 1544 2093 2.86 [12460, 10835, 12150, 12576, 11492, 10602, 12073] [1544, 1544, 1544, 1544, 1544, 1544, 1540]
824 1834 2193 3.29 [3273, 3384, 3262] [1834, 1834, 1834]
825 2131 1404 4.28 [8260, 8151, 8315, 7715] [2131, 2131, 2131, 2131]
826 1984 650 1.38 [4087, 4450, 4143, 4031, 4115, 4073] [1984, 1984, 1984, 1984, 1984, 1984]
827 1998 860 1.64 [9716, 8778, 8869, 8717, 9595, 9413] [1998, 1998, 1998, 1998, 1998, 1998]
828 761 537 4.22 [7427, 7450, 6652, 6516, 7336, 6424] [761, 760, 760, 760, 760, 760]
829 1594 1020 4.91 [2383, 2104, 2338, 2059, 2443, 2149, 2406, 2428] [1594, 1594, 1594, 1594, 1594, 1594, 1594, 1594]
830 972 1950 2.61 [3720, 3178, 3539, 3619, 3110, 3528, 3268] [972, 972, 972, 972, 972, 972, 972]
831 2260 1809 3.05 [5099, 5762, 5062, 5191] [2260, 2260, 2260, 2260]
832 1922 1622 4.85 [6096, 6604, 6198, 6137, 6218, 6422, 6015] [1922, 1922, 1922, 1922, 1922, 1922, 1922]
833 2102 1097 1.6 [2418, 2401] [2102, 2100]
834 1979 1761 4.57 [7412, 8910, 8774, 8365] [1979, 1979, 1979, 1979]
835 2022 2110 2.17 [5849, 6679, 6658, 6036, 6513, 6492, 6160, 6803, 5953, 6285] [2022, 2022, 2022, 2022, 2022, 2022, 2022, 2022, 2022, 2022]
836 1348 2004 1.86 [2539, 2484] [1348, 1348]
837 594 2468 3.85 [3227, 3239, 3854, 3677, 3416, 3523, 3499, 3298, 3310, 3712] [594, 594, 594, 594, 594, 594, 594, 594, 594, 594]
838 544 1925 4.31 [11202, 10588] [544, 544]
839 940 2371 1.41 [2270, 1897, 1917, 2000, 2146] [940, 940, 940, 940, 940]
840 2256 1450 2.75 [3407, 3361, 3198, 3582, 3442] [2256, 2256, 2256, 2256, 2256]
841 1726 556 1.11 [4664, 4988, 4939, 4405, 5263, 5280, 5037, 4502, 4583] [1726, 1726, 1726, 1726, 1726, 1726, 1726, 1726, 1726]
842 1928 2039 3.44 [2800, 2643, 2671, 2939, 2634, 2874] [1928, 1928, 1928, 1928, 1928, 1928]
843 1709 2410 2.46 [6006, 7150, 6622, 6182, 7194, 6710, 7128] [1709, 1709, 1709, 1709, 1709, 1709, 1709]
844 1973 2229 1.63 [2765, 2756, 2832, 2775, 3023, 2641] [1973, 1970, 1970, 1970, 1971, 1971]
845 2475 1314 3.44 [7253, 7418, 6617, 6570, 7441, 7700, 6758, 7465, 7747] [2475, 2475, 2475, 2475, 2475, 2475, 2475, 2475, 2475]
846 1157 2431 2.09 [2050, 2297, 2318, 2198, 2205] [1157, 1157, 1157, 1157, 1157]
847 1944 1275 4.82 [2347, 2448, 2625] [1944, 1944, 1944]
848 1952 504 2.73 [3599, 3343, 3494, 3541, 3250] [1952, 1952, 1952, 1952, 1952]
849 2212 795 2.26 [2065, 2099, 1901, 2140, 2092] [2212, 2212, 2212, 2212, 2212]
850 1358 1983 3.19 [2957] [1358]
851 2092 799 2.4 [2921, 2732, 2714] [2092, 2092, 2092]
852 978 1002 1.93 [4419, 4677, 4208, 4238] [978, 978, 978, 978]
853 1552 796 4.62 [2236, 2628] [1552, 1552]
854 1150 1804 2.32 [2386, 2081, 2030, 2132, 2226, 2255] [1150, 1150, 1150, 1150, 1150, 1150]
855 1347 1763 2.92 [17259] [1347]
856 1371 1284 1.69 [3542, 3347, 3611] [1371, 1371, 1371]
857 1254 740 4.95 [3856, 4104] [1254, 1254]
858 2412 698 1.48 [7745, 8567, 9078, 8624, 8340, 9163, 7943] [2412, 2412, 2412, 2412, 2412, 2412, 2412]
859 1261 677 2.51 [2556, 2640] [1261, 1261]
860 1339 855 4.27 [2242, 1998, 2116] [1339, 1339, 1339]
861 846 1472 1.87 [5649, 5741, 5301] [846, 846, 846]
862 1964 1584 5.0 [2161, 2382, 2217, 2146, 2572, 2280, 2398] [1964, 1964, 1964, 1964, 1964, 1964, 1964]
863 1642 1576 3.77 [2829] [1640]
864 1216 1829 3.77 [1981] [1216]
865 2372 2344 2.66 [3610, 3057, 3212, 3378, 3522, 2990, 3511] [2372, 2372, 2372, 2372, 2372, 2372, 2372]
866 1357 1947 1.31 [7750, 7390, 7699, 8033, 7338] [1357, 1357, 1357, 1357, 1357]
867 640 539 2.1 [2358, 2649, 2544, 2463, 2657, 2536, 2220, 2576, 2495, 2617] [641, 641, 641, 641, 641, 641, 641, 641, 641, 641]
868 969 2496 1.36 [3343, 4014, 3782, 3697, 3490, 3392] [969, 969, 969, 969, 969, 969]
869 1412 1235 2.88 [8972, 9470, 9204, 10434, 9902, 9105, 10766, 10234] [1412, 1412, 1412, 1412, 1412, 1412, 1412, 1412]
870 1198 1781 3.83 [6722, 7261, 6535, 7448, 7706, 7354, 6394, 6371] [1198, 1198, 1198, 1198, 1198, 1198, 1198, 1194]
871 2278 2247 1.86 [7716, 7789, 7642] [2278, 2278, 2278]
872 2326 1283 3.01 [4658, 4444, 4329, 4058, 4301, 4001] [2326, 2326, 2326, 2326, 2326, 2326]
873 911 651 3.87 [3491, 3281, 3326, 3502, 3524, 3546] [911, 911, 911, 911, 911, 911]
874 1531 1167 1.17 [3602, 3347, 3784, 3287] [1530, 1532, 1532, 1532]
875 2425 1080 4.46 [2044, 2195, 2109, 2166, 2008, 2296, 1979] [2425, 2425, 2425, 2425, 2425, 2425, 2425]
876 534 2444 4.85 [5829, 6613, 6295, 6719, 6041, 5765, 6231, 6168, 6274, 6337] [534, 534, 534, 534, 534, 534, 534, 534, 534, 534]
877 1270 1172 4.58 [3863, 4030, 3581, 3799, 3568, 4133, 4094, 3889] [1270, 1270, 1270, 1270, 1270, 1270, 1270, 1270]
878 1374 1671 4.46 [4772, 5147, 4463, 5310, 4821, 4675, 5229, 4919, 4610, 5294] [1374, 1374, 1374, 1374, 1374, 1374, 1374, 1374, 1374, 1374]
879 1168 1253 3.67 [2593, 2541, 2680, 2428, 2567, 2384, 2837, 2732, 2628] [1168, 1168, 1168, 1168, 1168, 1168, 1168, 1168, 1168]
880 1773 2149 3.2 [4190, 4681, 4374, 4205, 4405, 4512, 4497, 4436] [1773, 1773, 1773, 1773, 1773, 1773, 1773, 1773]
881 903 546 2.48 [2624, 2444, 2224, 2436, 2640, 2616, 2371, 2575, 2273] [903, 903, 903, 903, 903, 903, 903, 903, 903]
882 1158 2147 3.9 [2235, 2195, 2317, 2390, 2674, 2479, 2438, 2349, 2284, 2634] [1158, 1158, 1158, 1158, 1158, 1158, 1158, 1158, 1158, 1158]
883 2498 856 3.78 [2325, 2646, 2621, 2604, 2494, 2342, 2765] [2498, 2498, 2498, 2498, 2498, 2498, 2498]
884 1879 1086 2.65 [3573, 3746, 3237, 3630, 3769, 3191, 3376, 3399, 3607] [1879, 1879, 1879, 1879, 1879, 1879, 1879, 1879, 1879]
885 2198 629 1.08 [2464, 2534, 2448, 2401, 2503, 2300, 2378, 2260, 2206] [2198, 2198, 2198, 2198, 2198, 2198, 2198, 2198, 2198]
886 635 501 2.19 [13345, 11052, 11830, 12485, 11257, 11707] [635, 635, 635, 635, 635, 635]
887 1039 503 4.09 [2266, 2036, 2168, 2161, 2210] [1039, 1039, 1039, 1039, 1039]
888 1274 2162 1.74 [2447, 2212, 2187, 2439, 2309, 2414, 2374, 2536, 2293] [1274, 1274, 1274, 1274, 1270, 1270, 1270, 1270, 1270]
889 2068 2473 1.59 [14017, 14489, 15150, 13639, 14961, 13167, 15102, 13356] [2060, 2060, 2060, 2061, 2061, 2061, 2061, 2061]
890 2367 1155 4.1 [10167, 11473, 11544, 10908, 11508, 10061] [2367, 2367, 2367, 2367, 2367, 2367]
891 925 2366 2.06 [3869] [925]
892 1476 1929 2.95 [2608] [1476]
893 2211 537 2.27 [2147, 2041, 1950] [2211, 2211, 2211]
894 2153 2148 2.1 [14392, 14797] [2153, 2150]
895 1048 1190 1.04 [3454, 3050] [1048, 1048]
896 756 1512 4.55 [2912, 2818, 3091, 2565] [756, 756, 756, 756]
897 1397 962 3.81 [14266, 13772, 14414, 13426, 13969] [1397, 1397, 1397, 1397, 1390]
898 1775 798 2.81 [3040, 3100, 3159, 2812, 3219, 2911, 2851, 3139] [1775, 1775, 1775, 1775, 1775, 1775, 1775, 1775]
899 2199 815 1.54 [4260, 4679, 4203] [2199, 2199, 2199]
900 1509 756 4.66 [3606, 3305, 3536, 3339, 3594, 3502, 3165, 3189, 3397] [1509, 1509, 1509, 1509, 1509, 1509, 1509, 1509, 1509]
901 791 775 3.73 [2979, 3454, 3509, 3344] [791, 791, 792, 792]
902 1920 555 4.24 [6844, 6916, 6556, 7349, 7493, 6724] [1920, 1920, 1920, 1920, 1920, 1920]
903 1012 2173 2.54 [2964, 2498, 2726, 2809, 2909, 2488, 2543] [1012, 1012, 1012, 1012, 1012, 1012, 1012]
904 1956 1782 2.61 [2571, 2330, 2839, 2373, 2640, 2744, 2347, 2356, 2778, 2364] [1950, 1950, 1950, 1950, 1950, 1950, 1950, 1950, 1950, 1950]
905 588 2040 3.86 [2182, 2175, 2065, 2101] [588, 588, 588, 588]
906 1568 1836 4.54 [3024, 3400, 2941] [1560, 1561, 1561]
907 2186 1425 2.55 [1923, 2306, 2072, 1972] [2186, 2186, 2186, 2186]
908 1909 2487 4.88 [2221] [1909]
909 738 789 2.8 [2512, 2598, 2487] [738, 738, 738]
910 1698 1873 4.2 [3819] [1698]
911 1134 2445 1.15 [6283, 6404, 6222, 6323, 6384] [1134, 1134, 1134, 1134, 1134]
912 673 1246 3.56 [4306, 4772, 4712] [673, 673, 673]
913 527 665 2.84 [3610] [527]
914 2160 2061 2.83 [3427, 3209] [2160, 2160]
915 1932 2309 1.61 [1953] [1932]
916 1343 1304 1.35 [3109, 3058, 2966, 3355, 3365, 2864] [1343, 1343, 1343, 1343, 1343, 1343]
917 1858 1191 2.26 [2612] [1858]
918 1571 1571 3.52 [5703, 5721, 4861, 5264, 4756, 4738, 4949, 4878] [1571, 1571, 1571, 1571, 1571, 1571, 1571, 1571]
919 2209 1574 2.96 [2292, 2142] [2209, 2209]
920 1876 1719 1.65 [7593, 7292, 7222, 6644, 7199, 7037, 7083, 7014, 7130, 7060] [1876, 1876, 1876, 1876, 1876, 1876, 1876, 1876, 1876, 1876]
921 813 969 2.18 [3732] [813]
922 1230 2076 1.1 [2680, 2554, 2353, 2462, 2379, 2370, 2295, 2529, 2395, 2278] [1231, 1231, 1231, 1232, 1232, 1232, 1232, 1232, 1232, 1232]
923 664 961 4.61 [13578, 13627] [664, 664]
924 1570 1760 2.96 [2634, 2479] [1570, 1570]
925 1159 2492 4.47 [4244, 4201, 4070, 4012, 4419, 3997] [1159, 1159, 1159, 1159, 1159, 1159]
926 2446 1760 4.15 [11208] [2446]
927 1669 2267 4.79 [4024, 4098, 4424, 4794, 4823, 4365, 4660, 4128, 4675, 4009] [1669, 1669, 1669, 1669, 1669, 1669, 1669, 1669, 1669, 1669]
928 1023 2022 1.88 [2062, 2013, 2262, 1910, 2000, 2158] [1023, 1023, 1023, 1023, 1023, 1023]
929 937 2443 1.44 [12432, 12387, 12839, 12568, 14286, 14602, 14376, 13969] [937, 937, 937, 937, 937, 937, 930, 930]
930 543 1614 4.4 [7792] [543]
931 1096 1598 1.47 [3944, 4597, 4228, 4100, 4611, 4115, 3959, 4327, 4654, 4285] [1096, 1096, 1096, 1096, 1096, 1096, 1096, 1096, 1096, 1096]
932 1977 2430 1.79 [9439, 9266, 9323, 8252, 8686, 9121, 7905] [1977, 1977, 1977, 1977, 1977, 1977, 1977]
933 527 1987 1.73 [4675, 5005, 5146, 5020, 4659, 5036, 4769] [527, 527, 527, 527, 527, 527, 527]
934 1202 883 1.3 [5316, 6131, 5918, 6014] [1202, 1202, 1202, 1202]
935 998 1864 2.32 [2925, 2905, 2984, 2786, 3203, 2885] [998, 998, 998, 998, 998, 998]
936 2356 1510 4.67 [2224, 1849, 1876, 1958, 2122, 2019] [2356, 2356, 2356, 2356, 2356, 2356]
937 2495 1553 2.82 [6983] [2495]
938 1456 582 1.07 [2657, 2754] [1456, 1456]
939 2071 1608 3.05 [3530, 3336, 3304, 3164, 3132, 3487, 3368] [2071, 2071, 2071, 2071, 2071, 2071, 2071]
940 1479 2485 2.02 [11151, 11887, 10673, 10047, 10341, 10930, 11188] [1479, 1479, 1475, 1475, 1475, 1475, 1475]
941 900 1775 2.98 [12205, 11379] [900, 900]
942 2442 1704 2.06 [4544, 4913, 5234, 4672] [2442, 2442, 2442, 2442]
943 1845 1514 4.02 [5062, 4514, 4933, 5143, 4901, 4401] [1845, 1845, 1845, 1845, 1845, 1845]
944 1174 1843 2.81 [2498, 2671, 2964] [1174, 1174, 1174]
945 860 1108 4.55 [5693] [860]
946 1207 2177 3.63 [6416, 6765, 7005, 6830, 7114, 6612, 6023, 6001] [1207, 1207, 1207, 1207, 1207, 1207, 1207, 1207]
947 2052 1970 4.47 [9307, 9988, 9242, 9502, 10442, 10020, 8983, 9112, 10280] [2052, 2052, 2052, 2052, 2052, 2052, 2052, 2050, 2050]
948 1880 1810 1.75 [4889] [1880]
949 945 1515 2.85 [5516, 5357] [945, 945]
950 1088 812 4.33 [3202, 2798, 3305, 3171, 3160] [1088, 1088, 1088, 1088, 1088]
951 2245 655 4.75 [2551, 2518, 2492, 2382, 2534, 2458, 2703, 2653, 2577, 2627] [2245, 2245, 2245, 2245, 2245, 2245, 2245, 2245, 2245, 2245]
952 1747 729 3.71 [7245, 6937, 7157, 7047] [1747, 1747, 1747, 1747]
953 906 1852 1.41 [8922, 8379, 8741] [906, 906, 906]
954 1385 535 4.03 [2827, 2867, 2878, 2776] [1385, 1385, 1385, 1385]
955 1445 1466 2.31 [2902, 2883, 2791, 2652, 3031, 2689, 2911] [1445, 1445, 1445, 1445, 1445, 1445, 1445]
956 2150 1722 2.59 [4472, 4687, 4144, 4072, 4229] [2150, 2150, 2150, 2150, 2150]
957 904 1314 3.33 [3410, 3557, 3240, 3127, 3716, 3648, 3104] [904, 904, 904, 904, 904, 904, 904]
958 1526 1707 2.49 [2014, 1973, 2152, 1884, 2124, 2262, 2083, 1939, 1904, 1877] [1526, 1526, 1526, 1526, 1526, 1526, 1526, 1526, 1526, 1526]
959 1385 1189 3.49 [7927, 7492, 7806, 7081, 6936, 6550] [1385, 1385, 1385, 1385, 1385, 1385]
960 1853 2030 2.56 [6775] [1853]
961 2151 1668 4.53 [8238, 7973, 8357, 8032, 8740, 9065, 8445, 8150, 9567] [2151, 2151, 2151, 2151, 2150, 2150, 2150, 2150, 2152]
962 2139 2277 4.39 [4624, 4398] [2139, 2139]
963 1564 1174 3.54 [2354, 2183, 2245, 2470, 2191] [1560, 1561, 1561, 1561, 1561]
964 1168 1215 3.32 [6080, 6371, 6351] [1168, 1168, 1168]
965 1623 2327 1.21 [1949, 1855, 1943, 2198, 1875, 1822] [1624, 1624, 1624, 1624, 1624, 1624]
966 1631 527 3.53 [5229, 5355, 4869, 5462, 5408, 4959, 5534, 5912, 4977, 5642] [1631, 1631, 1631, 1631, 1631, 1631, 1631, 1631, 1631, 1631]
967 1905 1672 4.42 [4999, 4921] [1905, 1905]
968 2359 2375 4.62 [5907, 6193, 5543, 5467, 5180] [2359, 2359, 2359, 2359, 2359]
969 1943 1900 2.62 [9304, 9779, 9507, 9609, 9440, 9236] [1943, 1943, 1943, 1943, 1940, 1940]
970 1901 1595 2.48 [2034, 2054, 1994] [1901, 1901, 1901]
971 1910 1966 2.78 [3203, 3060, 3038, 3611, 3214] [1910, 1910, 1910, 1910, 1910]
972 594 2189 1.99 [3482, 3303, 3090, 3101, 3414, 3314, 3045] [594, 594, 594, 594, 594, 594, 594]
973 2443 2396 3.0 [5763, 5650, 6216, 5706, 6198, 5404, 5574, 5971, 5461] [2443, 2443, 2443, 2443, 2443, 2443, 2443, 2443, 2443]
974 1892 1910 1.32 [2926] [1892]
975 2262 1642 3.39 [6089, 5841, 5631] [2262, 2262, 2262]
976 903 553 1.69 [6451, 6554, 6285, 6802, 6595, 6699, 6037] [903, 903, 903, 903, 903, 903, 903]
977 1572 1965 3.3 [3441, 3557, 3361] [1572, 1572, 1572]
978 2349 2064 4.28 [2298, 2106, 2078, 2270, 2263, 2213] [2349, 2349, 2349, 2349, 2349, 2349]
979 620 1039 4.52 [3805, 3782, 3190, 3736, 3654] [620, 621, 621, 621, 621]
980 1493 2152 2.91 [4154, 4141, 3882, 3572, 3999, 3727, 4012, 3870] [1493, 1493, 1493, 1493, 1493, 1493, 1493, 1493]
981 1772 1803 4.52 [5187, 4963, 5219, 4835, 5267] [1772, 1772, 1772, 1772, 1772]
982 1850 639 1.07 [2866, 2532, 2588, 3051, 2987, 2977, 2773, 2801, 2625] [1850, 1850, 1850, 1850, 1850, 1850, 1850, 1850, 1850]
983 646 2138 2.78 [3405, 3513, 3632, 3573, 3585, 3944, 3525] [646, 646, 646, 646, 646, 646, 646]
984 615 929 2.48 [2241, 2474] [615, 615]
985 1932 2001 1.05 [2780, 2558, 2472, 2729, 2481, 2430, 2720] [1932, 1932, 1932, 1932, 1932, 1932, 1932]
986 2192 2267 2.15 [10306, 10159, 10636, 10012, 10892, 11809] [2192, 2192, 2192, 2192, 2192, 2192]
987 1966 1349 2.53 [2634] [1966]
988 887 2328 2.48 [9820, 9512, 9789] [887, 887, 887]
989 610 991 3.19 [10787, 10375, 10753, 10959, 11131] [610, 610, 610, 610, 610]
990 2095 1118 4.88 [3296, 3362, 3264, 3593, 2989, 3417, 3516, 3033] [2095, 2095, 2095, 2095, 2095, 2095, 2095, 2095]
991 625 862 1.04 [3405, 3451] [625, 625]
992 628 819 4.28 [5289, 5882, 4911] [628, 628, 628]
993 815 1624 3.74 [3493, 2957, 2936, 3257, 2968] [815, 815, 815, 815, 815]
994 2036 946 4.62 [4726, 4211, 4242, 4802, 4696, 4984, 4953, 4817] [2036, 2036, 2036, 2036, 2036, 2036, 2036, 2036]
995 559 1744 4.36 [4752, 5668, 5034, 5509, 5245, 5157, 4823, 5597, 5404, 4946] [559, 559, 559, 559, 559, 559, 559, 559, 559, 559]
996 1755 1708 2.57 [3094, 3253, 3219, 3265] [1755, 1755, 1755, 1755]
997 1201 2327 4.49 [2124, 2027, 2159, 2215, 2257] [1201, 1201, 1201, 1201, 1201]
998 1191 2419 1.76 [4137, 3900, 3663, 4255, 3939] [1192, 1194, 1194, 1194, 1194]
999 612 504 1.6 [2765, 3042, 2878, 3165, 3154, 3124] [612, 612, 612, 612, 612, 612]
