0 1670 566 3.32 [3317, 3573, 3340, 3184] [2354, 1980, 1905, 2113]
1 1838 2160 3.09 [2141, 2227, 2477, 2290, 2126, 2313] [2069, 2303, 2354, 809, 1033, 1882]
2 2261 784 2.53 [4974, 4835, 4418, 4619, 4341] [1801, 2240, 2355, 707, 2289]
3 1904 1120 1.54 [5325, 5521, 5253, 4860] [1170, 1674, 2356, 846]
4 1693 508 1.78 [2589, 2495, 2716, 2784, 2427] [555, 1343, 1334, 654, 713]
5 1143 1865 2.75 [4276, 4221] [756, 1154]
6 1164 2228 4.37 [3580, 3417, 4120, 3781, 3630, 4045, 3869] [1471, 2446, 1690, 1420, 1343, 927, 909]
7 1847 647 4.43 [3920, 4080, 3907] [1149, 1781, 2362]
8 2369 1731 4.86 [2303, 2164] [1895, 1187]
9 2153 891 2.66 [3498, 3207, 3118, 3453] [1173, 1376, 689, 1788]
10 1568 865 2.07 [11518, 12834, 12793, 13245, 11559] [1560, 2150, 2225, 1507, 1329]
11 2092 860 2.39 [3433, 3264, 3675, 3808, 3288, 3518, 3506] [666, 923, 1675, 998, 571, 915, 695]
12 996 663 2.62 [2584, 2883, 2856] [671, 890, 1021]
13 1515 1879 3.95 [15470, 15316, 15725, 15368, 13989] [1920, 2066, 1080, 1125, 1915]
14 840 1502 4.6 [5473, 5620, 5676] [1025, 834, 1779]
15 1215 1603 3.81 [3104, 2875, 3083, 3364, 2833, 2812, 3426, 3166, 2854] [741, 2355, 547, 1049, 1948, 981, 2264, 2227, 951]
16 603 1216 1.44 [2354, 2340, 2194, 2026, 2179, 2165, 2325, 2201] [1675, 986, 614, 526, 2140, 1824, 1768, 1118]
17 2389 1415 2.04 [2903, 2845, 3040, 2962, 3187, 2727, 3099, 2786] [1072, 780, 1924, 1826, 1189, 1731, 1983, 1419]
18 1161 1767 1.79 [2104, 2221, 2131, 2062, 1863, 2207, 1904, 1980, 2042, 1959] [2356, 813, 2391, 1808, 1061, 1640, 2209, 1388, 821, 839]
19 1970 1092 1.19 [15649, 13539, 15796, 14128, 13735, 15305, 14716, 13686, 14373] [1331, 2403, 1948, 2269, 747, 1914, 757, 2101, 1691]
20 1718 1320 1.77 [18524, 18128, 20238, 18590, 19579, 18656] [1377, 1206, 958, 738, 2361, 1748]
21 696 1901 2.86 [15358, 14435, 14483, 15164, 15407, 14824, 13754, 13949, 14969] [606, 1564, 897, 1395, 853, 854, 2225, 666, 737]
22 1246 737 3.51 [4857, 5054, 4841, 5315] [2105, 2311, 1101, 504]
23 1282 2284 1.8 [9785, 8382, 9815, 8322, 8901, 8718, 8931] [2158, 1834, 2136, 1145, 1878, 1997, 1324]
24 1435 1368 3.52 [7278, 7643, 7010, 7351, 7327] [2450, 1436, 1587, 2051, 2065]
25 1539 2359 2.77 [2572, 2783, 2528, 2642, 2625, 2854] [1985, 611, 2213, 1867, 837, 741]
26 1476 1702 3.76 [3878, 3818, 3564, 3866, 3383, 3721] [2421, 1432, 1642, 1183, 525, 650]
27 1351 1975 3.39 [3845, 4356, 4115, 4413, 3888] [1675, 2031, 722, 691, 1183]
28 2016 1312 2.13 [4475, 4396, 4538] [1026, 1817, 675]
29 695 1638 4.75 [8450, 8754, 7567, 8174] [2458, 1856, 2100, 1116]
30 892 1666 2.76 [3907, 4252, 4065, 4195, 4670, 4411, 4714, 4368, 4627, 4685] [1859, 590, 2115, 555, 900, 952, 1554, 1541, 1942, 524]
31 2064 2078 1.2 [2609, 2599, 2924, 2800, 3105, 2819, 2771, 2943, 2962, 2675] [820, 548, 2397, 1867, 2028, 1581, 2340, 777, 2332, 1142]
32 2082 823 4.16 [2091, 2024, 2360, 2270, 2255, 2397] [2291, 758, 1359, 1064, 723, 1297]
33 1215 680 3.32 [2885, 2949, 3435, 3149, 3329, 3170] [702, 947, 993, 905, 2263, 966]
34 1748 1424 4.95 [6245, 6887, 6352] [699, 1118, 757]
35 2184 2189 3.24 [2874, 2757, 2698, 2903, 3040, 2727, 2659, 2747] [1636, 1298, 2316, 785, 1830, 669, 1421, 1502]
36 1810 1798 2.72 [2463, 2374, 2205, 2487, 2640, 2261] [506, 867, 888, 2169, 1801, 1140]
37 1136 2458 1.71 [2046, 2255, 1962, 2018, 2262, 1899, 2060, 2150, 2220, 2074] [1329, 2430, 2235, 694, 2364, 2198, 1108, 924, 1249, 1780]
38 659 1207 2.97 [7185, 7818, 7745] [1110, 794, 1887]
39 2472 1458 1.15 [2940, 3016, 2834] [1985, 702, 509]
40 813 1551 3.79 [5002, 5459] [1065, 626]
41 742 981 3.89 [2335, 2128, 2246, 2298, 2394] [2299, 1293, 1264, 2008, 2490]
42 2325 702 4.63 [2940, 3019, 2793, 2980, 2823, 2646, 3058, 2744, 3068, 2882] [1078, 1311, 2216, 2349, 1449, 2162, 703, 636, 1688, 1466]
43 1920 968 3.55 [2019, 2238, 2392, 2158, 2246, 2070, 2107, 2136] [932, 2475, 2380, 520, 1937, 2001, 1585, 644]
44 642 2484 3.49 [14161, 12665, 12805, 13787, 15002, 12712, 15329, 14535, 13880] [2389, 2038, 1620, 1775, 2483, 1197, 1966, 531, 867]
45 1193 2207 3.91 [18912, 20217, 19564, 20869, 18260, 17673] [1068, 1103, 1749, 2235, 2483, 704]
46 921 760 4.29 [2974, 2592, 2674, 2810] [504, 585, 934, 2038]
47 1616 1697 4.5 [4221] [923]
48 511 752 1.23 [1895, 2148, 2011] [1766, 2444, 1331]
49 638 529 3.96 [5523, 5291, 5845] [1910, 1731, 660]
50 597 1629 3.82 [2361, 2597, 2297, 2219, 2147, 2329, 2447, 2590, 2376, 2487] [1692, 2236, 1236, 2119, 1079, 1408, 602, 2165, 1846, 783]
51 1960 1246 1.56 [5077, 4969, 5402, 4878, 5041] [2303, 1775, 1269, 2344, 2259]
52 1069 660 2.24 [18032, 16430] [1651, 1313]
53 1089 1944 2.34 [4896] [1307]
54 1031 1800 4.51 [4074, 3531, 4010] [1020, 507, 2141]
55 615 1746 1.85 [1997] [2095]
56 800 1126 4.37 [12937, 10821, 11699] [2397, 1439, 687]
57 1557 1870 2.92 [6655, 6142, 5772, 6368, 5731, 5567, 6060, 6327] [1691, 2285, 1507, 1153, 971, 2090, 911, 1101]
58 815 1424 3.81 [5124, 5318, 5494] [1422, 2318, 1189]
59 1461 816 3.37 [2082, 2180, 1992] [1278, 923, 1778]
60 933 1513 3.62 [4143, 4208, 3961, 3819, 3624, 4039, 3767, 4117, 4195, 3611] [607, 1214, 777, 687, 2037, 2184, 1256, 541, 2064, 744]
61 613 1437 2.34 [2124, 1913, 2060, 2166, 2236, 2243, 1927, 2201, 2215] [1476, 990, 1611, 790, 1108, 2093, 1996, 513, 787]
62 573 761 1.04 [2042, 1953, 2145, 2062, 2221, 2104] [1895, 1244, 1216, 1588, 800, 538]
63 2377 1855 1.37 [6277, 6876] [970, 1387]
64 1433 1376 4.0 [2846, 2940, 3080, 2640, 2930, 2968, 2668] [1578, 1419, 1006, 2394, 1302, 1295, 1919]
65 1973 819 1.88 [10764, 10519, 10939, 11288, 11253, 10904, 10275, 11183, 9855] [1597, 2223, 1939, 2364, 1095, 1537, 1750, 1833, 1970]
66 639 1596 1.62 [6718, 6652, 6083, 5996, 6827, 6455, 6543, 6017, 6193, 5908] [1107, 1772, 2066, 2082, 670, 1842, 1512, 1051, 1224, 2020]
67 1430 866 2.47 [5123, 5231, 5195, 5518] [757, 1453, 1852, 2009]
68 1030 817 2.67 [1903, 2044, 2206, 2030, 2129, 2248] [2244, 982, 1493, 765, 1226, 2251]
69 1930 2295 2.63 [4468, 4184, 4856, 4811, 4139] [2353, 1171, 2334, 1788, 2352]
70 2325 2217 4.97 [3262, 3054] [1649, 789]
71 2296 2123 2.52 [1930, 2166] [1808, 2028]
72 2193 1983 3.29 [4085, 3823] [1939, 1976]
73 2042 1333 4.27 [12298, 10192, 11207, 11245, 11659, 11508, 11847] [1897, 1907, 1603, 2380, 2043, 752, 2032]
74 1509 1924 3.25 [3259, 3062, 3106] [1049, 1822, 579]
75 1467 1523 2.62 [4735, 4302, 4446, 4590, 3912, 4359, 4388, 4229, 4475] [1583, 888, 1259, 1302, 939, 1624, 1543, 1950, 1130]
76 1943 2170 1.74 [3444, 3621, 3291, 3562] [2164, 1464, 1791, 867]
77 2096 2204 3.27 [1866] [2420]
78 836 1360 4.08 [2608] [2355]
79 1456 1143 1.99 [1937] [779]
80 1891 1502 2.41 [3584, 3619, 3376, 3307, 3133, 3226, 3769] [763, 1063, 2302, 551, 1663, 1872, 2370]
81 585 788 3.66 [4844, 5281, 5509, 5754] [657, 2306, 2098, 850]
82 1469 2091 2.41 [7420, 7969, 8119, 7844, 7270, 7694, 8044, 7195, 8219] [1195, 1062, 1002, 2097, 1857, 1152, 674, 800, 1043]
83 615 719 3.9 [3651, 3833, 3602, 3639, 3541, 3323] [1030, 696, 772, 1126, 655, 1519]
84 823 1689 4.04 [2279, 2182, 2554, 2481, 2400] [580, 1533, 591, 1476, 1469]
85 1983 2070 3.94 [2219, 2080, 2032] [1301, 1960, 2284]
86 1306 745 4.17 [3412, 3193, 3381, 2859] [1541, 2015, 1874, 695]
87 1506 2175 3.2 [13409, 12251, 14211, 14122, 14612] [1839, 2348, 775, 2183, 1945]
88 1848 1755 1.98 [5503, 5857, 5798] [1136, 1529, 1628]
89 2330 1940 3.75 [4176, 4162, 3965, 3994] [1357, 2417, 2470, 850]
90 1981 1939 2.45 [12051, 12467, 12164] [1433, 1407, 1905]
91 906 2142 4.41 [4545] [2341]
92 1901 1570 1.75 [6325, 5904] [2092, 1561]
93 1807 1899 3.42 [4329, 4424, 4248, 4261] [1490, 2208, 813, 866]
94 2344 1663 2.32 [14018, 14104, 13201, 13330, 12083, 13803, 13932, 12900] [888, 913, 1095, 741, 891, 1418, 1326, 1465]
95 996 1268 3.04 [3265, 3212, 3350, 2915, 3021, 2894, 2926] [639, 2244, 2076, 2243, 2075, 1128, 1805]
96 1983 633 2.11 [2824, 2558, 2700, 2602, 2860, 2469] [1595, 734, 2137, 946, 1979, 2345]
97 1218 2078 3.56 [15577, 13593, 16321] [2195, 2291, 922]
98 528 2044 3.59 [7826, 8333, 6864, 7092, 7801, 7041, 7497] [1989, 1125, 2281, 924, 1539, 1092, 1395]
99 995 1474 1.69 [3639, 3651, 3358, 3733, 3265, 3627] [2248, 1469, 694, 1246, 1565, 1002]
100 2275 2314 3.82 [2300, 1914, 2195, 1921, 2307, 2096, 2132, 2082, 2146] [2032, 2164, 2496, 876, 1648, 1673, 1263, 2173, 1099]
101 1596 1135 3.31 [6600, 7035, 6370, 6852, 7241, 6668] [808, 522, 1188, 2146, 1276, 802]
102 1230 642 3.83 [14806, 13902, 14949, 14521, 13140] [1083, 1549, 2378, 2286, 2302]
103 2429 1017 2.26 [4819, 4574, 4688, 4525, 4557, 4982, 5047] [1997, 763, 1546, 635, 867, 1722, 2191]
104 846 2234 4.04 [1986, 2180, 1920, 1873, 1940, 1886] [1532, 1569, 575, 739, 2274, 1075]
105 1895 1809 1.2 [5119, 5594, 5558, 5576, 5101, 4991, 5996, 5265, 5338, 5466] [2294, 1355, 1653, 2362, 683, 1594, 894, 1739, 2220, 2336]
106 2054 1247 4.91 [2627, 2897] [1902, 1405]
107 2486 2145 1.29 [3147, 3038] [1410, 1334]
108 1004 1406 3.73 [8249, 7661, 8142, 8356, 7688, 7288, 8062, 7928, 8329, 8436] [2414, 1966, 588, 1970, 1901, 860, 2207, 856, 2196, 2158]
109 1193 1457 1.23 [4600, 4616, 4416, 4953, 4662, 5030] [695, 1517, 1944, 1727, 1656, 2040]
110 2404 502 4.57 [3171, 3058, 2865, 3283, 3324, 3313, 3262, 2895, 2997, 3028] [1786, 1110, 824, 998, 2476, 1065, 2488, 978, 740, 692]
111 1157 1892 2.37 [2462, 2891] [1627, 1918]
112 1026 1393 3.19 [2712, 2771, 2763] [1597, 1714, 1412]
113 508 1528 3.57 [4244, 3911, 4535, 4258, 4382, 4355] [1384, 1187, 2106, 986, 1612, 1999]
114 750 840 2.37 [2651, 2802, 2567, 2896, 2999, 2820, 2877, 2614] [842, 1545, 614, 1426, 682, 1542, 550, 1089]
115 535 2260 3.04 [4296, 3863, 3905, 4212, 4338, 4492, 4436, 4045, 4282] [563, 2340, 1023, 2074, 1235, 1040, 2419, 1132, 2496]
116 1115 597 1.67 [3254, 3442, 3390, 2825, 3138, 3107, 3097] [1592, 1323, 1799, 2373, 2347, 2273, 2407]
117 1744 1664 3.56 [5382] [1890]
118 2397 2232 4.89 [4359, 4167, 4536, 4462, 4551] [629, 1885, 2274, 1245, 528]
119 1956 1491 2.37 [3020, 3154, 3340, 3165] [626, 1684, 2018, 2083]
120 574 2277 4.86 [3883, 3998, 4070] [2238, 864, 822]
121 1057 999 2.96 [7386] [968]
122 1427 1257 3.51 [6129, 6069, 6387] [1808, 646, 2004]
123 918 1916 1.12 [7764, 7238, 7644] [1403, 1361, 2210]
124 1738 2478 2.54 [19284, 17613, 18577] [587, 501, 1734]
125 1860 2451 4.1 [2308, 2549, 2613, 2188, 2404, 2637, 2180, 2348] [2047, 946, 1298, 1608, 2421, 2449, 1652, 2151]
126 637 660 2.72 [3208, 3099] [1446, 691]
127 1640 2441 4.77 [17811, 17427, 20502] [1086, 2063, 2239]
128 967 1875 1.21 [3552, 3497, 3595, 2973, 3235] [2258, 1450, 2336, 1929, 2260]
129 2240 1255 3.06 [3153, 2979, 2777, 2835, 2758, 3143, 2603, 2941, 2931, 3114] [1853, 2093, 2179, 1578, 1106, 1173, 714, 1415, 887, 805]
130 1453 965 2.51 [4382, 4075, 4507, 4005, 4354, 4242, 3796, 3810, 4047] [1773, 1801, 743, 2025, 570, 2263, 1222, 885, 1863]
131 1694 2306 2.25 [5012, 5227, 5872] [915, 869, 963]
132 1513 692 1.89 [7089] [1099]
133 1125 2366 1.03 [15944, 15335, 17550, 18103, 17439, 16221, 15114, 15391, 16941] [500, 755, 607, 962, 2366, 1376, 1542, 1807, 1753]
134 2296 2268 1.92 [1858, 2111, 1981, 2084, 2146, 2015, 2139, 2159, 2235] [1275, 1872, 1065, 1751, 1199, 1822, 2104, 1730, 1616]
135 1801 2182 3.5 [13814, 12364, 13473, 11511, 14027, 13302, 11853, 12279] [2444, 769, 1153, 2311, 2419, 2256, 609, 522]
136 2483 2464 4.84 [2643, 2328, 2392, 2538, 2231, 2408, 2255, 2295, 2376] [2252, 689, 1543, 1536, 1581, 1473, 863, 2198, 804]
137 1596 1175 2.21 [5772, 5477, 4998, 5920, 5053, 5237, 5422, 5883, 5791, 5219] [930, 1623, 2185, 1215, 758, 803, 2316, 2066, 1099, 2131]
138 824 601 1.44 [3185, 3296, 3135] [705, 851, 1634]
139 2230 1727 1.24 [4844, 5291] [2475, 2356]
140 980 1939 3.69 [2033, 1969, 1926, 2161, 1962, 2303, 2282, 2005] [1122, 2169, 1456, 916, 2289, 673, 744, 818]
141 1666 2130 4.42 [5039, 4634, 4439, 4698, 4990, 4488, 4682] [555, 2446, 1765, 820, 1545, 2042, 2447]
142 1962 978 4.36 [2671, 2740, 2483, 2723, 2466, 2414, 2543, 2337] [1223, 2490, 1130, 1249, 2460, 2036, 2216, 547]
143 1389 759 2.02 [3663, 3125, 3428, 3540, 3573, 3596] [1033, 1970, 554, 1414, 503, 1155]
144 2153 1085 4.88 [5486, 5307, 5864, 5091, 5414, 5900, 5666, 4965, 5145] [2108, 1084, 1940, 1463, 2174, 1430, 2106, 1137, 605]
145 601 827 3.73 [2930, 3182] [551, 569]
146 1985 958 1.45 [2801] [673]
147 1359 1316 3.82 [5765, 4886] [541, 1544]
148 1368 1127 1.89 [2025, 2011, 2081, 2157, 2122, 2074, 2248] [2237, 1131, 1363, 1073, 1444, 1782, 2383]
149 540 2452 4.72 [4280, 4249, 4827, 4358] [1075, 673, 2167, 2176]
150 2426 1746 2.29 [2695, 2740, 2926, 2597, 2766] [1816, 2323, 1379, 2274, 1947]
151 2238 601 3.19 [5261, 5484, 5316, 5595, 5521, 5688, 6097, 5818, 5539, 5428] [644, 550, 2319, 1308, 2062, 532, 1033, 2013, 531, 2496]
152 1349 1163 1.91 [4160, 3836, 3822, 4484, 4428, 4245, 4216, 3948, 4625] [2092, 2399, 1899, 1577, 1702, 2175, 638, 1888, 2472]
153 1418 2045 2.91 [2350, 2444, 2693] [511, 2176, 1145]
154 1822 1950 1.43 [5349, 4979, 5419] [1972, 708, 1513]
155 1260 1750 1.65 [9680] [1381]
156 1459 995 3.69 [2442, 2381] [713, 1184]
157 999 1514 1.7 [2041, 2269, 2092] [1556, 553, 2003]
158 658 1449 4.22 [1897, 2229] [524, 1905]
159 1933 2069 1.25 [13999, 12916, 11876, 13349, 14129, 13306, 12266, 13739] [740, 2368, 1655, 2218, 1850, 1810, 570, 2303]
160 2065 2275 1.81 [8408, 8331, 8075, 7998, 7511, 7178, 7767, 7357, 7434, 7229] [1777, 970, 1426, 1011, 1214, 1264, 1653, 643, 1962, 1576]
161 1526 1605 2.75 [2458, 2656, 2466, 2532, 2507, 2615, 2384, 2573, 2714] [2191, 740, 1966, 633, 1004, 2225, 2193, 1016, 1689]
162 2070 501 2.05 [2702, 3025, 2897, 2829, 2907] [1421, 2217, 1447, 1525, 590]
163 658 1109 4.09 [2544, 2168, 2145] [2346, 581, 2160]
164 1269 1796 1.97 [2579] [2272]
165 2204 1020 2.6 [7915, 7890] [2150, 2368]
166 1038 1984 2.37 [6263, 6834, 5933, 6966, 6329, 6241, 6351] [2155, 2049, 1837, 1445, 669, 873, 2349]
167 995 536 4.71 [2220, 2277, 2351, 2466] [823, 1689, 1570, 1779]
168 729 2348 4.9 [9360, 9512] [943, 1646]
169 2477 1631 2.62 [5592, 5977, 5997, 6018, 6565, 6443] [1772, 2129, 1738, 2431, 1660, 1001]
170 1362 1710 4.38 [8653] [911]
171 1231 1182 3.41 [1984, 2031] [988, 1088]
172 1676 1548 2.76 [2136, 1955, 2283, 2053, 2241, 1913, 1997, 1934] [583, 769, 2395, 1210, 2485, 1690, 2207, 2022]
173 786 1932 2.07 [6854, 6495, 6411, 6748, 6010] [1987, 2338, 1720, 1434, 2386]
174 1868 694 4.55 [3278, 3668, 3055, 3445] [2003, 1143, 1398, 1510]
175 1387 740 2.96 [2398, 2091, 2293, 2039, 2031, 2271] [503, 2382, 1113, 1744, 741, 1240]
176 1914 1483 4.65 [4714, 4697, 4984, 4883, 5406] [2009, 904, 2250, 1081, 2077]
177 624 2232 4.28 [4308, 4380, 4539, 4222, 4322, 3890, 4409, 4150, 4020, 4351] [2264, 801, 1723, 1694, 1962, 2199, 2233, 1673, 2003, 1586]
178 2180 2236 2.07 [8247, 8801, 9325, 9005, 8101, 7985, 8218, 8014, 8742, 8480] [864, 620, 2273, 2111, 2292, 981, 1024, 869, 1568, 569]
179 1159 2050 1.49 [3552, 3112, 3529] [2089, 1531, 522]
180 1603 568 3.65 [9387, 9026, 9617, 10109, 10700, 10372, 9485, 10043, 10733, 9124] [1790, 2048, 719, 885, 717, 1477, 1441, 2437, 1562, 1062]
181 2081 1439 3.59 [2284, 2067, 2161, 2320, 2147] [964, 2356, 620, 1393, 2466]
182 2184 2113 1.37 [2136, 2114, 2072, 2093, 2306, 2207] [1010, 1083, 2141, 2098, 1181, 1137]
183 820 1263 4.25 [5221] [1002]
184 2165 2229 2.53 [2553] [1213]
185 699 602 4.68 [6179, 6076, 6651, 6466, 5543, 6138] [1506, 1374, 1876, 633, 2365, 2349]
186 1362 520 2.13 [1944, 2274, 2282, 2038, 2253, 2131, 2325] [919, 917, 2317, 946, 2456, 1981, 1522]
187 883 1568 1.13 [4214, 4781, 4856, 4348, 4811, 4423, 4722, 4408, 4647] [1458, 2205, 1837, 1166, 806, 1436, 1857, 1603, 2474]
188 2472 1611 3.08 [3292, 3245] [1319, 2489]
189 959 2221 1.01 [4652] [632]
190 1343 1148 2.1 [4717, 4444, 4487, 4343, 4185, 4401, 4588, 3941] [551, 2047, 796, 1471, 948, 1664, 1697, 2025]
191 2044 2252 2.27 [3980, 3966, 3926, 4127, 4394, 3806, 4287, 3993] [1547, 597, 1490, 1970, 1027, 504, 725, 1555]
192 1896 1070 1.61 [12474, 14545, 14453] [1446, 583, 962]
193 1223 999 4.91 [2279, 1905, 2148, 2044, 1912, 2065, 1947, 2134, 1885, 2231] [742, 1859, 2110, 534, 777, 2396, 2337, 649, 2414, 962]
194 2024 1500 1.38 [10761, 10492, 9416, 9584, 10526, 9887, 9786, 9214, 10660] [1294, 1573, 559, 1627, 1203, 917, 1028, 1820, 1989]
195 2053 1619 1.82 [3221, 3582, 3374, 3593, 3308, 3199, 3276, 3560] [1643, 1069, 2471, 1142, 945, 1951, 967, 2301]
196 2284 2250 3.37 [3362, 3618, 3451, 3607, 3250, 3630] [1354, 598, 1019, 2459, 1839, 1609]
197 1624 1218 1.88 [5453, 5354, 4608, 5437, 5420] [1762, 2022, 522, 1574, 986]
198 658 1137 2.75 [2811, 2888, 2897, 2916, 2620, 2830, 2878, 2725] [1916, 1402, 1194, 1363, 1170, 2025, 1260, 665]
199 2042 820 3.55 [3882, 4032, 4264] [2484, 680, 1777]
200 1937 1319 4.49 [6295, 6723, 6520, 6678, 7197] [1310, 1472, 867, 1051, 756]
201 1711 2377 3.68 [1911, 2239, 2176, 2197, 1918, 1890, 2058] [652, 2490, 2472, 1909, 811, 591, 781]
202 2495 1384 1.75 [4289] [2032]
203 1284 1552 4.67 [2567, 2473, 2284] [964, 742, 1716]
204 1402 1725 3.6 [3558, 3642, 3679, 3958, 3630, 3946, 3849] [2426, 548, 933, 687, 1179, 993, 592]
205 580 1005 2.78 [4094, 3736, 3974] [1499, 969, 2386]
206 2295 1412 2.2 [2289, 2472, 2576, 2400, 2305, 2233, 2568, 2624] [781, 1971, 2229, 2446, 1308, 723, 1444, 1018]
207 613 1357 2.24 [2828, 2628] [2149, 2207]
208 2146 2064 1.97 [10037, 9046, 10070, 9871] [2299, 1651, 916, 2217]
209 2469 723 1.79 [5223, 5730, 6031, 5392, 5975] [603, 1154, 1309, 645, 1380]
210 2199 634 3.83 [2657, 2592, 2341, 2455, 2398, 2293] [1407, 1371, 1352, 1627, 754, 2407]
211 1109 594 4.15 [3428, 3538, 3373, 3119, 3251, 3483, 3626, 2987, 3406] [1794, 2168, 2007, 953, 1663, 2209, 1916, 1804, 2015]
212 2428 2417 1.75 [8222, 8652, 9368, 8938, 9225, 9253] [1524, 2283, 1737, 1949, 1003, 1143]
213 575 690 2.64 [3469] [695]
214 2489 625 2.33 [2166, 2195, 2210, 2325, 1979] [2301, 2318, 2308, 1605, 2241]
215 1048 1354 4.16 [3211, 2968, 2936, 3390, 3316, 3242, 2957, 3274, 3411] [545, 2385, 888, 510, 2320, 2277, 1533, 2230, 588]
216 1661 2090 4.91 [17258, 17641, 15074, 16439, 17750, 15838, 15784] [1191, 2369, 844, 2279, 2110, 2194, 2272]
217 689 1680 3.51 [5067, 4540, 5098, 4494] [1873, 1358, 1202, 602]
218 2019 2369 3.28 [11003, 11444, 11123, 12287, 12368, 12167, 12127, 11765, 12890, 12970] [973, 810, 1036, 1120, 1473, 1859, 1773, 2111, 1085, 709]
219 1917 1504 4.63 [2117, 1921, 2103, 2076, 2211, 2002, 2198, 1969] [1171, 651, 969, 1796, 1696, 1431, 1744, 1544]
220 963 1285 3.05 [4605, 4683, 5121, 4276, 4871, 4761, 4698, 4792, 4839] [954, 2382, 1088, 528, 1873, 1845, 943, 1284, 2224]
221 1912 1451 2.01 [4806, 4732] [1637, 741]
222 1564 2246 3.99 [11633, 10940, 11962, 10868, 11597, 11451, 10831] [925, 685, 2181, 1400, 1326, 2338, 1491]
223 549 2459 4.11 [2563, 2390, 2554, 2658] [2181, 1774, 1528, 1352]
224 1559 2131 3.79 [5286, 5318, 5138, 4793, 4892, 4481] [928, 776, 677, 1566, 2446, 781]
225 1132 728 4.26 [3288, 3022, 3192, 3001, 3107] [1307, 1492, 1902, 1695, 2310]
226 843 831 3.44 [2162, 2020, 1959, 2209] [2207, 1556, 1546, 1593]
227 1177 1818 1.41 [2568, 2676, 2810, 2577, 2595, 2944] [1964, 1614, 618, 1657, 1433, 1012]
228 1349 568 2.86 [3274, 3306, 2967, 3062, 3030, 3126, 3295, 2861, 3369, 3051] [689, 1287, 1160, 640, 2317, 671, 1760, 2113, 1266, 767]
229 1125 553 3.23 [5931, 5383, 5755, 5696, 6225, 6029, 6401, 6303] [946, 582, 580, 2496, 1007, 769, 562, 724]
230 2499 1064 4.77 [3257] [1905]
231 1283 1922 3.0 [3220, 3634, 3646] [760, 1030, 1476]
232 809 1466 4.61 [2178, 2500, 2454, 2239, 2124, 2109, 2339, 2086] [1383, 1639, 1655, 1023, 844, 2099, 2290, 2095]
233 2484 2043 1.8 [5473, 5402, 5208, 5296, 4855] [2494, 1454, 2091, 880, 2361]
234 2456 868 4.23 [4912, 4714, 5340, 4796, 4631, 5043, 4829] [780, 2345, 2305, 591, 897, 730, 2374]
235 2064 2042 1.42 [2819, 3031, 2745] [1556, 1225, 1458]
236 2347 1103 3.37 [2899, 2629, 2619, 2796, 2545, 2778] [2478, 1461, 1170, 2177, 1982, 2258]
237 1542 1690 3.04 [7093, 6939, 6873] [602, 1155, 1176]
238 1968 2401 2.44 [9710] [2197]
239 1468 856 2.11 [4812, 4561, 4595] [2049, 1285, 2336]
240 2051 2423 1.16 [8752, 8421, 9504, 9323, 8632, 9594, 9895, 8180, 8271, 8902] [714, 2319, 2154, 2398, 539, 2455, 2328, 1915, 2044, 1405]
241 1917 1240 2.69 [8191, 8432, 8459, 8137, 8406, 7681, 7546, 8486, 8164, 7466] [2453, 869, 640, 1803, 1580, 2091, 1408, 1654, 760, 906]
242 2006 1262 3.41 [3031, 3002, 3088, 2868, 2639] [1149, 1758, 2028, 1799, 1852]
243 2050 2063 4.73 [5138, 5271, 5238, 5105, 4804, 5021] [1380, 1773, 885, 2031, 2028, 1889]
244 1392 1062 2.14 [2168, 2073, 2148, 2202, 1972, 2229, 2188] [834, 1219, 591, 2320, 1900, 1652, 1684]
245 1696 1846 1.31 [6750, 6495, 7306, 6332, 6541, 7260, 7167] [801, 2498, 1830, 1120, 1965, 1217, 2236]
246 916 1167 2.32 [7379, 6632, 6745, 7221, 6972, 6270, 6202] [1970, 1736, 1037, 2287, 638, 2171, 2472]
247 2122 743 2.45 [7533, 7388, 7848, 7727] [1814, 1640, 993, 1300]
248 1716 1531 1.08 [3845, 3692, 3768] [1521, 608, 1732]
249 1687 1998 4.81 [2518, 2727, 2937, 2554, 2673] [521, 547, 1854, 2490, 2354]
250 701 1232 2.59 [5820, 6562, 6402, 6321, 6101] [2174, 1955, 1912, 1476, 1722]
251 942 2371 3.59 [2121, 1898, 1925, 1864, 1959, 2074, 2013, 2155, 2006, 1831] [1809, 2111, 1529, 1607, 1240, 2489, 1609, 2365, 1878, 975]
252 1513 1051 3.14 [6117, 6196, 6037, 5998, 5760, 6473, 6216, 6334, 5661] [1305, 661, 1964, 2126, 1526, 1464, 1147, 1671, 2497]
253 935 2492 3.22 [3393, 3480] [920, 1880]
254 2388 920 1.52 [2105, 1912, 1898, 2119, 1988, 2064, 2188, 2222] [2493, 1532, 2381, 1398, 1857, 700, 2475, 1322]
255 2098 1458 1.14 [2139, 2250, 2258] [680, 2321, 1737]
256 539 1695 4.31 [4929, 5063, 4896, 5263, 5046, 4511, 5246, 4578, 5347, 4779] [1920, 719, 2117, 2259, 1692, 1636, 2282, 2045, 880, 1377]
257 1736 999 2.45 [10567, 9652, 10668] [1311, 796, 2009]
258 1438 2075 3.53 [3487] [1114]
259 2411 1819 4.05 [11625, 11129, 11093, 10774, 9676, 9711, 10703, 10314, 10455] [787, 1670, 1694, 1935, 1991, 2420, 1088, 2142, 1865]
260 1450 954 4.58 [2882, 2701, 2485, 2512, 2584, 2458, 2927, 2449, 2837] [2104, 1094, 2256, 2285, 1251, 1679, 1816, 860, 1387]
261 604 2103 2.77 [5378, 5843, 5521, 5039, 5468, 4896, 5771, 5271, 4985] [1257, 1196, 2181, 1908, 1062, 2238, 937, 996, 1183]
262 1994 815 3.37 [2796, 2564] [738, 509]
263 2438 2423 2.87 [4891] [2253]
264 2048 1525 4.71 [4030, 3802, 4177] [1079, 1498, 774]
265 1741 1017 4.05 [3362, 3444, 3574, 3715] [1194, 1466, 2384, 947]
266 964 2265 1.34 [2871, 3043, 3123] [1677, 2202, 1988]
267 551 1348 4.24 [2586, 2328, 2287, 2461, 2361, 2453, 2719] [1630, 1252, 2036, 1682, 1111, 950, 1672]
268 2196 1009 2.87 [2461] [1185]
269 2173 1542 4.52 [8319, 9917, 9525] [1104, 2368, 2137]
270 1516 913 1.69 [9305, 8320, 9160, 9537, 8030, 8146, 8783, 8378, 8957] [1411, 1814, 1705, 1782, 660, 820, 1035, 2295, 705]
271 1686 1222 4.11 [4116] [1090]
272 1735 942 4.34 [2186, 2170, 2254, 2483, 2262, 2292, 2361, 2377, 2399] [930, 1501, 2200, 666, 1912, 1976, 2190, 1890, 2465]
273 1162 784 2.44 [11463, 11253, 9541, 9436, 11114, 10764] [2466, 2424, 1061, 1488, 780, 1279]
274 961 745 3.5 [2256, 2035, 2083, 1993] [673, 2389, 588, 571]
275 1560 1364 4.42 [2021, 1865, 1919, 1851] [2153, 1775, 1112, 1061]
276 1939 1052 1.24 [10368, 11096, 9778, 11339, 11373, 10957, 11304, 9362] [817, 565, 1560, 842, 1183, 1800, 2378, 1899]
277 632 880 4.44 [3542, 3517, 3922, 3358, 3493, 3346, 3407, 3309, 3382] [570, 1794, 2203, 1014, 1903, 2465, 2420, 549, 1020]
278 1996 1275 2.52 [3819, 3807, 3420, 3432, 3532] [1378, 1886, 1511, 590, 1787]
279 730 1302 3.09 [16518, 14737, 15763, 16356, 16950, 15871] [1997, 626, 776, 1824, 579, 1632]
280 1391 1410 1.55 [2481, 2537, 2239, 2594] [2468, 2340, 786, 1974]
281 1812 1766 4.23 [8401, 8747, 8891, 8458, 7910, 7794, 8545, 8660] [1892, 2116, 839, 1951, 2369, 1902, 2359, 2201]
282 1795 1343 3.14 [5824, 5939, 5213, 6187] [2464, 536, 1292, 1065]
283 1584 502 4.83 [2836, 2771, 3021, 2567, 2753, 2975] [1784, 726, 978, 616, 2429, 2380]
284 1297 623 4.13 [4316, 4162, 4285, 4979, 4717, 4362, 4455] [845, 616, 708, 2465, 1072, 1087, 803]
285 2214 849 3.87 [3062, 3397, 3364, 3241, 3632, 3274] [1555, 740, 1136, 1720, 1754, 1612]
286 1757 909 4.9 [2174, 2247, 2050, 2152, 2094, 2393, 2218, 2378] [1337, 743, 958, 709, 632, 826, 2279, 2039]
287 1930 2454 4.9 [2516, 2698, 2394, 2403, 2472] [571, 1337, 1952, 1930, 2211]
288 1524 1853 1.69 [2311, 2270, 2460] [1297, 556, 1935]
289 2331 1168 3.0 [6292, 6503, 5870, 6672, 6187, 6905, 6461, 5722] [605, 1312, 1224, 1320, 2013, 2449, 858, 1713]
290 1407 1552 3.65 [3887, 3642, 3531, 3960, 3777] [767, 2064, 1905, 563, 2264]
291 2018 1772 2.09 [12308, 11478, 11968, 10269, 11855, 11629, 10194, 10571, 10836] [2145, 1019, 2445, 2473, 1165, 512, 1127, 1499, 1896]
292 1850 2023 1.56 [1909, 1998] [1417, 2090]
293 2109 903 4.82 [2305, 2459, 2386, 2491, 2612, 2524] [2211, 2200, 1013, 1638, 1773, 2043]
294 2296 922 2.79 [8025, 8050, 6994, 6700, 7780, 7289] [1139, 1774, 1006, 742, 1982, 2221]
295 1437 765 2.37 [6655, 5975, 6570] [739, 829, 1059]
296 1426 2339 4.2 [4696, 4183] [688, 2403]
297 810 1050 1.54 [3062, 2811, 2765, 2839, 2802, 2672, 3025, 2904, 2737, 2727] [979, 2392, 1067, 1949, 2406, 1441, 1846, 1111, 1904, 1135]
298 1585 2288 4.06 [16663, 16929] [999, 662]
299 540 2359 2.01 [2804, 2446] [1059, 576]
300 1739 1027 1.43 [12949, 11202] [1090, 669]
301 2451 872 3.9 [4688, 4961, 4807, 5389, 5475, 5611, 5458] [1121, 1653, 822, 1698, 1461, 2417, 1071]
302 2232 1699 1.9 [4152, 4251, 4096, 4011, 4490, 4265] [2261, 2189, 1369, 629, 665, 2260]
303 1798 840 4.99 [2455, 2616, 2411, 2696, 2857] [1850, 1266, 2106, 1465, 972]
304 2223 1425 3.81 [8380, 7670, 7775, 7486, 8537, 7592, 7513, 8012, 7355] [652, 772, 2443, 1479, 1881, 1079, 1228, 2039, 2023]
305 581 1178 4.24 [8012, 7440, 6818, 7639, 6992] [640, 1918, 1033, 1320, 2365]
306 1490 1328 3.69 [3621, 3633, 3344, 3957] [943, 1423, 1368, 1958]
307 1983 1768 1.64 [2086, 2106, 2187, 2053, 2160] [2029, 2047, 1148, 1871, 1109]
308 2059 1043 3.87 [1974, 2022, 1852, 1838, 1866, 1934, 1981, 2233, 1906, 2111] [1268, 516, 1234, 1711, 1471, 828, 2011, 1244, 1536, 2320]
309 898 614 1.21 [13580] [551]
310 2225 1342 1.04 [2953, 2874, 2893, 2735, 2745, 3071, 2844, 3180, 3140] [1429, 1409, 1603, 1493, 1764, 1699, 1405, 1412, 1525]
311 1311 1297 2.97 [6960, 6169, 7157] [1149, 2157, 1222]
312 728 1061 2.94 [3585, 4101, 3817, 3804] [2035, 2139, 1125, 1680]
313 999 542 1.75 [2102, 2316] [622, 710]
314 1581 2397 4.3 [4743, 5056, 5212, 5421, 4726, 5230, 5143, 4900, 4691] [2151, 1837, 1698, 1178, 525, 688, 1481, 1538, 1796]
315 1072 2382 4.58 [2627, 2432, 2368, 2441, 2303, 2400, 2635, 2230, 2287] [2443, 1910, 1217, 2327, 771, 1617, 1407, 867, 791]
316 1741 881 3.38 [4120, 4341, 4003, 3973, 4032, 4606, 4826, 4562] [2202, 2352, 767, 1694, 738, 544, 1505, 1797]
317 1063 683 3.97 [2852, 2816, 2764, 2561, 2825, 2860, 2482, 2464, 2658] [1013, 1108, 1020, 1784, 1106, 815, 772, 943, 1747]
318 852 2371 3.17 [4085, 4248, 3880, 4003, 3962, 4234, 3676, 3785] [1516, 1785, 1846, 1155, 2330, 1860, 1823, 1637]
319 1018 997 3.94 [2798, 3083, 2808] [824, 1774, 671]
320 1307 1317 1.1 [4711, 4741] [2227, 1509]
321 1663 1458 2.63 [3000, 3345, 3081] [1365, 1335, 1879]
322 590 1134 1.92 [2651, 2333, 2626, 2385, 2582, 2436, 2600, 2789, 2505] [2146, 2141, 994, 1379, 524, 1631, 1946, 2495, 591]
323 1672 1240 1.89 [15124, 17543, 17048, 17213, 15234, 16389, 15014, 15784, 17653] [1059, 2231, 1270, 1673, 1990, 1908, 1653, 1236, 611]
324 1042 2106 3.19 [18696, 19892, 19829, 18318] [2156, 2069, 660, 1419]
325 624 662 2.49 [2334, 2488, 2458] [864, 701, 1413]
326 1222 799 1.82 [3114, 3373, 2942, 3502] [1016, 1127, 1168, 914]
327 751 1493 1.16 [2203, 2366, 2084, 2069, 2024, 2106, 2433, 2441] [1831, 2128, 2070, 584, 1736, 2304, 1693, 1941]
328 761 981 4.05 [5967, 5834, 5513, 6155, 5230, 6004, 5910, 5891, 5853] [514, 948, 2244, 2189, 1997, 1196, 690, 582, 1507]
329 1382 1790 4.1 [2873, 2727, 2974] [1173, 804, 2249]
330 1180 1796 1.43 [5469, 5431, 5679, 5909, 6004, 5851, 5813, 5832, 5450] [554, 2426, 1650, 999, 1790, 1438, 2260, 1464, 1357]
331 1799 855 2.24 [6826, 6181, 7293, 6582, 7226, 6204, 6092] [562, 672, 1116, 1444, 1309, 1577, 662]
332 553 582 2.86 [5732, 5276, 5136, 5767, 5662, 5083, 5504, 5679] [1998, 2442, 1561, 1130, 944, 2249, 1949, 1190]
333 1197 1972 4.27 [7386, 7361, 8032, 7013, 7485, 8107] [978, 2101, 2254, 1436, 706, 1127]
334 1975 1725 4.37 [5123, 5674, 5052, 5835] [1898, 1910, 1207, 1078]
335 1432 718 3.57 [2185, 2350, 2078, 2214, 2278, 2221] [1297, 1041, 2358, 1356, 1592, 1436]
336 1279 509 4.5 [2374] [2223]
337 1382 788 2.48 [11628, 12038, 11963] [1609, 2162, 1246]
338 2070 2329 4.57 [2592, 2228, 2617, 2657] [2106, 620, 2308, 2347]
339 2071 583 1.13 [3648, 3600, 3780, 3612, 3588, 3684, 3936, 3456] [2433, 1183, 636, 678, 1525, 1307, 1760, 1724]
340 1510 590 3.14 [6674, 7936, 7426, 7596, 6844, 6989, 6577, 6552, 7790] [1149, 867, 1792, 1552, 2049, 1260, 1373, 1112, 1060]
341 2493 1854 3.4 [3436, 3545, 2965, 3479, 3097, 3020, 3293, 3458, 3053] [1393, 1881, 1450, 2063, 1300, 1763, 901, 2290, 614]
342 564 1408 4.75 [5105, 5496, 4868, 4902, 5462, 5021, 5445, 5546, 4817] [2380, 564, 1335, 2115, 613, 2365, 1688, 1077, 1576]
343 879 662 4.64 [7669, 7243, 6892, 6917, 7468] [625, 1694, 2084, 1571, 2164]
344 1635 534 1.93 [6338, 5826, 6040, 6189, 6659, 5805, 6787, 6509, 6488] [2264, 848, 2293, 1981, 724, 1557, 2215, 975, 800]
345 2035 728 2.08 [5608, 5719, 5756] [532, 1397, 737]
346 1231 936 3.44 [7110, 8027, 6912, 7482, 8151] [561, 2187, 2153, 764, 1212]
347 908 1981 2.31 [2382, 2587, 2422] [2217, 1577, 823]
348 581 1028 4.01 [10574, 9900, 10237] [1677, 931, 602]
349 700 772 1.27 [3842, 4009, 4137, 3636, 3687] [2206, 1570, 1033, 2402, 1400]
350 1394 708 1.35 [3247, 3213, 3573, 3472, 3427] [1037, 1848, 2327, 526, 1331]
351 1479 1557 2.67 [10597, 10060, 10740, 11098, 11743] [722, 1453, 1557, 771, 1386]
352 782 1880 1.94 [3271, 3369, 3141, 3217, 3293, 3402, 3076] [2269, 1266, 1536, 2266, 876, 720, 2088]
353 1383 1250 3.43 [3484, 3869, 3792, 3921, 3651, 4062, 3741, 4178] [1237, 1263, 1565, 1938, 1118, 2042, 1252, 1457]
354 2466 891 4.59 [7127, 7018, 6865, 6733, 6318] [1669, 1092, 2392, 2267, 2157]
355 843 2270 1.84 [5787, 6445, 6146, 5528, 5508, 6545] [1498, 2211, 1942, 2209, 2130, 964]
356 933 2141 1.61 [3348, 4040, 3719, 3855, 3521, 4003, 3496] [1365, 1522, 2118, 1357, 2476, 1091, 688]
357 1586 1917 4.78 [2743, 2762, 3144] [662, 548, 2425]
358 787 544 3.3 [4695, 4966, 5322, 5169, 4796, 4881, 5084, 5068, 5152] [844, 1589, 672, 1235, 2251, 1377, 2195, 1828, 1820]
359 1660 1805 3.04 [3635, 3887, 4152, 3648, 3938] [2334, 1758, 1802, 1255, 608]
360 701 997 2.57 [2806] [745]
361 1686 1822 1.26 [5199, 5056, 4705] [928, 2420, 1789]
362 1209 560 4.51 [5716, 4942, 5681, 4854, 5118, 5101] [2100, 1325, 836, 1366, 1801, 728]
363 603 2189 4.49 [2189, 2228, 2150, 2382, 2197] [1028, 2061, 791, 1045, 1209]
364 1742 1158 1.34 [7598, 6866, 7446, 7345, 7270, 7572, 7118, 7547, 7421, 7522] [736, 1897, 994, 1846, 1123, 1869, 1751, 2251, 2153, 2440]
365 1334 1744 3.29 [6669, 7284, 7449, 7473, 7780, 7662, 6740] [934, 1651, 1789, 1974, 928, 1555, 2361]
366 811 979 2.59 [3436, 3097, 3282, 3381, 3075, 3184, 3414, 3392, 3009, 3479] [2301, 1314, 1802, 1523, 1931, 1764, 1555, 1491, 2219, 1357]
367 1241 1184 5.0 [2274, 2230, 2194] [2457, 1370, 605]
368 643 2291 1.38 [2115] [862]
369 840 2092 1.38 [8969, 8212, 8268, 8240, 7652, 8380] [1450, 745, 606, 2254, 898, 983]
370 1597 1797 1.78 [2619, 2602] [919, 1924]
371 2148 1922 2.32 [4036, 4324, 4238, 3892, 3979, 3993, 4152] [1692, 1300, 1841, 1788, 995, 1918, 841]
372 1218 791 3.78 [2426, 2395, 2365, 2510, 2304, 2174, 2288, 2205, 2487] [1697, 2472, 2447, 1880, 2000, 1817, 1539, 821, 1004]
373 615 1269 2.05 [2554, 2582, 2777, 2991, 2694, 2749] [1317, 2230, 2140, 667, 1684, 1793]
374 1856 1103 3.58 [3475, 3606, 3310, 3212, 3562] [2095, 940, 1078, 505, 1897]
375 2390 2494 2.51 [11377] [2349]
376 2012 2313 4.08 [7043, 7425, 7616, 7473, 6733, 6613, 7544, 6661] [960, 728, 1128, 1833, 1526, 808, 1198, 2013]
377 685 2094 4.96 [5233, 5504, 5436] [879, 2185, 1392]
378 690 2338 4.0 [4336, 5140, 4257, 4415, 4794, 5109, 4730, 4526] [784, 584, 1712, 2021, 561, 1200, 2167, 1976]
379 1049 2386 4.24 [2440, 2186, 2337, 2369, 2218, 2520] [2115, 2021, 2014, 1716, 1788, 1502]
380 1779 2458 3.86 [2252, 2153, 1947, 1962, 2330, 2096, 1919] [1240, 2319, 865, 1494, 1855, 658, 1373]
381 679 1666 1.54 [2716, 3068, 3116, 2735, 2668, 2649, 2592, 3078, 2830] [1949, 1854, 1252, 503, 2161, 739, 2089, 2188, 1863]
382 2062 2097 1.22 [2915] [1990]
383 964 864 1.84 [4245, 4074, 4192, 3995, 4324, 3745, 3627, 3653, 3588] [1709, 636, 1029, 1550, 1771, 1643, 722, 1091, 2386]
384 1633 1661 1.42 [2836, 2707, 2670, 2551] [884, 936, 1097, 607]
385 2030 2098 3.37 [3505, 3898, 3430, 4037, 3809, 3518, 3721, 3581, 3657] [557, 960, 822, 2420, 951, 1976, 1635, 1090, 2012]
386 845 2063 3.25 [10500, 9558, 9087] [2257, 1339, 2182]
387 2216 1902 1.84 [17114, 15741, 15952, 15160, 14896, 16480, 15318] [1008, 1529, 1373, 1174, 1336, 2439, 2335]
388 618 2154 4.56 [2469, 2198, 2454, 2402, 2093, 2176, 2386, 2447] [786, 871, 1134, 727, 1880, 2163, 672, 2184]
389 1957 893 3.28 [3273, 3228, 3082, 3531, 3553, 3374, 3396] [2090, 1627, 1723, 2098, 1985, 1228, 572]
390 1417 2459 1.68 [14691, 14538] [2406, 689]
391 2056 1207 3.32 [4590, 4770, 4123, 4214, 4334, 4785, 4078, 4349, 4710] [2263, 1914, 735, 1276, 1271, 1140, 654, 555, 1591]
392 1318 2092 1.49 [6396, 6375, 6544, 6818, 6290, 6797, 6121] [1591, 1468, 2479, 1768, 1019, 1272, 1573]
393 2101 872 1.15 [5561, 5385, 6109, 5953, 5835, 5816, 6070] [818, 824, 1828, 849, 801, 2137, 1914]
394 836 2253 2.18 [4328] [2396]
395 543 1702 3.4 [3531] [2028]
396 1052 1246 4.36 [6144, 6501, 6211, 6837, 6278] [952, 2171, 2399, 1454, 1457]
397 690 914 1.89 [4080, 3780, 4210, 4158, 3819] [1877, 1817, 1087, 2027, 1913]
398 523 2125 3.98 [2957] [1284]
399 2476 968 4.41 [7417, 8391, 8608, 8851] [2268, 2006, 1277, 570]
400 2018 971 2.99 [2362, 2471, 2646, 2429, 2512, 2370, 2420] [1462, 700, 1833, 1940, 2364, 1961, 1306]
401 2419 632 2.0 [2532, 2337] [675, 752]
402 1635 2079 2.03 [4622, 4830, 4117, 4444, 4518, 4191] [1630, 1575, 1950, 1947, 593, 1948]
403 2140 2053 1.82 [3045] [969]
404 617 909 2.6 [2108, 2252, 2191, 2427, 2404, 2465] [2186, 993, 2384, 975, 1298, 1166]
405 1346 1951 2.09 [4789, 4756, 5155, 5138, 5171, 5038, 5304, 4806, 5454, 4656] [596, 1313, 513, 980, 1742, 1476, 1184, 931, 2304, 2305]
406 793 1960 2.95 [7053, 6426, 6837, 6253, 6404, 6015, 6966, 6469] [2252, 1123, 1957, 519, 1211, 1007, 860, 1089]
407 1679 2462 2.3 [2158, 2025, 2098, 1911, 2091] [968, 1846, 592, 1404, 1206]
408 2059 638 3.88 [3437] [1941]
409 1102 788 4.99 [2391, 2808, 2539, 2765, 2626, 2635, 2513, 2426, 2643] [1497, 2207, 1394, 1564, 2292, 1228, 894, 2338, 1674]
410 2007 1247 3.2 [3458, 3107, 3359, 3206, 3468, 3414, 3129, 3173, 3031, 3567] [1300, 1059, 1803, 1728, 1291, 1258, 693, 2130, 1081, 2428]
411 1538 1489 4.89 [14108, 14155, 13968, 13456, 13410, 15319, 15226, 13317] [2179, 2011, 1532, 844, 1918, 1049, 880, 1371]
412 675 1101 1.84 [2385, 2350, 2677, 2669, 2479] [799, 643, 2307, 2405, 1617]
413 1487 1491 3.15 [3855, 4279, 3802, 3882] [1670, 1762, 2345, 1736]
414 2238 1956 3.63 [7846, 7466, 7792, 7439, 7602, 7927] [1882, 1701, 2362, 1007, 1919, 2392]
415 1617 927 2.49 [4813, 4843, 4338, 4442, 4055, 4575, 4664, 4234, 4605] [2071, 770, 1649, 1053, 1210, 2485, 1787, 2248, 1788]
416 2487 2266 4.91 [13035, 11114, 12095, 11850, 11155, 12871, 11972] [1237, 1241, 563, 1741, 1659, 1937, 848]
417 1151 2372 1.79 [2279, 2265, 2142, 1990] [1938, 1307, 1418, 2031]
418 1800 1084 3.43 [2847, 2857, 2949, 2773] [776, 663, 1669, 2244]
419 962 1700 4.09 [11654, 12313, 12972, 13096, 12684, 11902, 13384, 13178, 12643, 12519] [797, 1844, 2463, 2113, 1095, 1382, 2054, 2001, 1631, 1311]
420 1680 1959 2.9 [3305, 3340, 3528, 3587, 3481] [1170, 1682, 1566, 1158, 1891]
421 1007 1718 3.28 [10721, 10394, 10902, 9849, 9812, 10466, 11775, 10612] [714, 1772, 2424, 599, 824, 1230, 2390, 1249]
422 1621 2021 4.25 [20202, 19503, 17534, 18423, 19630, 17661, 18487, 19058] [1757, 1929, 2065, 1151, 964, 943, 2242, 1795]
423 1916 826 1.72 [2978] [2393]
424 2003 1234 2.42 [11274, 11979, 12808, 11315, 12144, 13098, 12559, 12849, 11896, 11937] [1360, 1783, 2040, 2487, 891, 1755, 1629, 887, 1120, 555]
425 1479 2166 3.8 [18363, 17967, 19684, 21534, 19750, 19090, 20345, 19222, 18033] [1549, 996, 2194, 1297, 703, 683, 588, 1319, 2448]
426 2193 2433 2.81 [1928, 2183, 2148, 1971, 2098, 2325, 2297] [1279, 2429, 1866, 1029, 1636, 761, 1128]
427 1622 1541 2.07 [4542, 3905, 4307, 3947, 3822, 3739, 3864, 3933, 4528, 4404] [1377, 2438, 2179, 733, 1421, 2249, 2140, 1992, 1953, 833]
428 2329 2373 2.73 [3406, 3416, 3052, 3124, 2812, 3426, 3041] [1288, 1502, 2050, 1437, 969, 1035, 2037]
429 1539 947 2.51 [2567, 2489, 2465, 2200, 2161, 2145, 2153, 2317, 2520] [747, 1034, 2059, 2395, 2101, 1951, 2320, 2490, 1818]
430 1161 1642 2.33 [4639, 4523, 5340, 5057, 5090, 5023, 4689, 4656] [2059, 865, 1064, 2463, 2315, 1444, 500, 2267]
431 763 1561 1.2 [3587, 4064, 3574, 3638, 3909, 3819, 3651] [1621, 2122, 2268, 1603, 915, 2175, 2045]
432 741 1401 3.11 [4003, 3779, 3740, 4319, 4201, 4227, 4056] [1078, 2059, 802, 2334, 717, 2441, 579]
433 1940 2140 4.64 [2448, 2050, 2418, 2440, 2125, 2237, 2170, 2395, 2403, 2350] [780, 2029, 528, 1251, 1103, 559, 1744, 2055, 1470, 2137]
434 620 1362 2.11 [8817, 8733, 9124, 7589, 8315, 7617] [946, 1023, 1871, 842, 1903, 1490]
435 1716 2163 3.08 [2094, 2073, 2128, 1984, 2005] [2372, 1420, 877, 1237, 556]
436 1426 1568 2.52 [3392, 3030, 3102, 2906, 3278, 2937] [962, 553, 1547, 1748, 2007, 559]
437 1342 2096 3.1 [13081, 13266, 12619, 15114, 13589, 14514, 14791] [1042, 617, 981, 553, 1076, 569, 1132]
438 1677 522 4.25 [2083] [727]
439 940 1937 1.83 [2612, 2594] [758, 670]
440 1417 1356 1.97 [3324, 3418, 3116, 2981] [2077, 1691, 815, 1477]
441 644 849 3.59 [2286, 2229, 2159, 2131, 2116, 2314] [1537, 955, 1608, 1375, 1481, 2274]
442 1384 1199 1.87 [2701, 3186, 3148, 2982, 2817, 2914, 3041, 3118, 3196, 3177] [735, 1466, 1594, 1797, 644, 1664, 625, 951, 936, 949]
443 1989 2236 4.95 [7672] [2282]
444 1395 1392 4.35 [7650, 7442, 7546, 7859, 7520, 8535] [1951, 928, 2303, 2456, 2195, 2370]
445 2029 1602 2.74 [3104, 2838, 2691, 3064, 2770, 2868, 3113] [2204, 2088, 575, 1744, 1626, 1275, 714]
446 1595 1000 4.14 [2160, 2341, 2168, 2349, 2137, 2207, 2506, 2270, 2482, 2176] [1492, 1035, 1631, 891, 1278, 1484, 1391, 712, 1235, 1303]
447 1740 500 3.57 [2097, 2128, 2359, 2289, 2351, 2451, 2235, 2390] [2437, 883, 1807, 1993, 1870, 509, 1573, 2371]
448 645 1927 4.48 [5438, 5455, 5296, 4890, 5155] [1879, 2096, 2377, 1776, 1358]
449 1064 716 1.69 [6701, 7084, 6408, 6362, 7220] [2231, 2449, 1153, 1216, 2409]
450 1548 1503 3.11 [2345, 2242] [1857, 2206]
451 2011 2304 1.69 [5004, 5800, 5729, 5163] [1075, 1763, 1010, 2471]
452 1568 2408 2.76 [3898, 3964, 3977, 3937, 3674, 4161] [1268, 2101, 1170, 1360, 967, 1940]
453 1990 1447 2.04 [2293, 2180, 2032, 2046, 2208, 2004, 2300, 2201] [1918, 600, 2004, 1862, 1753, 1651, 1218, 849]
454 1711 894 2.53 [2263, 2505, 2287, 2513, 2239, 2538] [617, 1153, 697, 1537, 1982, 2158]
455 1219 1664 3.45 [4938, 4529, 4302, 4287, 4226] [1752, 546, 2242, 1177, 1712]
456 2066 2302 1.51 [2178, 2142, 2055, 2199, 2344, 2250] [2212, 752, 1741, 1433, 541, 2329]
457 1068 2140 2.95 [3411, 3328, 3225, 3028, 2986, 3048, 3214, 2955, 3110, 3131] [2121, 2013, 1147, 2377, 1517, 2278, 1046, 1440, 1245, 1674]
458 2452 1846 1.85 [2166, 2363, 2061, 2476, 2408, 2174, 2068] [2174, 1630, 1969, 2187, 1151, 1386, 1087]
459 2116 1372 3.42 [4862, 4987, 5881, 5845] [1534, 1048, 2177, 1441]
460 1166 1837 2.36 [1978, 2180, 1937, 2145, 2228, 1985, 2013] [1717, 945, 1756, 2308, 1982, 2406, 1084]
461 1307 1195 1.06 [2620, 2322, 2556, 2612] [744, 736, 2153, 2204]
462 2467 1079 2.47 [3231] [2024]
463 2306 2352 4.04 [6093, 5903] [868, 1898]
464 1439 2365 4.08 [2968, 2479, 2669, 2950, 2796, 2841, 2886] [2167, 1484, 1399, 1537, 1458, 1017, 782]
465 848 933 2.07 [2039, 1963, 2122, 2164] [1724, 546, 1573, 1153]
466 1477 2129 1.5 [4822, 5032, 4774, 4597, 4935] [1829, 505, 1822, 2077, 740]
467 1024 2018 1.29 [5168, 4666, 5265, 4634, 5282, 4877, 4763, 4439, 4407, 4925] [636, 1776, 1109, 1268, 1365, 1198, 1132, 2110, 911, 728]
468 1224 1586 1.63 [14143, 15076, 15420, 15027, 14045] [2107, 1493, 1682, 812, 986]
469 1611 1399 3.99 [13125, 12432, 11699, 13247, 11209, 12840, 12188, 12677, 12595, 13329] [1818, 870, 2102, 2014, 1973, 1349, 2390, 1440, 1347, 2476]
470 1572 1926 1.84 [17763] [1105]
471 1761 716 4.64 [3946, 3827, 4251, 3999] [658, 2463, 1112, 1820]
472 2075 2463 4.46 [2294, 1993, 2301, 2081, 2030, 2213, 2147] [886, 1930, 2194, 1673, 541, 979, 2126]
473 1827 2451 1.4 [2379, 2247, 2330, 2668, 2594, 2586, 2677, 2644, 2578] [835, 2068, 2235, 850, 1510, 664, 1579, 1112, 1521]
474 1646 1007 2.72 [11566, 10707, 11527, 11879, 12660, 11293, 11801, 11058] [671, 672, 1146, 2147, 500, 2142, 1767, 690]
475 991 1888 3.52 [4161, 4374, 4303, 4089, 4531] [807, 789, 1721, 938, 1677]
476 2151 1616 2.16 [4927, 4616, 5205, 4501, 4419, 4714, 5058, 4583] [1409, 1943, 1291, 1479, 994, 1526, 1507, 1422]
477 857 2406 2.88 [2176, 2002, 2143, 1809, 1989, 1909, 1902] [1898, 883, 2279, 741, 1877, 2222, 2014]
478 948 2051 2.57 [6844, 6917, 6722, 7940] [510, 1442, 2130, 1360]
479 2232 963 4.35 [5074] [1572]
480 979 1698 2.4 [10566, 10792, 12145, 12258, 11017, 11769] [1883, 1004, 1457, 1550, 1495, 1501]
481 995 795 3.81 [12638, 12108, 11048, 11782, 12190, 11007, 13413, 11701] [736, 1782, 2234, 1641, 870, 2285, 2049, 813]
482 2282 1950 2.66 [6309, 6133, 6507, 6858, 6397, 6045, 6726, 6573, 6419] [795, 1506, 931, 1968, 1735, 1405, 2017, 599, 1052]
483 573 1908 1.11 [7947, 8565, 8404, 7518, 8269, 7491, 8779] [1508, 965, 1855, 723, 1230, 1889, 733]
484 1843 2440 4.75 [3147] [2200]
485 855 1524 2.1 [2836, 2707, 2796, 2786, 2677, 2905, 3262] [1673, 1699, 1507, 1161, 702, 2453, 553]
486 1610 2157 1.05 [2843, 3072, 2753, 2703, 3102, 2713, 3062, 2733] [1823, 828, 2202, 758, 2044, 521, 1395, 1937]
487 674 1496 4.44 [7628, 7445, 8254, 8516, 8019, 7392, 7288, 7053, 7366] [2429, 793, 2191, 1644, 807, 1689, 1141, 555, 535]
488 2400 2098 4.38 [2387, 2141, 2007, 2208, 2327, 2112, 2357, 2349, 2342, 2067] [1716, 881, 630, 2315, 1119, 811, 1071, 534, 725, 1855]
489 2329 2474 2.99 [2953, 2891, 2880, 2817, 2849, 2995, 3381, 3078, 3099] [1879, 1681, 653, 1065, 2309, 2091, 2473, 989, 839]
490 2415 547 3.21 [2130, 2047, 1895, 2081, 1867, 1992] [2099, 1383, 1948, 534, 2256, 1854]
491 2043 852 3.49 [2496, 2231, 2169] [1293, 1408, 971]
492 857 1432 2.45 [2058, 2367, 2109, 2338] [801, 658, 513, 1596]
493 1425 869 3.76 [6741, 5808, 6782, 6222, 5663, 5974, 6679, 5683, 6720] [868, 2421, 2025, 2367, 2262, 1629, 1393, 2396, 787]
494 1537 670 4.8 [2117, 2056, 2043, 1838, 1940, 1988, 1859, 2179, 1968] [934, 2055, 1602, 1072, 1217, 1945, 1772, 1575, 733]
495 669 798 1.71 [2138, 2011] [604, 1968]
496 1826 2329 4.75 [10329, 11109, 11852, 11927, 10255] [664, 2495, 1238, 2246, 1551]
497 2133 1299 4.07 [2252, 2388, 2358] [786, 1236, 1692]
498 2387 2320 3.53 [9761] [1114]
499 1369 784 3.91 [4596, 4245, 4498, 4357, 4273, 4301] [1085, 838, 1037, 1815, 968, 932]
500 1802 2015 1.72 [2362, 2518, 2337, 2492, 2630, 2785, 2604, 2526, 2690, 2811] [1961, 805, 1790, 2219, 1775, 1495, 2470, 2216, 810, 2441]
501 899 766 2.37 [2481] [1368]
502 1086 608 3.92 [6059, 6015, 6503, 6370, 7036] [1908, 1923, 1584, 1163, 582]
503 2351 2313 3.75 [9183, 9275, 9000, 8695, 9336, 9030, 9488] [2320, 1966, 650, 1616, 1728, 1309, 2340]
504 1003 1708 1.05 [3723, 3992, 3467, 3736, 3531, 3685, 4030, 3775] [2242, 1226, 2107, 1069, 1797, 2289, 2125, 1180]
505 2262 1849 2.67 [2302, 2352] [2144, 1837]
506 2015 1726 4.04 [1993, 2215, 2093, 2122, 2000] [2266, 842, 900, 786, 1534]
507 1490 2404 3.59 [2951, 2761, 2676, 2790] [615, 786, 1057, 2484]
508 1654 606 3.2 [8843, 9282, 8609, 8902] [1088, 2404, 2293, 2095]
509 1956 2406 4.77 [8818, 9949, 10627, 9690, 9141, 9271, 9432] [1003, 870, 1464, 1995, 1710, 1088, 1108]
510 1720 2383 1.14 [3052, 3411, 3153, 3041, 3221] [1336, 2399, 1793, 2344, 893]
511 1999 1148 4.95 [4508, 4652, 4263, 4738, 4162, 3946] [662, 1226, 2405, 1313, 502, 1919]
512 2178 1325 2.79 [2638, 2676, 2864, 2761, 2987, 2808, 2817, 2591] [607, 769, 796, 1082, 2182, 2119, 1711, 1844]
513 2044 707 3.28 [4885] [859]
514 1002 1424 4.53 [2177, 2093, 2156, 2205, 2191, 2114, 2260, 1996, 2267, 1892] [1536, 2021, 2265, 1455, 914, 1169, 715, 1996, 716, 1362]
515 1762 2231 2.08 [5745] [731]
516 1013 1171 2.16 [4271, 4777, 4435, 4896, 4792, 4286, 4836, 4405] [1270, 1405, 1444, 2095, 646, 1944, 2346, 1372]
517 1924 2245 2.86 [4072, 3476, 3613, 3911, 3625, 3749, 3936, 4084, 3464] [915, 1451, 1723, 1171, 2337, 1836, 752, 1618, 1360]
518 1763 2378 3.19 [2266, 2545, 2225, 2512, 2348, 2438, 2380, 2405, 2421] [613, 905, 1992, 1394, 758, 2392, 2339, 1316, 1700]
519 1824 786 2.72 [4223, 4029, 4197, 4236, 3731] [1746, 1062, 1559, 1313, 594]
520 1429 758 4.65 [6654, 5514, 5575, 6125, 5860, 5881, 5759, 6166] [1097, 1040, 2323, 1871, 650, 1234, 2121, 2248]
521 1613 1571 1.73 [6186, 6532, 5779, 6613, 6003, 6430] [1968, 2039, 1509, 2159, 1791, 2473]
522 1587 1923 1.78 [3320, 3366, 3574] [2102, 2472, 2089]
523 790 2109 4.34 [2451, 2410, 2643, 2563, 2627, 2427] [1024, 747, 2176, 2105, 1617, 1334]
524 1678 1381 2.6 [2850, 3035, 3113, 3064, 3142, 2831] [1087, 838, 2242, 2215, 2369, 1358]
525 1864 936 3.21 [2506, 2515, 2410, 2558, 2602, 2532] [1464, 585, 854, 1936, 1911, 1291]
526 1305 1912 3.84 [2653, 2808, 2817, 3039, 2663] [1494, 525, 1572, 652, 534]
527 729 724 1.25 [2909, 3071, 3232, 3293, 2940, 2859, 2879, 2970] [533, 1627, 2187, 2246, 2176, 1364, 691, 2167]
528 1493 1095 2.65 [2835, 2918, 2624, 2688, 2486, 2817] [1142, 2415, 2060, 790, 953, 1295]
529 1447 1525 3.93 [2196, 2301, 2126] [520, 2256, 1259]
530 1883 1256 3.45 [4580] [721]
531 1275 1702 5.0 [2498, 2618, 2806, 2430, 2635, 2318, 2626, 2643] [1754, 1673, 1456, 1422, 1378, 1507, 1048, 2416]
532 2180 702 1.29 [2384, 2168, 2408, 2312, 2433, 2473, 2304] [2116, 966, 1808, 1088, 1378, 1006, 1061]
533 2352 763 1.03 [3277, 3694, 3649] [518, 1586, 1268]
534 1915 883 1.05 [4106, 4828, 4543] [2042, 1171, 1375]
535 2233 854 3.69 [2751, 2822, 2964] [1806, 1916, 1745]
536 1018 899 3.78 [2840, 2895, 2941, 2767, 2739, 2968, 2648, 2629] [857, 1964, 2473, 1767, 2229, 1450, 2462, 633]
537 551 2193 4.19 [5023] [1993]
538 2409 951 4.32 [2430, 2213, 2123, 2198, 2385, 2070] [2253, 2115, 1496, 530, 2427, 990]
539 1324 2097 4.13 [4441, 5028, 4885, 5218, 4679] [737, 1177, 505, 1664, 2348]
540 1995 611 2.73 [2709, 2545, 2372, 2314, 2248, 2347, 2396, 2578, 2421, 2643] [1124, 1777, 1601, 509, 1938, 668, 1762, 1549, 828, 1149]
541 524 669 4.38 [3140, 2905, 3151, 3204] [2266, 846, 2145, 1284]
542 2049 1895 1.75 [4958, 4610, 4716, 4746, 4232, 4278, 4172, 4761, 4247] [1647, 563, 897, 879, 696, 1932, 1590, 882, 2329]
543 879 1927 1.61 [9746] [869]
544 2469 1031 1.26 [2149, 2285, 2157, 2052, 2382, 2172, 2435, 2472, 2194, 2300] [506, 1400, 1992, 1999, 1922, 2157, 796, 1397, 802, 1891]
545 724 1960 2.99 [10014, 11609, 12165, 11683] [1160, 2057, 571, 2478]
546 1038 1563 3.15 [4020, 3407] [2423, 1318]
547 2216 1971 4.63 [6582, 6268] [516, 1340]
548 1564 806 4.33 [2463, 2219, 2512, 2487, 2479, 2357, 2528, 2447, 2292] [989, 1208, 1027, 783, 859, 1206, 1463, 1539, 645]
549 1416 983 1.42 [2809] [2418]
550 953 1098 3.36 [2190, 2265] [1971, 586]
551 2452 1883 1.19 [2308, 2202, 2495, 2316, 2446, 2438] [708, 514, 2404, 2205, 781, 1168]
552 955 2199 2.94 [2961, 2911, 2951, 3139, 2861, 2851, 2792, 2702, 2762] [1358, 1840, 1516, 2290, 1178, 723, 1462, 2071, 2048]
553 1643 1700 1.5 [2679, 3088, 2841, 2717, 2879] [2361, 1876, 1465, 1072, 1869]
554 967 527 2.09 [6082, 6147, 7026, 6784, 7004, 7201, 6960, 6104, 6828] [2475, 1572, 1860, 1752, 2259, 1147, 1954, 1524, 652]
555 1002 652 3.12 [17914, 16981, 19158, 17043, 17230, 19718, 19034, 19842] [948, 1076, 1976, 549, 2316, 1759, 1128, 834]
556 2379 1138 3.59 [4740, 4799, 4549, 4300, 4270, 4491, 4285, 4681, 4652, 4725] [1452, 2162, 509, 1071, 682, 1192, 1016, 1957, 1551, 2379]
557 2064 1293 4.03 [2262, 2506, 2499, 2147, 2109, 2338, 2208, 2086] [1107, 504, 2023, 2313, 1519, 894, 831, 1137]
558 1961 652 4.41 [5405, 5422, 5111] [726, 2101, 1155]
559 1391 702 2.02 [2453] [2472]
560 1943 1767 2.9 [3321, 3888, 3779, 3514, 3816, 3490, 3453] [2279, 2164, 1607, 2280, 615, 1211, 823]
561 560 2028 2.44 [3786, 3520, 4090, 3824, 3862, 3976] [2098, 2252, 667, 1103, 949, 1881]
562 797 1970 2.23 [4251, 4352, 4367, 3932] [1898, 886, 592, 2450]
563 1207 932 1.9 [3520, 4107, 3903, 3826] [1157, 594, 1440, 2382]
564 1222 1738 3.89 [3664] [619]
565 1030 991 2.46 [7980] [610]
566 943 641 1.89 [2506, 2644, 2212, 2522, 2546, 2400, 2530] [1042, 1014, 1404, 2172, 794, 2205, 1818]
567 1802 2198 4.8 [5978, 6523, 6038] [2098, 555, 1840]
568 2108 2397 2.11 [14130, 15524, 15620, 14370, 14178, 14515, 14995, 14611, 14274, 15139] [1948, 548, 1525, 2498, 1746, 1154, 752, 2230, 2140, 1397]
569 900 1789 1.49 [3627] [1886]
570 2354 1422 1.14 [2099, 2061, 2368, 2211, 2391, 2383] [2448, 957, 1389, 1054, 933, 1784]
571 1466 1703 3.24 [14339, 12457, 13667, 12502, 13756, 12636, 13891, 12860, 14652] [2326, 798, 887, 1745, 1862, 2307, 1419, 2233, 617]
572 539 1101 3.01 [2026, 2144] [1768, 1693]
573 1907 1542 1.95 [2803, 3166, 2813, 3384, 3229, 2948, 3291] [1651, 2087, 1209, 2129, 2456, 2399, 2099]
574 788 2416 2.51 [4518, 4174, 4532, 4215, 3871] [1651, 1087, 2012, 581, 1143]
575 2290 2383 4.17 [2653, 2548, 2580, 2467, 2596, 2556] [1929, 815, 1216, 783, 720, 947]
576 1475 1172 2.88 [7705, 8544, 8308] [549, 1226, 603]
577 701 899 3.23 [2235, 2228, 2212, 2404, 2082, 2374, 2443] [1999, 748, 732, 2189, 1343, 1118, 1570]
578 1456 1483 4.79 [1925, 2260] [1463, 1459]
579 548 582 2.67 [2757, 2677, 2730, 2784] [2281, 1874, 2395, 1516]
580 504 1116 2.21 [6653, 5480, 6350, 5622, 6572, 5986, 5682, 6087, 5460] [953, 1686, 600, 2191, 1851, 1809, 975, 1119, 613]
581 1131 799 4.91 [13324, 15014, 14965] [538, 1055, 2116]
582 1087 2155 3.66 [2675, 2701, 2525] [859, 1252, 1952]
583 1770 868 4.83 [2043] [599]
584 544 2382 4.18 [2559, 2888, 2719, 2657, 2692, 2924, 2407, 2550, 2728] [2353, 1835, 1051, 884, 2364, 1894, 891, 1699, 1044]
585 1220 2237 3.28 [2144, 1967, 2243, 1988, 2115, 2038, 2045, 2130, 2306] [2130, 644, 2394, 1701, 2414, 1488, 854, 2200, 1703]
586 2206 662 3.97 [2204, 2114, 2444, 2106, 2392, 2256, 2475] [977, 1835, 1822, 2171, 1057, 1211, 1162]
587 1108 1935 1.8 [2037, 2171, 1950, 1843, 1917, 2111, 1823, 1964, 2024] [958, 1670, 2128, 1020, 1401, 2376, 2452, 1820, 1063]
588 950 1510 2.84 [5116, 5245, 5910, 6076, 5467, 5356, 5670, 5042, 5208] [1120, 1531, 1964, 514, 1919, 1862, 2251, 2356, 698]
589 1193 657 1.98 [2146, 1991, 2382, 2168, 2161, 2058, 2279, 2176, 2006] [2054, 1698, 578, 1132, 1135, 966, 2115, 1592, 878]
590 1558 1859 2.2 [2149, 2424, 2260, 2357, 2364, 2379, 2283] [912, 895, 726, 1371, 995, 2137, 1972]
591 1395 2200 4.86 [7540] [2477]
592 730 812 3.0 [6016, 6603, 6896, 5953, 6058, 6687] [941, 1886, 1294, 2228, 1889, 2230]
593 750 1120 3.87 [8534, 8764, 8879, 8477, 9051, 8046, 7988, 9310, 9253] [742, 846, 2070, 770, 2442, 2259, 1300, 830, 655]
594 1043 2275 3.43 [4176, 3794] [1282, 2352]
595 1509 1863 2.9 [2000, 1888, 1895, 2084, 2223, 2077, 2272, 2160, 2153] [2487, 1103, 1295, 902, 1084, 1253, 2219, 2222, 1933]
596 1023 1322 1.6 [1970, 2202, 2108, 2355, 1977, 2122] [832, 1463, 1448, 1014, 1064, 1497]
597 1473 829 1.95 [2522, 2319] [776, 1274]
598 1116 1978 1.87 [2404] [939]
599 1409 661 3.39 [2217, 2185, 2351, 2414, 2406, 2501, 2154] [1278, 818, 1006, 1836, 852, 615, 2349]
600 1538 2068 3.5 [3133] [2122]
601 780 1057 2.72 [3190, 3659, 3536, 3369] [744, 952, 707, 1360]
602 2424 766 4.91 [2197, 2293, 2115, 2063, 2301, 2360, 2367, 2145, 2123, 2397] [519, 1746, 1881, 1834, 1048, 2293, 2490, 933, 743, 1081]
603 2245 1098 1.62 [3107] [519]
604 971 1279 2.38 [3536, 3513, 3525] [2084, 979, 700]
605 2197 2132 1.5 [2348, 2108, 2417, 2216, 2270, 2239, 2294, 2379, 2487] [1937, 715, 1522, 2132, 1817, 2208, 1211, 854, 718]
606 2301 900 3.18 [2606, 2767, 3089, 3022, 2587, 2909] [2340, 556, 1791, 1409, 1595, 1756]
607 1399 687 3.19 [9480, 8768, 10386, 10095, 10548, 9771, 9448, 9351, 10483, 8865] [1254, 934, 2398, 705, 1946, 889, 1620, 1161, 1384, 1731]
608 1016 1559 2.18 [2182, 2033, 2147, 2324, 2069, 2104] [928, 1780, 1623, 1362, 1704, 1301]
609 1789 1919 1.45 [6009, 6665, 5804, 5660, 6235, 6029, 5824] [814, 2181, 1092, 1005, 1472, 1945, 1654]
610 850 2119 3.91 [3473, 3219, 3166, 3367, 3325, 3176, 3155, 3409] [1323, 1247, 1178, 1435, 1082, 1482, 1471, 2499]
611 1516 2323 3.47 [3158, 3198, 2939] [1187, 2260, 2027]
612 1032 1965 3.41 [2714, 2609, 2895] [2234, 1668, 796]
613 827 1795 4.68 [2424, 2547, 2587] [2158, 1546, 1846]
614 937 2003 4.54 [2555, 2587, 2383] [546, 1852, 1983]
615 2129 2100 4.22 [8355, 8122, 7188, 8044, 8381, 7032, 7862] [2145, 1022, 803, 1067, 1882, 529, 636]
616 1999 1378 3.38 [2115, 2336] [1846, 594]
617 1967 2354 3.1 [2270, 2277, 2313, 2114, 2015, 2008, 2334, 2058, 2228] [1688, 1647, 603, 1297, 2070, 1747, 2483, 1458, 1153]
618 685 1229 1.28 [6751, 6978, 7046, 6842, 6321] [1731, 1034, 2013, 838, 1201]
619 1588 2135 2.84 [2395] [2245]
620 2203 1059 1.88 [2214, 2393] [2320, 1717]
621 1636 1134 4.93 [4709, 4917, 5525, 4900, 5386, 5004, 5039, 4848, 4969] [1353, 2153, 2460, 1628, 1999, 2175, 1345, 1145, 1538]
622 1382 1249 1.88 [2189, 2197, 2336, 2491, 2220, 2313, 2406, 2228] [2332, 1030, 1358, 1808, 1619, 2311, 1445, 1126]
623 2217 1768 1.66 [4143, 4311, 4372, 4648, 4908, 4128, 4464, 4388] [809, 801, 1412, 521, 774, 1022, 755, 1277]
624 2265 1296 4.9 [6091, 6271, 6383] [803, 617, 2264]
625 2190 604 3.17 [2340, 2573, 2668, 2435, 2496, 2461] [1774, 2210, 2124, 1041, 2324, 1707]
626 2008 1961 3.26 [5615, 5580, 4843] [1717, 734, 1535]
627 1671 1751 2.67 [2299, 2397, 2217, 2479, 2430, 2684, 2495, 2487] [1223, 1996, 625, 2200, 510, 1814, 1926, 551]
628 2409 1339 2.98 [3036, 2960, 2638, 2609, 2733, 2723, 2619, 3065, 3008] [558, 1691, 1159, 875, 2184, 1978, 1582, 1685, 1824]
629 1065 1957 4.82 [4395, 4409, 4479] [838, 1566, 1461]
630 2337 1349 2.02 [5512, 6118, 5247] [1509, 1185, 2065]
631 749 1593 3.78 [2861, 2780, 3063, 3174, 2810, 2931, 2992] [2060, 1157, 856, 2298, 744, 1808, 2198]
632 1719 715 4.76 [4486, 4655, 4516, 4777, 4624, 4808, 5023] [1058, 2487, 2233, 1944, 2044, 2169, 1674]
633 2380 2442 1.67 [5701] [1181]
634 1139 1075 3.86 [2886, 2914] [1515, 2498]
635 1302 1138 3.34 [2384, 2277] [1421, 1666]
636 2196 1365 4.46 [2981, 3500, 3522, 3191, 3224, 3566, 3533, 3346, 3301, 3544] [2439, 1135, 2356, 508, 2272, 850, 763, 1078, 684, 1443]
637 1649 2328 4.25 [2229, 1875, 2147, 1977, 2038, 2140, 1896, 1937, 2161] [2206, 534, 1957, 900, 814, 604, 1829, 559, 1036]
638 1987 1743 1.85 [6135, 6687] [1517, 769]
639 1365 723 3.03 [5776, 5381, 5075, 5398, 5309] [634, 1496, 1844, 706, 1212]
640 1750 1756 1.17 [4423, 5133] [572, 1583]
641 1743 1943 1.71 [3144, 3318, 3154, 2898] [2102, 606, 1267, 1071]
642 1486 2362 4.28 [2747, 2703, 2869, 2764, 2457, 2378, 2554, 2729, 2641] [645, 1556, 1471, 910, 1787, 2268, 1980, 1868, 1641]
643 757 1482 1.45 [3979, 4244, 4700, 4082, 4332, 4804, 4037] [1768, 650, 1774, 950, 2289, 1402, 1450]
644 1802 2161 4.8 [6702, 6659, 6530, 6273, 6552, 7003, 5950] [584, 2204, 1652, 1964, 686, 2468, 840]
645 1937 537 1.31 [19339, 16713, 16653, 19160, 19100, 18921, 19518, 18145] [1571, 1271, 906, 839, 2082, 545, 529, 1607]
646 909 2024 3.04 [2283, 2290, 2172, 2200, 1949, 1942, 2228, 2026] [2291, 1706, 2290, 2256, 1236, 1720, 1201, 1291]
647 797 1513 4.62 [12104, 12972, 12775, 12223, 11631, 12380, 10882, 10646, 12578] [1983, 611, 897, 741, 546, 1924, 1736, 1158, 1766]
648 1297 1060 3.85 [6495, 5983] [1367, 1623]
649 800 2413 1.88 [4859, 4532, 5023, 4729, 5105, 5187] [862, 2139, 1941, 2058, 1835, 1476]
650 679 645 4.64 [2793, 3118, 2655, 2695, 2813, 3196, 2852, 3078] [2307, 2181, 1372, 805, 2412, 1852, 651, 1338]
651 2068 955 3.41 [9117, 9181, 10285, 9559, 8770, 9906, 9685, 8739, 9780, 9370] [1101, 2285, 1020, 1016, 651, 1047, 1217, 1184, 553, 822]
652 832 1905 3.38 [2224, 2431] [513, 1888]
653 1867 1604 1.79 [2901, 3079, 2929, 3032, 3070, 2591] [794, 500, 1379, 757, 2331, 2019]
654 1936 2358 3.44 [2640, 2535, 2447, 2860, 2403, 2491, 2632, 2790] [1814, 1012, 1405, 1181, 523, 2425, 1469, 2218]
655 1603 919 2.96 [8294, 8568, 8871, 8963, 8689] [988, 2240, 1646, 1715, 545]
656 1844 2153 3.55 [2588, 2680, 2801, 2829, 2634] [1636, 646, 1467, 579, 743]
657 515 1977 3.82 [5469, 5939, 5743, 5292, 6076, 5978, 6174, 5959, 6037, 5900] [2139, 2102, 2329, 1168, 513, 2171, 951, 1484, 1055, 1276]
658 2323 522 3.52 [3185, 2729, 2748, 2996, 3264] [2416, 759, 1322, 2280, 1920]
659 1827 702 1.75 [5303, 5157, 4620] [2389, 1416, 530]
660 1143 1934 1.64 [6542, 6835, 6605, 6187] [1852, 1159, 1410, 1254]
661 873 1650 3.48 [7528, 7552] [686, 608]
662 2223 1024 1.6 [5119, 4974, 4522, 4909] [832, 1402, 1587, 1910]
663 1023 1857 2.89 [2797, 2788, 2902, 3064, 2893] [1710, 1453, 1440, 1657, 629]
664 1450 1144 2.45 [9399, 8064] [2108, 2409]
665 2236 1845 4.53 [3795, 3586, 3967, 3869, 4028, 3488, 3734, 3930, 4041, 3685] [845, 1828, 2492, 1682, 890, 2061, 2045, 1689, 1696, 903]
666 529 1270 2.56 [3911, 3799, 3849, 4085, 3687, 4060] [603, 1652, 2307, 1452, 2244, 975]
667 946 1356 1.76 [3333, 3698, 3139, 3253, 3082, 3539] [1051, 1844, 508, 744, 1568, 2176]
668 698 2452 2.34 [3800, 4345, 4146, 3614, 4226, 3707, 4279, 3827, 3920] [533, 1264, 1065, 1130, 2400, 2326, 1420, 1685, 1354]
669 860 2162 3.71 [2609, 3082] [2484, 2164]
670 2190 1836 2.07 [4504, 3976, 4032, 3795, 3851, 4518, 4143, 4421, 4018] [2409, 1831, 1626, 1178, 1098, 1600, 2427, 1728, 1892]
671 1098 2192 1.2 [2284, 2401] [843, 1981]
672 807 1146 3.75 [2231, 2329, 2516, 2361, 2434, 2508, 2679] [942, 1612, 540, 1688, 857, 1291, 1469]
673 1530 2100 2.46 [11674, 10568] [549, 800]
674 2418 849 4.99 [6432, 6328, 6099, 5703] [769, 1392, 942, 2450]
675 597 1679 4.86 [3344, 3255, 3222, 3355, 3630, 3310] [509, 673, 1839, 1239, 844, 1612]
676 1143 1597 1.96 [8978, 10761, 10365, 10035] [1998, 1213, 770, 2272]
677 1036 1122 4.69 [4264, 3991] [1014, 2007]
678 2011 1200 3.62 [5766, 6193, 6278, 6770, 7004, 6791, 6342, 6150, 5787, 5937] [2163, 1930, 625, 704, 1150, 2310, 2135, 523, 2494, 729]
679 2154 1927 3.96 [2956, 3224, 3193, 2914, 3162, 3400, 3276, 3038, 3173] [1452, 966, 757, 1895, 819, 507, 1274, 608, 1500]
680 2264 937 4.15 [4304, 3896, 3923, 4114, 3814, 3950, 4141, 4155, 3869, 3828] [2454, 1432, 1154, 974, 1803, 1399, 2349, 2149, 2487, 2429]
681 1037 1575 1.53 [4893, 4590, 4984] [1047, 2006, 712]
682 2371 1805 4.41 [7174, 6602, 7484] [1047, 2146, 2060]
683 1896 1979 2.55 [4989, 5093, 5127, 5075] [1164, 802, 696, 2129]
684 1192 1096 3.66 [2127] [2050]
685 1996 536 4.32 [3081, 2790, 3211, 3261] [1817, 1038, 2035, 646]
686 1599 1531 1.02 [2288] [2330]
687 1471 862 4.13 [2898, 2809, 2658, 2622, 2400, 2542, 2693, 2427, 2551] [1698, 2004, 1908, 564, 1478, 1946, 1791, 798, 1171]
688 626 1793 3.69 [2544, 2745, 2469, 2310] [626, 1054, 590, 622]
689 1556 1822 3.69 [2669, 2900, 2785, 2501, 2598, 2820, 2829, 2474, 2572, 2811] [560, 1850, 1845, 2238, 1820, 1843, 2408, 2453, 1413, 1272]
690 2401 1146 4.86 [4516] [1787]
691 1262 1390 2.37 [4184, 4535] [1932, 1747]
692 847 1288 3.68 [3053, 2790, 3083] [1131, 2420, 639]
693 1551 1594 2.04 [13456, 13796, 13584, 12136] [626, 1183, 905, 1583]
694 2132 1826 4.04 [3286, 3000, 3472, 3242] [1085, 1503, 791, 1471]
695 2317 732 4.12 [8086, 8783, 8253] [1183, 1977, 1842]
696 2189 2496 2.27 [3256] [2265]
697 1795 1601 2.73 [2220] [1374]
698 803 1375 1.13 [2830, 2723] [2030, 612]
699 2284 909 4.92 [4964, 4826, 4612, 4489, 4168, 4704] [2272, 1571, 2381, 1134, 1563, 1304]
700 2083 1574 1.17 [3379, 3233, 3580, 3625, 3211] [1034, 740, 771, 2354, 2395]
701 761 1044 3.08 [2130, 2044, 2073, 2259, 2223, 2066] [2084, 1518, 1330, 1388, 1738, 1334]
702 2172 1842 1.96 [1897, 2272, 2279, 2223] [2362, 1105, 2124, 2133]
703 526 2296 2.37 [2056, 2178] [1521, 2025]
704 1938 1192 2.97 [4666, 4480, 4728, 4526, 4604] [633, 1528, 1091, 1485, 2420]
705 1361 1279 4.32 [6701, 6491, 6538, 7518, 6934, 6654, 6351, 6584, 6608] [1518, 1761, 1269, 981, 2316, 1134, 2121, 2420, 1207]
706 1244 1197 4.6 [8408, 8985, 9926, 9046, 8651] [1715, 1533, 1088, 748, 1560]
707 657 865 4.49 [1899, 2285, 2173, 2229, 2117, 2060] [550, 1964, 2420, 1306, 1584, 1900]
708 1051 502 1.16 [2156, 2164, 2218, 2342, 2226, 2505, 2319] [1964, 2469, 1339, 1686, 960, 2113, 1099]
709 1041 1153 3.62 [2420, 2579, 2301, 2428, 2166, 2214, 2285, 2349, 2476, 2531] [1394, 2167, 2290, 985, 1093, 2403, 800, 1119, 2005, 2441]
710 1905 1530 4.11 [3573, 3297] [1211, 874]
711 1269 1541 2.12 [3920, 4431, 4530, 4232, 4175, 4076, 4672, 4360, 4147] [1161, 1826, 722, 1729, 2172, 1026, 2114, 622, 2111]
712 1711 2276 2.82 [2306, 2095, 2465, 2208] [2244, 1939, 1711, 2207]
713 1702 654 1.53 [3100, 3736, 3282, 3361, 3588, 3475, 3134, 3441, 3225] [1197, 2056, 695, 2401, 2492, 659, 2463, 1773, 1498]
714 1978 764 3.21 [2489] [565]
715 2063 1490 4.33 [2657, 3089, 3023, 2788, 2807, 2967, 2563, 2948, 3051] [1997, 2011, 1752, 1535, 1726, 1386, 1439, 742, 897]
716 839 2389 1.31 [14166, 13512, 11856] [1329, 575, 1676]
717 2157 967 4.46 [9975, 10488, 10521, 9430, 10296, 9622] [2193, 948, 1577, 1274, 522, 1187]
718 750 877 1.17 [2076, 1822, 1902] [2227, 2168, 566]
719 2136 819 1.26 [10240, 11174, 9341, 11036, 9652, 9998, 9756, 9583, 10724] [2255, 1040, 845, 2328, 974, 810, 963, 2479, 760]
720 1738 1574 1.23 [2151] [1165]
721 2462 1691 4.23 [3957, 4027, 3831] [1658, 1775, 2068]
722 2448 1327 1.03 [2200, 2344, 2299, 2208, 2148, 2102, 2329] [2214, 2005, 2389, 1583, 585, 1301, 528]
723 788 1190 3.48 [3069, 2614, 3117, 2914, 2672, 3088, 2895] [1475, 620, 2496, 1551, 2449, 2437, 556]
724 529 1588 2.54 [2357, 2161, 2379, 1972, 2226, 2277] [2002, 2456, 1707, 1711, 1718, 1560]
725 1510 950 2.83 [2256, 2170, 2034, 2091, 2285, 1934] [2387, 2416, 1005, 1184, 773, 1547]
726 2234 2000 2.8 [1857, 2140] [1982, 1684]
727 1014 1042 4.83 [2866, 2817, 2769, 2615] [1297, 1446, 2494, 1629]
728 1274 646 2.61 [11250, 11133, 11679, 11562, 11797, 12734, 11718, 11289, 11992] [981, 1315, 2252, 717, 2076, 1380, 738, 1154, 1087]
729 1041 1577 4.44 [2756, 2890, 2711, 2908, 2604, 2541] [1641, 1553, 1447, 1774, 691, 1865]
730 1840 521 3.44 [2139, 2119, 2105, 1859, 2167] [799, 1717, 800, 1621, 913]
731 2353 1146 3.16 [4451, 4575, 4606, 5009, 4420] [1143, 954, 1279, 1104, 1165]
732 2108 1762 4.52 [10552, 10358, 10261, 10131, 9063, 10617, 9225, 9840, 10325] [1004, 1814, 541, 1454, 2405, 1427, 1395, 1702, 2048]
733 1836 1415 4.06 [11090, 9910] [1167, 2352]
734 1869 803 3.66 [2105, 1907, 1914, 2119, 1982, 2242, 2228, 2016, 2023, 1934] [950, 976, 1199, 1883, 607, 1234, 1154, 1171, 1560, 1577]
735 1827 1814 2.98 [11691, 10449, 10011] [1627, 996, 963]
736 809 2113 3.29 [2250, 1957, 1901, 2006, 2041] [2254, 603, 1658, 1418, 2145]
737 1525 1003 4.92 [8181, 8397] [1918, 1969]
738 1713 710 3.37 [2729, 2681, 2615, 2767, 2986, 2872, 2910] [1145, 1395, 2057, 2376, 1837, 2024, 699]
739 2376 2390 1.48 [2869, 2907, 3021] [913, 1745, 1914]
740 2237 2370 1.43 [2201, 2107, 2136, 2265, 2337, 2344, 2222, 2057, 2308] [2069, 2159, 1804, 1972, 707, 937, 636, 1223, 614]
741 862 1989 2.14 [8056, 7955, 7477] [1198, 816, 792]
742 1456 1307 3.7 [4628, 4347, 3869, 4502, 3799, 4108, 4080, 3855, 4544] [1309, 2068, 528, 2119, 2159, 1311, 2289, 1520, 1778]
743 1081 2254 1.11 [2339, 2489, 2380, 2523, 2724, 2271, 2682, 2598] [612, 2336, 2371, 578, 1424, 1273, 1453, 1051]
744 650 1745 3.43 [3925, 3727, 3764, 3443, 3628] [627, 1637, 974, 1057, 1026]
745 1647 770 2.45 [3218, 3259, 3299, 2922, 3310, 2830, 3330, 3350, 3064] [1307, 1201, 550, 539, 678, 595, 1091, 1400, 687]
746 1295 1228 4.17 [2056, 1846, 1934, 2137, 1914, 1839, 2143, 2103] [1329, 1988, 1658, 1320, 1923, 1485, 2130, 1300]
747 896 1648 1.8 [3053] [1283]
748 1057 815 1.46 [4357, 4179, 4124, 4165, 3850, 3960, 4302, 4220] [2160, 1095, 2455, 2259, 1067, 1456, 1804, 2030]
749 1101 850 4.03 [2836, 2723, 2657, 3007] [1806, 2256, 1428, 1842]
750 1985 532 1.62 [4942, 5382, 5628, 5153, 5136, 5030, 4766] [2055, 785, 672, 593, 634, 1762, 1697]
751 2049 2077 4.57 [5023, 4751, 5549, 5311, 4666, 5396] [2044, 1638, 1268, 988, 848, 1105]
752 950 1558 1.05 [5308, 5146, 4774, 4531, 5178, 5081, 5113] [897, 2421, 1575, 1330, 2227, 842, 1541]
753 1729 1631 3.09 [2714, 2893, 3063] [1258, 909, 708]
754 1152 572 1.27 [2154] [640]
755 1699 1730 3.13 [5291, 5256, 5325, 5582, 4640, 5068, 4623, 5000, 5428, 5564] [2233, 1550, 1312, 1791, 2299, 1252, 1188, 1855, 699, 2425]
756 540 2234 2.32 [5874, 6355, 5954, 5453, 5694] [1559, 636, 1698, 716, 898]
757 1610 872 3.09 [2558, 2430, 2507, 2703] [2337, 1850, 1354, 2046]
758 741 2396 3.65 [2481, 2499, 2921, 2885, 2849, 2930, 2490, 2795] [1341, 2130, 2155, 692, 516, 787, 2403, 1421]
759 1134 1134 1.42 [2264, 2451, 2572, 2443] [1381, 528, 899, 557]
760 1215 591 1.44 [4998, 4756, 4595, 4772, 5143, 5111] [600, 1432, 2188, 860, 1094, 1809]
761 2379 1077 3.02 [6578, 6494, 6224, 6848, 6786, 5787, 5683, 6182] [1865, 2115, 965, 2121, 1311, 852, 2204, 1870]
762 1561 2279 2.38 [3027, 3569] [2342, 1782]
763 1679 1289 4.05 [11296, 10526, 10086, 11333, 10049, 10856] [1604, 2114, 1586, 602, 1494, 1978]
764 1346 2058 4.44 [1944, 1930, 2163, 2262, 2022, 2106] [979, 1748, 1142, 2141, 2063, 1452]
765 607 1400 3.95 [2319, 2547, 2335, 2682, 2386, 2555, 2750, 2395] [2031, 2385, 836, 1412, 1633, 2284, 1365, 1699]
766 2347 1101 2.35 [4794, 4470, 4563, 4994] [1964, 1330, 513, 1012]
767 536 2313 4.98 [4719, 5146, 5115, 4307] [1485, 1495, 2040, 1618]
768 2081 1660 4.3 [2824, 3033] [924, 1366]
769 688 1419 3.89 [8517, 7772] [1653, 1963]
770 2138 666 3.0 [2915, 3069, 3012, 2944, 3117, 3079, 2790, 2848] [850, 2260, 602, 543, 1896, 586, 625, 2450]
771 2121 2091 1.23 [2779, 3086, 2817, 2750] [523, 1298, 749, 2235]
772 858 1911 4.46 [2212, 2396, 2348, 2533, 2244, 2621, 2388] [1818, 637, 1074, 1759, 1382, 635, 1660]
773 949 1523 4.28 [3556, 3331, 3450, 3722, 3782, 3272] [1402, 888, 2344, 906, 1970, 981]
774 1214 2245 1.95 [2100, 2454, 2311, 2228, 2477] [1037, 2293, 932, 750, 909]
775 2432 1885 2.32 [2027, 2313, 2256, 1955, 2234, 2277] [604, 545, 1803, 670, 554, 1250]
776 2077 1645 4.21 [7327, 7907, 6577, 7303, 7762, 7956] [772, 644, 2228, 817, 1463, 527]
777 2106 1910 4.44 [5189, 4926, 5140, 4631, 5304, 4680, 4713, 4976] [2498, 897, 2085, 1105, 2458, 1661, 535, 1036]
778 1478 1853 2.18 [3861, 3886, 3682, 3644, 3568, 3797, 3784, 3542, 3975, 4014] [2293, 1751, 1545, 872, 1625, 2367, 527, 2338, 2005, 652]
779 1882 2169 4.54 [13722, 15443, 13328] [1140, 2060, 725]
780 1886 1312 2.03 [3004, 3238, 3036, 3450, 3184, 3354, 3078] [2348, 2343, 1842, 2278, 1022, 1095, 1600]
781 626 2450 2.55 [13405, 11484, 12612, 13030, 12904, 12654, 11526, 12194, 11986, 13364] [936, 1148, 1926, 1615, 857, 632, 1771, 727, 958, 2085]
782 956 1379 3.37 [2298, 2525, 2141, 2533, 2235, 2149, 2117, 2290, 2439] [1025, 1035, 987, 525, 1281, 646, 1503, 1563, 1296]
783 1456 1420 4.86 [4782, 4828, 4751] [1295, 1002, 2401]
784 2053 557 2.26 [2530, 2554, 2279, 2602, 2214, 2255, 2384, 2263] [1449, 2285, 1947, 1076, 953, 728, 2289, 1292]
785 1752 1847 4.89 [2852, 2690, 2771, 2619] [1337, 873, 1383, 1352]
786 768 2185 4.56 [1896, 1957, 1863, 1876, 1964, 1923, 2018] [1424, 780, 1735, 712, 1443, 1560, 1239]
787 701 1032 1.26 [2603, 2846, 2640] [1043, 2402, 755]
788 1687 1385 2.51 [8339] [2400]
789 1564 523 4.22 [4784, 5132, 5079] [1587, 1415, 2258]
790 1935 2265 2.98 [5342] [1793]
791 1751 1982 3.28 [9802] [636]
792 1579 1596 1.01 [2463, 2534] [1765, 1326]
793 1823 1584 3.93 [5839, 5502, 5521, 5745] [1125, 777, 790, 866]
794 2371 1399 1.49 [2006, 2143, 2294, 2338, 2330, 2229, 2201, 2078, 2049, 2042] [2207, 915, 2196, 2235, 1028, 1167, 1060, 898, 2470, 1270]
795 1403 2014 4.59 [5894, 6115, 6375, 6496, 6295] [923, 791, 887, 1698, 1919]
796 2028 945 4.05 [7384] [550]
797 1752 1331 4.2 [2941, 2829, 2890, 3361, 2931] [2094, 1334, 1088, 2164, 1916]
798 2118 1352 1.27 [2895] [1900]
799 2309 936 2.06 [10158, 10323, 8942, 9074, 9994, 9041] [1056, 1815, 538, 2108, 2186, 2104]
800 583 2392 1.1 [4346, 4574, 3888, 4031, 4060, 4660, 4617, 4074, 4203] [2094, 1794, 1140, 990, 1827, 1520, 1330, 1002, 1835]
801 2020 1941 3.26 [5138, 5372, 5389, 4870] [571, 586, 579, 588]
802 601 1240 2.68 [2768] [1833]
803 1363 1587 1.32 [2703, 2545, 2501] [1199, 674, 1456]
804 2316 696 2.33 [11763, 12984, 12333, 11396, 13269, 11600, 11559] [1970, 1165, 1878, 1446, 2338, 753, 2425]
805 980 671 2.23 [3357, 3662, 3526, 3718, 3051, 3696, 3311] [1166, 2058, 1463, 1283, 723, 1711, 2326]
806 776 781 3.69 [17013, 14316, 15094] [1232, 815, 1486]
807 803 792 2.59 [2168, 2376] [2370, 723]
808 1263 1174 2.17 [3143] [623]
809 966 2171 3.06 [4916, 4212, 4763, 4411, 4840, 4334] [1330, 2180, 2063, 1758, 1766, 1278]
810 1198 2325 3.14 [6484, 6528, 6463, 5858, 6917] [2347, 2436, 1397, 2226, 579]
811 1824 1120 3.68 [2682] [1418]
812 2178 813 1.44 [8736, 8627, 8083, 8164, 8872, 8573, 7566, 7375, 8110] [1523, 2363, 649, 843, 1783, 770, 1843, 1434, 2288]
813 642 1231 2.19 [4984, 4211, 4196] [2048, 1621, 2161]
814 748 2350 3.5 [2006, 1851] [1870, 1084]
815 1158 2124 4.74 [2147, 2452, 2475, 2530] [2416, 2000, 1441, 885]
816 1389 1048 1.19 [3609] [2257]
817 2031 2204 1.16 [2057, 2171, 2037, 2104, 1923, 1843, 1957] [1233, 1557, 1341, 1525, 1334, 1985, 2425]
818 2207 570 3.32 [3948, 4674, 4296, 4282, 4398, 4311, 4717] [1942, 994, 810, 500, 1083, 1600, 1522]
819 1227 578 4.83 [2441, 2200, 2465, 2332, 2208, 2247, 2301, 2270] [1389, 2319, 1935, 911, 1971, 2359, 1704, 1793]
820 639 2321 3.36 [2166, 2304, 2273, 2472, 2411, 2189] [2028, 1393, 1043, 771, 1162, 695]
821 2097 1022 2.95 [4748, 4556, 5005, 4764, 5117, 5262] [1485, 1794, 2476, 1312, 1257, 2102]
822 1288 2143 4.18 [4179, 4088, 3537, 4284, 4166, 3577, 3708] [2192, 1213, 1066, 2158, 1261, 2470, 2298]
823 1544 2093 2.86 [12460, 10835, 12150, 12576, 11492, 10602, 12073] [1479, 1530, 600, 1069, 1031, 1159, 887]
824 1834 2193 3.29 [3273, 3384, 3262] [866, 1461, 690]
825 2131 1404 4.28 [8260, 8151, 8315, 7715] [2355, 2036, 615, 2083]
826 1984 650 1.38 [4087, 4450, 4143, 4031, 4115, 4073] [1928, 1848, 634, 504, 1577, 555]
827 1998 860 1.64 [9716, 8778, 8869, 8717, 9595, 9413] [1149, 1809, 2330, 1466, 962, 1011]
828 761 537 4.22 [7427, 7450, 6652, 6516, 7336, 6424] [860, 1479, 2117, 1282, 907, 1935]
829 1594 1020 4.91 [2383, 2104, 2338, 2059, 2443, 2149, 2406, 2428] [2396, 1217, 1664, 1261, 1157, 2017, 1325, 2219]
830 972 1950 2.61 [3720, 3178, 3539, 3619, 3110, 3528, 3268] [1670, 2497, 1384, 1588, 1978, 1672, 2242]
831 2260 1809 3.05 [5099, 5762, 5062, 5191] [1382, 1008, 1904, 1338]
832 1922 1622 4.85 [6096, 6604, 6198, 6137, 6218, 6422, 6015] [1516, 1665, 1272, 779, 1850, 770, 1255]
833 2102 1097 1.6 [2418, 2401] [1475, 2314]
834 1979 1761 4.57 [7412, 8910, 8774, 8365] [1996, 1631, 1956, 2149]
835 2022 2110 2.17 [5849, 6679, 6658, 6036, 6513, 6492, 6160, 6803, 5953, 6285] [2455, 611, 2343, 1084, 1408, 1330, 1119, 674, 1134, 2499]
836 1348 2004 1.86 [2539, 2484] [1500, 2475]
837 594 2468 3.85 [3227, 3239, 3854, 3677, 3416, 3523, 3499, 3298, 3310, 3712] [1422, 1212, 1076, 1604, 2092, 1850, 510, 615, 1869, 546]
838 544 1925 4.31 [11202, 10588] [1026, 1843]
839 940 2371 1.41 [2270, 1897, 1917, 2000, 2146] [1464, 1539, 1353, 1267, 1773]
840 2256 1450 2.75 [3407, 3361, 3198, 3582, 3442] [2145, 1258, 1002, 1061, 765]
841 1726 556 1.11 [4664, 4988, 4939, 4405, 5263, 5280, 5037, 4502, 4583] [1214, 675, 1313, 2007, 1661, 1655, 2376, 1703, 1514]
842 1928 2039 3.44 [2800, 2643, 2671, 2939, 2634, 2874] [861, 854, 1983, 2409, 1017, 1931]
843 1709 2410 2.46 [6006, 7150, 6622, 6182, 7194, 6710, 7128] [2017, 849, 2069, 766, 1848, 1054, 2321]
844 1973 2229 1.63 [2765, 2756, 2832, 2775, 3023, 2641] [724, 646, 634, 1961, 2208, 1054]
845 2475 1314 3.44 [7253, 7418, 6617, 6570, 7441, 7700, 6758, 7465, 7747] [2004, 2314, 644, 1590, 2209, 2241, 1305, 2098, 1054]
846 1157 2431 2.09 [2050, 2297, 2318, 2198, 2205] [2393, 1500, 886, 1714, 1337]
847 1944 1275 4.82 [2347, 2448, 2625] [1256, 624, 1205]
848 1952 504 2.73 [3599, 3343, 3494, 3541, 3250] [2373, 1673, 1856, 2363, 1908]
849 2212 795 2.26 [2065, 2099, 1901, 2140, 2092] [2054, 1182, 2301, 1329, 1158]
850 1358 1983 3.19 [2957] [1437]
851 2092 799 2.4 [2921, 2732, 2714] [1190, 1376, 889]
852 978 1002 1.93 [4419, 4677, 4208, 4238] [979, 1765, 663, 812]
853 1552 796 4.62 [2236, 2628] [1944, 2152]
854 1150 1804 2.32 [2386, 2081, 2030, 2132, 2226, 2255] [1687, 2113, 1392, 1268, 1456, 718]
855 1347 1763 2.92 [17259] [1791]
856 1371 1284 1.69 [3542, 3347, 3611] [2159, 678, 2478]
857 1254 740 4.95 [3856, 4104] [763, 2097]
858 2412 698 1.48 [7745, 8567, 9078, 8624, 8340, 9163, 7943] [1852, 1271, 1987, 1493, 501, 1372, 1066]
859 1261 677 2.51 [2556, 2640] [2450, 1554]
860 1339 855 4.27 [2242, 1998, 2116] [1211, 651, 894]
861 846 1472 1.87 [5649, 5741, 5301] [1404, 2465, 1115]
862 1964 1584 5.0 [2161, 2382, 2217, 2146, 2572, 2280, 2398] [1689, 2249, 1190, 2149, 2059, 931, 1763]
863 1642 1576 3.77 [2829] [1841]
864 1216 1829 3.77 [1981] [2071]
865 2372 2344 2.66 [3610, 3057, 3212, 3378, 3522, 2990, 3511] [677, 1993, 1315, 939, 1434, 2053, 537]
866 1357 1947 1.31 [7750, 7390, 7699, 8033, 7338] [2114, 779, 2317, 1744, 1197]
867 640 539 2.1 [2358, 2649, 2544, 2463, 2657, 2536, 2220, 2576, 2495, 2617] [1147, 2110, 1594, 1592, 610, 1983, 1610, 933, 756, 655]
868 969 2496 1.36 [3343, 4014, 3782, 3697, 3490, 3392] [1370, 2395, 1334, 1758, 611, 2320]
869 1412 1235 2.88 [8972, 9470, 9204, 10434, 9902, 9105, 10766, 10234] [1694, 2137, 2300, 1655, 1235, 916, 1628, 717]
870 1198 1781 3.83 [6722, 7261, 6535, 7448, 7706, 7354, 6394, 6371] [1783, 2349, 1914, 1433, 1391, 634, 1153, 2172]
871 2278 2247 1.86 [7716, 7789, 7642] [1430, 1848, 1980]
872 2326 1283 3.01 [4658, 4444, 4329, 4058, 4301, 4001] [2236, 2286, 2013, 663, 1639, 1267]
873 911 651 3.87 [3491, 3281, 3326, 3502, 3524, 3546] [619, 2288, 1437, 2163, 746, 2471]
874 1531 1167 1.17 [3602, 3347, 3784, 3287] [1625, 2173, 656, 1003]
875 2425 1080 4.46 [2044, 2195, 2109, 2166, 2008, 2296, 1979] [1888, 1878, 970, 1689, 1071, 1889, 688]
876 534 2444 4.85 [5829, 6613, 6295, 6719, 6041, 5765, 6231, 6168, 6274, 6337] [1837, 1874, 583, 2259, 1542, 1709, 2235, 2000, 1839, 2270]
877 1270 1172 4.58 [3863, 4030, 3581, 3799, 3568, 4133, 4094, 3889] [2445, 958, 554, 1274, 2389, 2497, 1138, 536]
878 1374 1671 4.46 [4772, 5147, 4463, 5310, 4821, 4675, 5229, 4919, 4610, 5294] [1994, 2093, 643, 2201, 1778, 1043, 1633, 1274, 1852, 2067]
879 1168 1253 3.67 [2593, 2541, 2680, 2428, 2567, 2384, 2837, 2732, 2628] [1655, 1239, 2011, 1383, 717, 876, 528, 2148, 2059]
880 1773 2149 3.2 [4190, 4681, 4374, 4205, 4405, 4512, 4497, 4436] [576, 1547, 1209, 706, 1409, 1802, 1338, 2477]
881 903 546 2.48 [2624, 2444, 2224, 2436, 2640, 2616, 2371, 2575, 2273] [1233, 2319, 695, 753, 946, 2155, 1235, 525, 2480]
882 1158 2147 3.9 [2235, 2195, 2317, 2390, 2674, 2479, 2438, 2349, 2284, 2634] [1416, 947, 1942, 2010, 1835, 2062, 1292, 722, 1753, 1724]
883 2498 856 3.78 [2325, 2646, 2621, 2604, 2494, 2342, 2765] [1663, 1093, 1717, 1236, 1674, 2339, 1553]
884 1879 1086 2.65 [3573, 3746, 3237, 3630, 3769, 3191, 3376, 3399, 3607] [1494, 2280, 568, 640, 2446, 1762, 1084, 939, 739]
885 2198 629 1.08 [2464, 2534, 2448, 2401, 2503, 2300, 2378, 2260, 2206] [1271, 2290, 1102, 1325, 1301, 989, 831, 2341, 1715]
886 635 501 2.19 [13345, 11052, 11830, 12485, 11257, 11707] [1611, 843, 767, 2360, 727, 1027]
887 1039 503 4.09 [2266, 2036, 2168, 2161, 2210] [1663, 644, 1751, 618, 727]
888 1274 2162 1.74 [2447, 2212, 2187, 2439, 2309, 2414, 2374, 2536, 2293] [636, 1364, 1252, 1984, 2174, 931, 1730, 707, 2413]
889 2068 2473 1.59 [14017, 14489, 15150, 13639, 14961, 13167, 15102, 13356] [1813, 1369, 938, 1179, 654, 2268, 2169, 1174]
890 2367 1155 4.1 [10167, 11473, 11544, 10908, 11508, 10061] [1280, 915, 1484, 2479, 1422, 1723]
891 925 2366 2.06 [3869] [1308]
892 1476 1929 2.95 [2608] [968]
893 2211 537 2.27 [2147, 2041, 1950] [639, 2449, 940]
894 2153 2148 2.1 [14392, 14797] [991, 2245]
895 1048 1190 1.04 [3454, 3050] [2428, 1206]
896 756 1512 4.55 [2912, 2818, 3091, 2565] [1810, 995, 2276, 1090]
897 1397 962 3.81 [14266, 13772, 14414, 13426, 13969] [528, 1212, 1308, 632, 2312]
898 1775 798 2.81 [3040, 3100, 3159, 2812, 3219, 2911, 2851, 3139] [2403, 1137, 2064, 1460, 1703, 2196, 1546, 2078]
899 2199 815 1.54 [4260, 4679, 4203] [2097, 1271, 2071]
900 1509 756 4.66 [3606, 3305, 3536, 3339, 3594, 3502, 3165, 3189, 3397] [1611, 887, 2225, 1739, 869, 2061, 2065, 2227, 2392]
901 791 775 3.73 [2979, 3454, 3509, 3344] [1492, 2388, 538, 911]
902 1920 555 4.24 [6844, 6916, 6556, 7349, 7493, 6724] [983, 1460, 1653, 1482, 930, 1814]
903 1012 2173 2.54 [2964, 2498, 2726, 2809, 2909, 2488, 2543] [623, 1834, 1185, 693, 1821, 1912, 1295]
904 1956 1782 2.61 [2571, 2330, 2839, 2373, 2640, 2744, 2347, 2356, 2778, 2364] [517, 2220, 721, 1432, 1119, 552, 674, 2218, 610, 1665]
905 588 2040 3.86 [2182, 2175, 2065, 2101] [942, 1716, 1864, 1000]
906 1568 1836 4.54 [3024, 3400, 2941] [1414, 1930, 1582]
907 2186 1425 2.55 [1923, 2306, 2072, 1972] [1206, 2225, 2471, 1185]
908 1909 2487 4.88 [2221] [2018]
909 738 789 2.8 [2512, 2598, 2487] [717, 1455, 1782]
910 1698 1873 4.2 [3819] [2020]
911 1134 2445 1.15 [6283, 6404, 6222, 6323, 6384] [1073, 992, 1059, 1516, 513]
912 673 1246 3.56 [4306, 4772, 4712] [508, 1315, 1451]
913 527 665 2.84 [3610] [1625]
914 2160 2061 2.83 [3427, 3209] [1109, 2068]
915 1932 2309 1.61 [1953] [2202]
916 1343 1304 1.35 [3109, 3058, 2966, 3355, 3365, 2864] [1499, 840, 1166, 1456, 1819, 2000]
917 1858 1191 2.26 [2612] [2077]
918 1571 1571 3.52 [5703, 5721, 4861, 5264, 4756, 4738, 4949, 4878] [2211, 1406, 919, 2069, 581, 2349, 1416, 1337]
919 2209 1574 2.96 [2292, 2142] [1632, 560]
920 1876 1719 1.65 [7593, 7292, 7222, 6644, 7199, 7037, 7083, 7014, 7130, 7060] [832, 1747, 2334, 1915, 1807, 891, 530, 2322, 1906, 1248]
921 813 969 2.18 [3732] [1921]
922 1230 2076 1.1 [2680, 2554, 2353, 2462, 2379, 2370, 2295, 2529, 2395, 2278] [1405, 1731, 1652, 2258, 2061, 841, 1466, 1158, 630, 1327]
923 664 961 4.61 [13578, 13627] [1879, 1610]
924 1570 1760 2.96 [2634, 2479] [537, 2185]
925 1159 2492 4.47 [4244, 4201, 4070, 4012, 4419, 3997] [1877, 2290, 2015, 503, 743, 1891]
926 2446 1760 4.15 [11208] [1957]
927 1669 2267 4.79 [4024, 4098, 4424, 4794, 4823, 4365, 4660, 4128, 4675, 4009] [1926, 1495, 1789, 1038, 1019, 1304, 1247, 666, 2198, 1053]
928 1023 2022 1.88 [2062, 2013, 2262, 1910, 2000, 2158] [1638, 714, 931, 763, 1292, 1734]
929 937 2443 1.44 [12432, 12387, 12839, 12568, 14286, 14602, 14376, 13969] [1977, 1891, 686, 1935, 2328, 1001, 810, 1458]
930 543 1614 4.4 [7792] [1173]
931 1096 1598 1.47 [3944, 4597, 4228, 4100, 4611, 4115, 3959, 4327, 4654, 4285] [1441, 1632, 1906, 1418, 531, 1514, 1067, 1317, 527, 1477]
932 1977 2430 1.79 [9439, 9266, 9323, 8252, 8686, 9121, 7905] [2148, 2399, 1890, 1145, 2036, 1147, 1071]
933 527 1987 1.73 [4675, 5005, 5146, 5020, 4659, 5036, 4769] [2048, 1906, 2007, 851, 2230, 1618, 2421]
934 1202 883 1.3 [5316, 6131, 5918, 6014] [1780, 1686, 1493, 1300]
935 998 1864 2.32 [2925, 2905, 2984, 2786, 3203, 2885] [2038, 2310, 2485, 1039, 1844, 1899]
936 2356 1510 4.67 [2224, 1849, 1876, 1958, 2122, 2019] [2116, 833, 906, 1400, 2346, 1019]
937 2495 1553 2.82 [6983] [1726]
938 1456 582 1.07 [2657, 2754] [822, 1959]
939 2071 1608 3.05 [3530, 3336, 3304, 3164, 3132, 3487, 3368] [2169, 2147, 864, 1617, 1590, 516, 749]
940 1479 2485 2.02 [11151, 11887, 10673, 10047, 10341, 10930, 11188] [1076, 575, 860, 1510, 683, 1913, 1466]
941 900 1775 2.98 [12205, 11379] [643, 653]
942 2442 1704 2.06 [4544, 4913, 5234, 4672] [1759, 1272, 2483, 1969]
943 1845 1514 4.02 [5062, 4514, 4933, 5143, 4901, 4401] [623, 1554, 677, 1046, 1657, 1680]
944 1174 1843 2.81 [2498, 2671, 2964] [1487, 2147, 1067]
945 860 1108 4.55 [5693] [1062]
946 1207 2177 3.63 [6416, 6765, 7005, 6830, 7114, 6612, 6023, 6001] [1658, 554, 1829, 626, 535, 991, 1602, 510]
947 2052 1970 4.47 [9307, 9988, 9242, 9502, 10442, 10020, 8983, 9112, 10280] [556, 855, 1097, 1578, 852, 1400, 1505, 2446, 1395]
948 1880 1810 1.75 [4889] [973]
949 945 1515 2.85 [5516, 5357] [1972, 2214]
950 1088 812 4.33 [3202, 2798, 3305, 3171, 3160] [1298, 2462, 2203, 1282, 1638]
951 2245 655 4.75 [2551, 2518, 2492, 2382, 2534, 2458, 2703, 2653, 2577, 2627] [727, 2441, 1194, 629, 2044, 1168, 1052, 794, 1518, 1083]
952 1747 729 3.71 [7245, 6937, 7157, 7047] [991, 1818, 1411, 532]
953 906 1852 1.41 [8922, 8379, 8741] [2137, 1527, 2289]
954 1385 535 4.03 [2827, 2867, 2878, 2776] [2252, 972, 1025, 1543]
955 1445 1466 2.31 [2902, 2883, 2791, 2652, 3031, 2689, 2911] [1945, 1597, 639, 1885, 2480, 1954, 636]
956 2150 1722 2.59 [4472, 4687, 4144, 4072, 4229] [1902, 1804, 2457, 747, 2010]
957 904 1314 3.33 [3410, 3557, 3240, 3127, 3716, 3648, 3104] [716, 2004, 1580, 1197, 867, 734, 1353]
958 1526 1707 2.49 [2014, 1973, 2152, 1884, 2124, 2262, 2083, 1939, 1904, 1877] [600, 2165, 1460, 1603, 1718, 1955, 1318, 2346, 2021, 2375]
959 1385 1189 3.49 [7927, 7492, 7806, 7081, 6936, 6550] [890, 1011, 1921, 1248, 2395, 609]
960 1853 2030 2.56 [6775] [1954]
961 2151 1668 4.53 [8238, 7973, 8357, 8032, 8740, 9065, 8445, 8150, 9567] [606, 1388, 2136, 522, 1731, 2040, 633, 959, 2468]
962 2139 2277 4.39 [4624, 4398] [1624, 2420]
963 1564 1174 3.54 [2354, 2183, 2245, 2470, 2191] [708, 1538, 603, 1138, 1545]
964 1168 1215 3.32 [6080, 6371, 6351] [2352, 2233, 1199]
965 1623 2327 1.21 [1949, 1855, 1943, 2198, 1875, 1822] [982, 1547, 1463, 1800, 852, 1952]
966 1631 527 3.53 [5229, 5355, 4869, 5462, 5408, 4959, 5534, 5912, 4977, 5642] [2445, 2444, 1771, 1465, 1289, 1018, 2317, 1678, 1389, 1530]
967 1905 1672 4.42 [4999, 4921] [2156, 1500]
968 2359 2375 4.62 [5907, 6193, 5543, 5467, 5180] [2138, 2431, 1647, 933, 1715]
969 1943 1900 2.62 [9304, 9779, 9507, 9609, 9440, 9236] [684, 1635, 1067, 2138, 630, 829]
970 1901 1595 2.48 [2034, 2054, 1994] [938, 2377, 1110]
971 1910 1966 2.78 [3203, 3060, 3038, 3611, 3214] [852, 1804, 2201, 1553, 630]
972 594 2189 1.99 [3482, 3303, 3090, 3101, 3414, 3314, 3045] [1644, 1243, 1829, 1630, 1527, 700, 609]
973 2443 2396 3.0 [5763, 5650, 6216, 5706, 6198, 5404, 5574, 5971, 5461] [665, 606, 1928, 785, 2408, 2023, 842, 1276, 728]
974 1892 1910 1.32 [2926] [1927]
975 2262 1642 3.39 [6089, 5841, 5631] [2491, 1956, 1632]
976 903 553 1.69 [6451, 6554, 6285, 6802, 6595, 6699, 6037] [1936, 629, 1389, 2353, 1241, 1182, 1598]
977 1572 1965 3.3 [3441, 3557, 3361] [2268, 2008, 1927]
978 2349 2064 4.28 [2298, 2106, 2078, 2270, 2263, 2213] [1230, 793, 1175, 1902, 1970, 1977]
979 620 1039 4.52 [3805, 3782, 3190, 3736, 3654] [2002, 2260, 2177, 2181, 923]
980 1493 2152 2.91 [4154, 4141, 3882, 3572, 3999, 3727, 4012, 3870] [661, 1926, 2247, 1940, 519, 2022, 1798, 559]
981 1772 1803 4.52 [5187, 4963, 5219, 4835, 5267] [1743, 1000, 2365, 1127, 1178]
982 1850 639 1.07 [2866, 2532, 2588, 3051, 2987, 2977, 2773, 2801, 2625] [747, 744, 2457, 2331, 1139, 2055, 518, 2473, 561]
983 646 2138 2.78 [3405, 3513, 3632, 3573, 3585, 3944, 3525] [824, 1728, 644, 1485, 1505, 2483, 1684]
984 615 929 2.48 [2241, 2474] [905, 747]
985 1932 2001 1.05 [2780, 2558, 2472, 2729, 2481, 2430, 2720] [2375, 770, 1169, 1930, 1587, 2301, 822]
986 2192 2267 2.15 [10306, 10159, 10636, 10012, 10892, 11809] [2471, 1720, 1834, 2268, 1610, 2497]
987 1966 1349 2.53 [2634] [1487]
988 887 2328 2.48 [9820, 9512, 9789] [1471, 1432, 1254]
989 610 991 3.19 [10787, 10375, 10753, 10959, 11131] [1386, 527, 1343, 1700, 855]
990 2095 1118 4.88 [3296, 3362, 3264, 3593, 2989, 3417, 3516, 3033] [2223, 925, 1088, 1114, 1398, 1312, 2360, 1624]
991 625 862 1.04 [3405, 3451] [1462, 865]
992 628 819 4.28 [5289, 5882, 4911] [1205, 1320, 1613]
993 815 1624 3.74 [3493, 2957, 2936, 3257, 2968] [1872, 2315, 1319, 1399, 1838]
994 2036 946 4.62 [4726, 4211, 4242, 4802, 4696, 4984, 4953, 4817] [708, 1187, 1438, 549, 2095, 1009, 2124, 720]
995 559 1744 4.36 [4752, 5668, 5034, 5509, 5245, 5157, 4823, 5597, 5404, 4946] [2001, 1521, 827, 1551, 2395, 1205, 2034, 2491, 908, 1259]
996 1755 1708 2.57 [3094, 3253, 3219, 3265] [676, 776, 2453, 1416]
997 1201 2327 4.49 [2124, 2027, 2159, 2215, 2257] [1556, 2145, 2449, 1918, 989]
998 1191 2419 1.76 [4137, 3900, 3663, 4255, 3939] [741, 1017, 1258, 2011, 681]
999 612 504 1.6 [2765, 3042, 2878, 3165, 3154, 3124] [1137, 2319, 1189, 928, 2404, 1585]
