0 1670 566 3.32 [3317, 3573, 3340, 3184] [500, 501, 502, 503]
1 1838 2160 3.09 [2141, 2227, 2477, 2290, 2126, 2313] [500, 501, 502, 503, 504, 505]
2 2261 784 2.53 [4974, 4835, 4418, 4619, 4341] [500, 501, 502, 503, 504]
3 1904 1120 1.54 [5325, 5521, 5253, 4860] [500, 501, 502, 503]
4 1693 508 1.78 [2589, 2495, 2716, 2784, 2427] [500, 501, 502, 503, 504]
5 1143 1865 2.75 [4276, 4221] [500, 501]
6 1164 2228 4.37 [3580, 3417, 4120, 3781, 3630, 4045, 3869] [500, 501, 502, 503, 504, 505, 506]
7 1847 647 4.43 [3920, 4080, 3907] [500, 501, 502]
8 2369 1731 4.86 [2303, 2164] [500, 501]
9 2153 891 2.66 [3498, 3207, 3118, 3453] [502, 503, 504, 505]
10 1568 865 2.07 [11518, 12834, 12793, 13245, 11559] [503, 504, 505, 506, 507]
11 2092 860 2.39 [3433, 3264, 3675, 3808, 3288, 3518, 3506] [502, 503, 504, 505, 506, 507, 508]
12 996 663 2.62 [2584, 2883, 2856] [504, 505, 506]
13 1515 1879 3.95 [15470, 15316, 15725, 15368, 13989] [507, 508, 509, 510, 511]
14 840 1502 4.6 [5473, 5620, 5676] [506, 508, 509]
15 1215 1603 3.81 [3104, 2875, 3083, 3364, 2833, 2812, 3426, 3166, 2854] [504, 505, 506, 510, 509, 511, 512, 513, 514]
16 603 1216 1.44 [2354, 2340, 2194, 2026, 2179, 2165, 2325, 2201] [502, 505, 506, 507, 508, 510, 511, 512]
17 2389 1415 2.04 [2903, 2845, 3040, 2962, 3187, 2727, 3099, 2786] [505, 510, 511, 512, 513, 514, 515, 516]
18 1161 1767 1.79 [2104, 2221, 2131, 2062, 1863, 2207, 1904, 1980, 2042, 1959] [510, 511, 512, 513, 507, 514, 515, 516, 517, 518]
19 1970 1092 1.19 [15649, 13539, 15796, 14128, 13735, 15305, 14716, 13686, 14373] [511, 512, 513, 514, 515, 516, 517, 518, 519]
20 1718 1320 1.77 [18524, 18128, 20238, 18590, 19579, 18656] [512, 513, 514, 515, 516, 517]
21 696 1901 2.86 [15358, 14435, 14483, 15164, 15407, 14824, 13754, 13949, 14969] [517, 518, 519, 520, 521, 522, 515, 523, 524]
22 1246 737 3.51 [4857, 5054, 4841, 5315] [512, 513, 514, 516]
23 1282 2284 1.8 [9785, 8382, 9815, 8322, 8901, 8718, 8931] [516, 518, 519, 520, 521, 522, 523]
24 1435 1368 3.52 [7278, 7643, 7010, 7351, 7327] [520, 521, 522, 523, 524]
25 1539 2359 2.77 [2572, 2783, 2528, 2642, 2625, 2854] [510, 512, 513, 514, 518, 519]
26 1476 1702 3.76 [3878, 3818, 3564, 3866, 3383, 3721] [518, 519, 520, 522, 521, 523]
27 1351 1975 3.39 [3845, 4356, 4115, 4413, 3888] [524, 525, 526, 527, 528]
28 2016 1312 2.13 [4475, 4396, 4538] [524, 525, 526]
29 695 1638 4.75 [8450, 8754, 7567, 8174] [525, 526, 527, 528]
30 892 1666 2.76 [3907, 4252, 4065, 4195, 4670, 4411, 4714, 4368, 4627, 4685] [525, 526, 527, 528, 529, 530, 531, 532, 533, 534]
31 2064 2078 1.2 [2609, 2599, 2924, 2800, 3105, 2819, 2771, 2943, 2962, 2675] [510, 523, 524, 525, 526, 527, 528, 529, 530, 531]
32 2082 823 4.16 [2091, 2024, 2360, 2270, 2255, 2397] [525, 526, 527, 528, 529, 530]
33 1215 680 3.32 [2885, 2949, 3435, 3149, 3329, 3170] [525, 526, 527, 528, 529, 530]
34 1748 1424 4.95 [6245, 6887, 6352] [529, 530, 531]
35 2184 2189 3.24 [2874, 2757, 2698, 2903, 3040, 2727, 2659, 2747] [527, 528, 529, 530, 531, 532, 533, 534]
36 1810 1798 2.72 [2463, 2374, 2205, 2487, 2640, 2261] [529, 530, 531, 532, 533, 534]
37 1136 2458 1.71 [2046, 2255, 1962, 2018, 2262, 1899, 2060, 2150, 2220, 2074] [510, 524, 527, 528, 529, 525, 530, 531, 532, 533]
38 659 1207 2.97 [7185, 7818, 7745] [531, 532, 533]
39 2472 1458 1.15 [2940, 3016, 2834] [529, 530, 531]
40 813 1551 3.79 [5002, 5459] [532, 533]
41 742 981 3.89 [2335, 2128, 2246, 2298, 2394] [529, 532, 533, 534, 535]
42 2325 702 4.63 [2940, 3019, 2793, 2980, 2823, 2646, 3058, 2744, 3068, 2882] [532, 533, 534, 535, 536, 537, 538, 539, 540, 541]
43 1920 968 3.55 [2019, 2238, 2392, 2158, 2246, 2070, 2107, 2136] [531, 534, 535, 536, 537, 538, 539, 540]
44 642 2484 3.49 [14161, 12665, 12805, 13787, 15002, 12712, 15329, 14535, 13880] [535, 536, 537, 538, 539, 540, 541, 542, 543]
45 1193 2207 3.91 [18912, 20217, 19564, 20869, 18260, 17673] [544, 545, 546, 547, 548, 549]
46 921 760 4.29 [2974, 2592, 2674, 2810] [534, 535, 536, 537]
47 1616 1697 4.5 [4221] [534]
48 511 752 1.23 [1895, 2148, 2011] [505, 514, 520]
49 638 529 3.96 [5523, 5291, 5845] [536, 537, 538]
50 597 1629 3.82 [2361, 2597, 2297, 2219, 2147, 2329, 2447, 2590, 2376, 2487] [534, 539, 540, 541, 542, 543, 544, 545, 546, 547]
51 1960 1246 1.56 [5077, 4969, 5402, 4878, 5041] [539, 535, 540, 541, 542]
52 1069 660 2.24 [18032, 16430] [543, 550]
53 1089 1944 2.34 [4896] [540]
54 1031 1800 4.51 [4074, 3531, 4010] [542, 541, 548]
55 615 1746 1.85 [1997] [530]
56 800 1126 4.37 [12937, 10821, 11699] [550, 551, 552]
57 1557 1870 2.92 [6655, 6142, 5772, 6368, 5731, 5567, 6060, 6327] [549, 551, 552, 553, 554, 544, 555, 556]
58 815 1424 3.81 [5124, 5318, 5494] [551, 552, 553]
59 1461 816 3.37 [2082, 2180, 1992] [538, 539, 542]
60 933 1513 3.62 [4143, 4208, 3961, 3819, 3624, 4039, 3767, 4117, 4195, 3611] [551, 553, 546, 554, 555, 556, 557, 558, 559, 560]
61 613 1437 2.34 [2124, 1913, 2060, 2166, 2236, 2243, 1927, 2201, 2215] [540, 532, 542, 545, 547, 548, 549, 550, 552]
62 573 761 1.04 [2042, 1953, 2145, 2062, 2221, 2104] [508, 513, 522, 530, 542, 539]
63 2377 1855 1.37 [6277, 6876] [553, 554]
64 1433 1376 4.0 [2846, 2940, 3080, 2640, 2930, 2968, 2668] [553, 554, 555, 556, 557, 558, 559]
65 1973 819 1.88 [10764, 10519, 10939, 11288, 11253, 10904, 10275, 11183, 9855] [553, 554, 555, 556, 557, 558, 559, 560, 561]
66 639 1596 1.62 [6718, 6652, 6083, 5996, 6827, 6455, 6543, 6017, 6193, 5908] [554, 555, 556, 557, 558, 559, 560, 561, 562, 563]
67 1430 866 2.47 [5123, 5231, 5195, 5518] [554, 555, 556, 557]
68 1030 817 2.67 [1903, 2044, 2206, 2030, 2129, 2248] [545, 549, 552, 555, 556, 557]
69 1930 2295 2.63 [4468, 4184, 4856, 4811, 4139] [557, 558, 559, 560, 561]
70 2325 2217 4.97 [3262, 3054] [558, 559]
71 2296 2123 2.52 [1930, 2166] [548, 555]
72 2193 1983 3.29 [4085, 3823] [558, 559]
73 2042 1333 4.27 [12298, 10192, 11207, 11245, 11659, 11508, 11847] [561, 562, 563, 564, 565, 566, 567]
74 1509 1924 3.25 [3259, 3062, 3106] [557, 560, 562]
75 1467 1523 2.62 [4735, 4302, 4446, 4590, 3912, 4359, 4388, 4229, 4475] [560, 562, 563, 564, 565, 566, 567, 568, 569]
76 1943 2170 1.74 [3444, 3621, 3291, 3562] [556, 560, 561, 562]
77 2096 2204 3.27 [1866] [560]
78 836 1360 4.08 [2608] [562]
79 1456 1143 1.99 [1937] [553]
80 1891 1502 2.41 [3584, 3619, 3376, 3307, 3133, 3226, 3769] [563, 564, 562, 565, 560, 566, 567]
81 585 788 3.66 [4844, 5281, 5509, 5754] [563, 564, 565, 566]
82 1469 2091 2.41 [7420, 7969, 8119, 7844, 7270, 7694, 8044, 7195, 8219] [567, 568, 569, 570, 571, 572, 573, 574, 575]
83 615 719 3.9 [3651, 3833, 3602, 3639, 3541, 3323] [568, 569, 570, 571, 572, 573]
84 823 1689 4.04 [2279, 2182, 2554, 2481, 2400] [564, 565, 566, 567, 568]
85 1983 2070 3.94 [2219, 2080, 2032] [568, 569, 570]
86 1306 745 4.17 [3412, 3193, 3381, 2859] [568, 569, 570, 571]
87 1506 2175 3.2 [13409, 12251, 14211, 14122, 14612] [570, 571, 572, 573, 574]
88 1848 1755 1.98 [5503, 5857, 5798] [568, 569, 571]
89 2330 1940 3.75 [4176, 4162, 3965, 3994] [569, 572, 573, 574]
90 1981 1939 2.45 [12051, 12467, 12164] [575, 576, 577]
91 906 2142 4.41 [4545] [574]
92 1901 1570 1.75 [6325, 5904] [568, 575]
93 1807 1899 3.42 [4329, 4424, 4248, 4261] [575, 576, 577, 578]
94 2344 1663 2.32 [14018, 14104, 13201, 13330, 12083, 13803, 13932, 12900] [576, 577, 578, 579, 580, 581, 582, 583]
95 996 1268 3.04 [3265, 3212, 3350, 2915, 3021, 2894, 2926] [575, 576, 577, 578, 579, 580, 581]
96 1983 633 2.11 [2824, 2558, 2700, 2602, 2860, 2469] [572, 571, 573, 575, 576, 577]
97 1218 2078 3.56 [15577, 13593, 16321] [579, 580, 581]
98 528 2044 3.59 [7826, 8333, 6864, 7092, 7801, 7041, 7497] [578, 582, 583, 584, 585, 586, 587]
99 995 1474 1.69 [3639, 3651, 3358, 3733, 3265, 3627] [575, 577, 576, 578, 580, 582]
100 2275 2314 3.82 [2300, 1914, 2195, 1921, 2307, 2096, 2132, 2082, 2146] [578, 580, 582, 583, 584, 585, 586, 587, 588]
101 1596 1135 3.31 [6600, 7035, 6370, 6852, 7241, 6668] [582, 583, 584, 585, 586, 587]
102 1230 642 3.83 [14806, 13902, 14949, 14521, 13140] [588, 589, 590, 591, 592]
103 2429 1017 2.26 [4819, 4574, 4688, 4525, 4557, 4982, 5047] [583, 584, 585, 586, 587, 588, 589]
104 846 2234 4.04 [1986, 2180, 1920, 1873, 1940, 1886] [584, 585, 586, 587, 588, 589]
105 1895 1809 1.2 [5119, 5594, 5558, 5576, 5101, 4991, 5996, 5265, 5338, 5466] [584, 585, 586, 587, 588, 589, 590, 591, 592, 593]
106 2054 1247 4.91 [2627, 2897] [584, 585]
107 2486 2145 1.29 [3147, 3038] [554, 563]
108 1004 1406 3.73 [8249, 7661, 8142, 8356, 7688, 7288, 8062, 7928, 8329, 8436] [590, 591, 592, 593, 594, 595, 596, 597, 598, 599]
109 1193 1457 1.23 [4600, 4616, 4416, 4953, 4662, 5030] [584, 586, 587, 588, 589, 591]
110 2404 502 4.57 [3171, 3058, 2865, 3283, 3324, 3313, 3262, 2895, 2997, 3028] [589, 593, 594, 595, 596, 597, 598, 599, 600, 601]
111 1157 1892 2.37 [2462, 2891] [586, 587]
112 1026 1393 3.19 [2712, 2771, 2763] [592, 593, 594]
113 508 1528 3.57 [4244, 3911, 4535, 4258, 4382, 4355] [593, 594, 595, 596, 597, 598]
114 750 840 2.37 [2651, 2802, 2567, 2896, 2999, 2820, 2877, 2614] [586, 593, 587, 594, 595, 596, 597, 598]
115 535 2260 3.04 [4296, 3863, 3905, 4212, 4338, 4492, 4436, 4045, 4282] [593, 594, 595, 596, 597, 598, 599, 600, 601]
116 1115 597 1.67 [3254, 3442, 3390, 2825, 3138, 3107, 3097] [594, 595, 596, 569, 597, 598, 599]
117 1744 1664 3.56 [5382] [599]
118 2397 2232 4.89 [4359, 4167, 4536, 4462, 4551] [600, 601, 602, 603, 604]
119 1956 1491 2.37 [3020, 3154, 3340, 3165] [594, 595, 596, 597]
120 574 2277 4.86 [3883, 3998, 4070] [600, 601, 602]
121 1057 999 2.96 [7386] [600]
122 1427 1257 3.51 [6129, 6069, 6387] [601, 602, 603]
123 918 1916 1.12 [7764, 7238, 7644] [595, 598, 599]
124 1738 2478 2.54 [19284, 17613, 18577] [603, 604, 605]
125 1860 2451 4.1 [2308, 2549, 2613, 2188, 2404, 2637, 2180, 2348] [600, 601, 602, 604, 605, 606, 607, 608]
126 637 660 2.72 [3208, 3099] [599, 602]
127 1640 2441 4.77 [17811, 17427, 20502] [606, 607, 609]
128 967 1875 1.21 [3552, 3497, 3595, 2973, 3235] [579, 590, 593, 547, 575]
129 2240 1255 3.06 [3153, 2979, 2777, 2835, 2758, 3143, 2603, 2941, 2931, 3114] [602, 604, 605, 608, 610, 611, 612, 613, 614, 615]
130 1453 965 2.51 [4382, 4075, 4507, 4005, 4354, 4242, 3796, 3810, 4047] [604, 605, 608, 610, 611, 612, 613, 614, 615]
131 1694 2306 2.25 [5012, 5227, 5872] [605, 608, 610]
132 1513 692 1.89 [7089] [608]
133 1125 2366 1.03 [15944, 15335, 17550, 18103, 17439, 16221, 15114, 15391, 16941] [608, 610, 611, 612, 613, 614, 615, 616, 617]
134 2296 2268 1.92 [1858, 2111, 1981, 2084, 2146, 2015, 2139, 2159, 2235] [559, 592, 583, 594, 596, 597, 598, 602, 603]
135 1801 2182 3.5 [13814, 12364, 13473, 11511, 14027, 13302, 11853, 12279] [610, 611, 612, 613, 614, 615, 616, 617]
136 2483 2464 4.84 [2643, 2328, 2392, 2538, 2231, 2408, 2255, 2295, 2376] [605, 608, 611, 612, 613, 614, 615, 616, 617]
137 1596 1175 2.21 [5772, 5477, 4998, 5920, 5053, 5237, 5422, 5883, 5791, 5219] [608, 613, 616, 617, 618, 619, 620, 621, 622, 623]
138 824 601 1.44 [3185, 3296, 3135] [607, 608, 611]
139 2230 1727 1.24 [4844, 5291] [615, 616]
140 980 1939 3.69 [2033, 1969, 1926, 2161, 1962, 2303, 2282, 2005] [616, 617, 618, 619, 620, 621, 622, 623]
141 1666 2130 4.42 [5039, 4634, 4439, 4698, 4990, 4488, 4682] [618, 619, 620, 621, 622, 623, 624]
142 1962 978 4.36 [2671, 2740, 2483, 2723, 2466, 2414, 2543, 2337] [618, 619, 620, 621, 622, 623, 624, 625]
143 1389 759 2.02 [3663, 3125, 3428, 3540, 3573, 3596] [617, 616, 618, 619, 620, 621]
144 2153 1085 4.88 [5486, 5307, 5864, 5091, 5414, 5900, 5666, 4965, 5145] [618, 619, 620, 621, 622, 623, 624, 625, 626]
145 601 827 3.73 [2930, 3182] [618, 619]
146 1985 958 1.45 [2801] [606]
147 1359 1316 3.82 [5765, 4886] [624, 622]
148 1368 1127 1.89 [2025, 2011, 2081, 2157, 2122, 2074, 2248] [604, 610, 614, 620, 621, 623, 624]
149 540 2452 4.72 [4280, 4249, 4827, 4358] [625, 626, 627, 628]
150 2426 1746 2.29 [2695, 2740, 2926, 2597, 2766] [620, 621, 623, 624, 625]
151 2238 601 3.19 [5261, 5484, 5316, 5595, 5521, 5688, 6097, 5818, 5539, 5428] [625, 626, 627, 628, 629, 630, 631, 632, 633, 634]
152 1349 1163 1.91 [4160, 3836, 3822, 4484, 4428, 4245, 4216, 3948, 4625] [623, 624, 625, 626, 627, 628, 629, 630, 631]
153 1418 2045 2.91 [2350, 2444, 2693] [625, 626, 627]
154 1822 1950 1.43 [5349, 4979, 5419] [625, 626, 627]
155 1260 1750 1.65 [9680] [627]
156 1459 995 3.69 [2442, 2381] [626, 627]
157 999 1514 1.7 [2041, 2269, 2092] [588, 620, 602]
158 658 1449 4.22 [1897, 2229] [627, 628]
159 1933 2069 1.25 [13999, 12916, 11876, 13349, 14129, 13306, 12266, 13739] [628, 629, 630, 631, 632, 633, 634, 635]
160 2065 2275 1.81 [8408, 8331, 8075, 7998, 7511, 7178, 7767, 7357, 7434, 7229] [628, 629, 630, 631, 632, 633, 634, 635, 636, 637]
161 1526 1605 2.75 [2458, 2656, 2466, 2532, 2507, 2615, 2384, 2573, 2714] [628, 629, 630, 631, 632, 633, 634, 635, 636]
162 2070 501 2.05 [2702, 3025, 2897, 2829, 2907] [629, 630, 631, 632, 633]
163 658 1109 4.09 [2544, 2168, 2145] [629, 630, 631]
164 1269 1796 1.97 [2579] [626]
165 2204 1020 2.6 [7915, 7890] [630, 632]
166 1038 1984 2.37 [6263, 6834, 5933, 6966, 6329, 6241, 6351] [629, 631, 632, 633, 634, 635, 636]
167 995 536 4.71 [2220, 2277, 2351, 2466] [633, 634, 635, 636]
168 729 2348 4.9 [9360, 9512] [636, 637]
169 2477 1631 2.62 [5592, 5977, 5997, 6018, 6565, 6443] [634, 635, 637, 638, 639, 640]
170 1362 1710 4.38 [8653] [638]
171 1231 1182 3.41 [1984, 2031] [633, 635]
172 1676 1548 2.76 [2136, 1955, 2283, 2053, 2241, 1913, 1997, 1934] [634, 633, 635, 636, 637, 638, 639, 640]
173 786 1932 2.07 [6854, 6495, 6411, 6748, 6010] [637, 638, 639, 640, 641]
174 1868 694 4.55 [3278, 3668, 3055, 3445] [638, 639, 640, 641]
175 1387 740 2.96 [2398, 2091, 2293, 2039, 2031, 2271] [635, 638, 639, 640, 641, 642]
176 1914 1483 4.65 [4714, 4697, 4984, 4883, 5406] [639, 640, 641, 642, 643]
177 624 2232 4.28 [4308, 4380, 4539, 4222, 4322, 3890, 4409, 4150, 4020, 4351] [639, 640, 641, 642, 643, 644, 645, 646, 647, 648]
178 2180 2236 2.07 [8247, 8801, 9325, 9005, 8101, 7985, 8218, 8014, 8742, 8480] [641, 642, 643, 644, 645, 646, 647, 648, 649, 650]
179 1159 2050 1.49 [3552, 3112, 3529] [638, 629, 641]
180 1603 568 3.65 [9387, 9026, 9617, 10109, 10700, 10372, 9485, 10043, 10733, 9124] [642, 643, 644, 645, 646, 647, 648, 649, 650, 651]
181 2081 1439 3.59 [2284, 2067, 2161, 2320, 2147] [644, 645, 646, 647, 648]
182 2184 2113 1.37 [2136, 2114, 2072, 2093, 2306, 2207] [565, 591, 597, 607, 612, 618]
183 820 1263 4.25 [5221] [648]
184 2165 2229 2.53 [2553] [644]
185 699 602 4.68 [6179, 6076, 6651, 6466, 5543, 6138] [649, 650, 651, 652, 653, 654]
186 1362 520 2.13 [1944, 2274, 2282, 2038, 2253, 2131, 2325] [628, 644, 645, 646, 647, 649, 650]
187 883 1568 1.13 [4214, 4781, 4856, 4348, 4811, 4423, 4722, 4408, 4647] [644, 645, 646, 647, 649, 650, 651, 652, 653]
188 2472 1611 3.08 [3292, 3245] [651, 652]
189 959 2221 1.01 [4652] [644]
190 1343 1148 2.1 [4717, 4444, 4487, 4343, 4185, 4401, 4588, 3941] [651, 645, 647, 652, 646, 653, 654, 655]
191 2044 2252 2.27 [3980, 3966, 3926, 4127, 4394, 3806, 4287, 3993] [651, 652, 653, 654, 655, 656, 657, 658]
192 1896 1070 1.61 [12474, 14545, 14453] [652, 653, 654]
193 1223 999 4.91 [2279, 1905, 2148, 2044, 1912, 2065, 1947, 2134, 1885, 2231] [652, 653, 654, 655, 656, 657, 658, 659, 660, 661]
194 2024 1500 1.38 [10761, 10492, 9416, 9584, 10526, 9887, 9786, 9214, 10660] [653, 654, 655, 656, 657, 658, 659, 660, 661]
195 2053 1619 1.82 [3221, 3582, 3374, 3593, 3308, 3199, 3276, 3560] [649, 655, 656, 657, 658, 659, 660, 661]
196 2284 2250 3.37 [3362, 3618, 3451, 3607, 3250, 3630] [655, 656, 657, 658, 659, 660]
197 1624 1218 1.88 [5453, 5354, 4608, 5437, 5420] [655, 656, 657, 658, 659]
198 658 1137 2.75 [2811, 2888, 2897, 2916, 2620, 2830, 2878, 2725] [655, 656, 657, 658, 659, 660, 661, 662]
199 2042 820 3.55 [3882, 4032, 4264] [655, 656, 657]
200 1937 1319 4.49 [6295, 6723, 6520, 6678, 7197] [658, 659, 660, 661, 662]
201 1711 2377 3.68 [1911, 2239, 2176, 2197, 1918, 1890, 2058] [655, 656, 657, 659, 660, 661, 662]
202 2495 1384 1.75 [4289] [656]
203 1284 1552 4.67 [2567, 2473, 2284] [660, 661, 662]
204 1402 1725 3.6 [3558, 3642, 3679, 3958, 3630, 3946, 3849] [662, 663, 664, 665, 666, 667, 668]
205 580 1005 2.78 [4094, 3736, 3974] [661, 662, 663]
206 2295 1412 2.2 [2289, 2472, 2576, 2400, 2305, 2233, 2568, 2624] [652, 657, 662, 663, 664, 665, 666, 667]
207 613 1357 2.24 [2828, 2628] [662, 663]
208 2146 2064 1.97 [10037, 9046, 10070, 9871] [663, 664, 665, 666]
209 2469 723 1.79 [5223, 5730, 6031, 5392, 5975] [663, 664, 665, 666, 667]
210 2199 634 3.83 [2657, 2592, 2341, 2455, 2398, 2293] [663, 664, 665, 666, 667, 668]
211 1109 594 4.15 [3428, 3538, 3373, 3119, 3251, 3483, 3626, 2987, 3406] [663, 664, 665, 666, 667, 668, 669, 670, 671]
212 2428 2417 1.75 [8222, 8652, 9368, 8938, 9225, 9253] [664, 665, 666, 667, 668, 669]
213 575 690 2.64 [3469] [663]
214 2489 625 2.33 [2166, 2195, 2210, 2325, 1979] [662, 664, 665, 666, 650]
215 1048 1354 4.16 [3211, 2968, 2936, 3390, 3316, 3242, 2957, 3274, 3411] [667, 668, 669, 670, 671, 672, 673, 674, 675]
216 1661 2090 4.91 [17258, 17641, 15074, 16439, 17750, 15838, 15784] [672, 673, 674, 675, 676, 677, 678]
217 689 1680 3.51 [5067, 4540, 5098, 4494] [668, 667, 669, 670]
218 2019 2369 3.28 [11003, 11444, 11123, 12287, 12368, 12167, 12127, 11765, 12890, 12970] [669, 670, 671, 679, 680, 681, 682, 683, 684, 685]
219 1917 1504 4.63 [2117, 1921, 2103, 2076, 2211, 2002, 2198, 1969] [668, 664, 670, 671, 674, 676, 677, 678]
220 963 1285 3.05 [4605, 4683, 5121, 4276, 4871, 4761, 4698, 4792, 4839] [671, 679, 680, 678, 681, 682, 683, 684, 685]
221 1912 1451 2.01 [4806, 4732] [670, 671]
222 1564 2246 3.99 [11633, 10940, 11962, 10868, 11597, 11451, 10831] [683, 679, 686, 680, 687, 682, 681]
223 549 2459 4.11 [2563, 2390, 2554, 2658] [677, 684, 685, 686]
224 1559 2131 3.79 [5286, 5318, 5138, 4793, 4892, 4481] [684, 685, 686, 687, 688, 689]
225 1132 728 4.26 [3288, 3022, 3192, 3001, 3107] [686, 684, 687, 688, 689]
226 843 831 3.44 [2162, 2020, 1959, 2209] [666, 665, 668, 685]
227 1177 1818 1.41 [2568, 2676, 2810, 2577, 2595, 2944] [637, 643, 654, 660, 675, 685]
228 1349 568 2.86 [3274, 3306, 2967, 3062, 3030, 3126, 3295, 2861, 3369, 3051] [687, 688, 689, 690, 691, 692, 693, 694, 695, 696]
229 1125 553 3.23 [5931, 5383, 5755, 5696, 6225, 6029, 6401, 6303] [688, 689, 690, 691, 692, 693, 694, 695]
230 2499 1064 4.77 [3257] [688]
231 1283 1922 3.0 [3220, 3634, 3646] [687, 688, 689]
232 809 1466 4.61 [2178, 2500, 2454, 2239, 2124, 2109, 2339, 2086] [688, 689, 690, 691, 692, 693, 694, 695]
233 2484 2043 1.8 [5473, 5402, 5208, 5296, 4855] [689, 690, 691, 692, 693]
234 2456 868 4.23 [4912, 4714, 5340, 4796, 4631, 5043, 4829] [690, 691, 692, 693, 694, 695, 696]
235 2064 2042 1.42 [2819, 3031, 2745] [686, 689, 690]
236 2347 1103 3.37 [2899, 2629, 2619, 2796, 2545, 2778] [690, 691, 692, 693, 694, 695]
237 1542 1690 3.04 [7093, 6939, 6873] [691, 693, 694]
238 1968 2401 2.44 [9710] [695]
239 1468 856 2.11 [4812, 4561, 4595] [690, 692, 694]
240 2051 2423 1.16 [8752, 8421, 9504, 9323, 8632, 9594, 9895, 8180, 8271, 8902] [692, 696, 697, 698, 699, 700, 701, 702, 703, 704]
241 1917 1240 2.69 [8191, 8432, 8459, 8137, 8406, 7681, 7546, 8486, 8164, 7466] [696, 697, 698, 699, 700, 701, 702, 703, 704, 705]
242 2006 1262 3.41 [3031, 3002, 3088, 2868, 2639] [696, 697, 698, 699, 700]
243 2050 2063 4.73 [5138, 5271, 5238, 5105, 4804, 5021] [696, 697, 698, 699, 700, 701]
244 1392 1062 2.14 [2168, 2073, 2148, 2202, 1972, 2229, 2188] [689, 690, 695, 697, 696, 698, 699]
245 1696 1846 1.31 [6750, 6495, 7306, 6332, 6541, 7260, 7167] [697, 698, 699, 700, 701, 702, 703]
246 916 1167 2.32 [7379, 6632, 6745, 7221, 6972, 6270, 6202] [697, 698, 699, 700, 701, 702, 703]
247 2122 743 2.45 [7533, 7388, 7848, 7727] [701, 702, 703, 704]
248 1716 1531 1.08 [3845, 3692, 3768] [699, 700, 702]
249 1687 1998 4.81 [2518, 2727, 2937, 2554, 2673] [702, 703, 704, 705, 706]
250 701 1232 2.59 [5820, 6562, 6402, 6321, 6101] [704, 705, 706, 707, 708]
251 942 2371 3.59 [2121, 1898, 1925, 1864, 1959, 2074, 2013, 2155, 2006, 1831] [702, 703, 704, 705, 706, 707, 708, 709, 710, 711]
252 1513 1051 3.14 [6117, 6196, 6037, 5998, 5760, 6473, 6216, 6334, 5661] [705, 706, 707, 708, 709, 710, 711, 712, 713]
253 935 2492 3.22 [3393, 3480] [704, 705]
254 2388 920 1.52 [2105, 1912, 1898, 2119, 1988, 2064, 2188, 2222] [621, 619, 623, 627, 640, 659, 676, 686]
255 2098 1458 1.14 [2139, 2250, 2258] [561, 564, 578]
256 539 1695 4.31 [4929, 5063, 4896, 5263, 5046, 4511, 5246, 4578, 5347, 4779] [706, 707, 708, 709, 710, 711, 712, 713, 714, 715]
257 1736 999 2.45 [10567, 9652, 10668] [707, 708, 709]
258 1438 2075 3.53 [3487] [705]
259 2411 1819 4.05 [11625, 11129, 11093, 10774, 9676, 9711, 10703, 10314, 10455] [710, 711, 712, 713, 714, 715, 716, 717, 718]
260 1450 954 4.58 [2882, 2701, 2485, 2512, 2584, 2458, 2927, 2449, 2837] [706, 708, 709, 712, 713, 714, 715, 716, 717]
261 604 2103 2.77 [5378, 5843, 5521, 5039, 5468, 4896, 5771, 5271, 4985] [714, 715, 716, 709, 717, 718, 719, 720, 721]
262 1994 815 3.37 [2796, 2564] [706, 707]
263 2438 2423 2.87 [4891] [716]
264 2048 1525 4.71 [4030, 3802, 4177] [717, 718, 719]
265 1741 1017 4.05 [3362, 3444, 3574, 3715] [716, 718, 719, 720]
266 964 2265 1.34 [2871, 3043, 3123] [700, 702, 703]
267 551 1348 4.24 [2586, 2328, 2287, 2461, 2361, 2453, 2719] [714, 715, 717, 718, 719, 720, 721]
268 2196 1009 2.87 [2461] [711]
269 2173 1542 4.52 [8319, 9917, 9525] [719, 720, 721]
270 1516 913 1.69 [9305, 8320, 9160, 9537, 8030, 8146, 8783, 8378, 8957] [721, 720, 722, 723, 724, 725, 726, 727, 728]
271 1686 1222 4.11 [4116] [722]
272 1735 942 4.34 [2186, 2170, 2254, 2483, 2262, 2292, 2361, 2377, 2399] [721, 722, 723, 724, 725, 726, 727, 728, 729]
273 1162 784 2.44 [11463, 11253, 9541, 9436, 11114, 10764] [722, 723, 724, 725, 726, 727]
274 961 745 3.5 [2256, 2035, 2083, 1993] [722, 723, 724, 713]
275 1560 1364 4.42 [2021, 1865, 1919, 1851] [722, 723, 724, 725]
276 1939 1052 1.24 [10368, 11096, 9778, 11339, 11373, 10957, 11304, 9362] [722, 723, 724, 725, 726, 727, 728, 729]
277 632 880 4.44 [3542, 3517, 3922, 3358, 3493, 3346, 3407, 3309, 3382] [723, 724, 725, 726, 727, 728, 729, 730, 731]
278 1996 1275 2.52 [3819, 3807, 3420, 3432, 3532] [725, 726, 724, 727, 728]
279 730 1302 3.09 [16518, 14737, 15763, 16356, 16950, 15871] [729, 730, 731, 732, 733, 734]
280 1391 1410 1.55 [2481, 2537, 2239, 2594] [721, 725, 688, 726]
281 1812 1766 4.23 [8401, 8747, 8891, 8458, 7910, 7794, 8545, 8660] [728, 730, 732, 731, 733, 734, 735, 736]
282 1795 1343 3.14 [5824, 5939, 5213, 6187] [735, 736, 734, 737]
283 1584 502 4.83 [2836, 2771, 3021, 2567, 2753, 2975] [733, 735, 736, 737, 738, 739]
284 1297 623 4.13 [4316, 4162, 4285, 4979, 4717, 4362, 4455] [735, 736, 737, 738, 739, 740, 741]
285 2214 849 3.87 [3062, 3397, 3364, 3241, 3632, 3274] [732, 735, 737, 736, 738, 739]
286 1757 909 4.9 [2174, 2247, 2050, 2152, 2094, 2393, 2218, 2378] [727, 729, 737, 738, 739, 740, 741, 742]
287 1930 2454 4.9 [2516, 2698, 2394, 2403, 2472] [737, 738, 739, 740, 741]
288 1524 1853 1.69 [2311, 2270, 2460] [726, 737, 738]
289 2331 1168 3.0 [6292, 6503, 5870, 6672, 6187, 6905, 6461, 5722] [738, 739, 740, 741, 742, 743, 744, 745]
290 1407 1552 3.65 [3887, 3642, 3531, 3960, 3777] [740, 741, 742, 743, 744]
291 2018 1772 2.09 [12308, 11478, 11968, 10269, 11855, 11629, 10194, 10571, 10836] [740, 741, 742, 743, 744, 745, 746, 747, 748]
292 1850 2023 1.56 [1909, 1998] [653, 710]
293 2109 903 4.82 [2305, 2459, 2386, 2491, 2612, 2524] [737, 739, 742, 743, 744, 745]
294 2296 922 2.79 [8025, 8050, 6994, 6700, 7780, 7289] [743, 744, 742, 745, 746, 747]
295 1437 765 2.37 [6655, 5975, 6570] [745, 746, 747]
296 1426 2339 4.2 [4696, 4183] [746, 747]
297 810 1050 1.54 [3062, 2811, 2765, 2839, 2802, 2672, 3025, 2904, 2737, 2727] [738, 743, 744, 745, 746, 747, 748, 749, 750, 751]
298 1585 2288 4.06 [16663, 16929] [748, 749]
299 540 2359 2.01 [2804, 2446] [745, 746]
300 1739 1027 1.43 [12949, 11202] [747, 749]
301 2451 872 3.9 [4688, 4961, 4807, 5389, 5475, 5611, 5458] [750, 751, 752, 753, 754, 755, 756]
302 2232 1699 1.9 [4152, 4251, 4096, 4011, 4490, 4265] [746, 749, 750, 751, 752, 753]
303 1798 840 4.99 [2455, 2616, 2411, 2696, 2857] [750, 751, 752, 753, 754]
304 2223 1425 3.81 [8380, 7670, 7775, 7486, 8537, 7592, 7513, 8012, 7355] [750, 751, 752, 753, 754, 755, 756, 757, 758]
305 581 1178 4.24 [8012, 7440, 6818, 7639, 6992] [755, 754, 752, 756, 757]
306 1490 1328 3.69 [3621, 3633, 3344, 3957] [750, 751, 753, 755]
307 1983 1768 1.64 [2086, 2106, 2187, 2053, 2160] [743, 746, 748, 750, 751]
308 2059 1043 3.87 [1974, 2022, 1852, 1838, 1866, 1934, 1981, 2233, 1906, 2111] [750, 751, 753, 756, 757, 758, 759, 760, 761, 762]
309 898 614 1.21 [13580] [757]
310 2225 1342 1.04 [2953, 2874, 2893, 2735, 2745, 3071, 2844, 3180, 3140] [753, 658, 756, 632, 687, 757, 758, 759, 760]
311 1311 1297 2.97 [6960, 6169, 7157] [758, 759, 760]
312 728 1061 2.94 [3585, 4101, 3817, 3804] [757, 758, 759, 760]
313 999 542 1.75 [2102, 2316] [753, 756]
314 1581 2397 4.3 [4743, 5056, 5212, 5421, 4726, 5230, 5143, 4900, 4691] [758, 759, 760, 761, 762, 763, 764, 765, 766]
315 1072 2382 4.58 [2627, 2432, 2368, 2441, 2303, 2400, 2635, 2230, 2287] [759, 760, 761, 762, 763, 764, 765, 766, 767]
316 1741 881 3.38 [4120, 4341, 4003, 3973, 4032, 4606, 4826, 4562] [759, 760, 761, 762, 763, 764, 765, 766]
317 1063 683 3.97 [2852, 2816, 2764, 2561, 2825, 2860, 2482, 2464, 2658] [759, 761, 762, 763, 764, 765, 766, 767, 768]
318 852 2371 3.17 [4085, 4248, 3880, 4003, 3962, 4234, 3676, 3785] [761, 762, 763, 764, 765, 766, 767, 768]
319 1018 997 3.94 [2798, 3083, 2808] [761, 762, 763]
320 1307 1317 1.1 [4711, 4741] [758, 760]
321 1663 1458 2.63 [3000, 3345, 3081] [761, 762, 763]
322 590 1134 1.92 [2651, 2333, 2626, 2385, 2582, 2436, 2600, 2789, 2505] [763, 764, 765, 766, 767, 768, 769, 770, 771]
323 1672 1240 1.89 [15124, 17543, 17048, 17213, 15234, 16389, 15014, 15784, 17653] [767, 768, 769, 770, 771, 772, 773, 774, 775]
324 1042 2106 3.19 [18696, 19892, 19829, 18318] [769, 771, 772, 770]
325 624 662 2.49 [2334, 2488, 2458] [763, 764, 765]
326 1222 799 1.82 [3114, 3373, 2942, 3502] [764, 765, 766, 767]
327 751 1493 1.16 [2203, 2366, 2084, 2069, 2024, 2106, 2433, 2441] [631, 691, 600, 603, 596, 669, 756, 758]
328 761 981 4.05 [5967, 5834, 5513, 6155, 5230, 6004, 5910, 5891, 5853] [767, 768, 773, 774, 775, 776, 777, 778, 779]
329 1382 1790 4.1 [2873, 2727, 2974] [766, 768, 773]
330 1180 1796 1.43 [5469, 5431, 5679, 5909, 6004, 5851, 5813, 5832, 5450] [764, 765, 766, 773, 774, 775, 776, 777, 778]
331 1799 855 2.24 [6826, 6181, 7293, 6582, 7226, 6204, 6092] [773, 774, 775, 776, 777, 778, 779]
332 553 582 2.86 [5732, 5276, 5136, 5767, 5662, 5083, 5504, 5679] [774, 775, 776, 777, 778, 779, 780, 781]
333 1197 1972 4.27 [7386, 7361, 8032, 7013, 7485, 8107] [776, 777, 778, 779, 780, 781]
334 1975 1725 4.37 [5123, 5674, 5052, 5835] [780, 781, 782, 783]
335 1432 718 3.57 [2185, 2350, 2078, 2214, 2278, 2221] [773, 779, 780, 781, 782, 783]
336 1279 509 4.5 [2374] [780]
337 1382 788 2.48 [11628, 12038, 11963] [782, 783, 784]
338 2070 2329 4.57 [2592, 2228, 2617, 2657] [781, 780, 782, 783]
339 2071 583 1.13 [3648, 3600, 3780, 3612, 3588, 3684, 3936, 3456] [768, 772, 773, 774, 775, 776, 779, 767]
340 1510 590 3.14 [6674, 7936, 7426, 7596, 6844, 6989, 6577, 6552, 7790] [782, 784, 783, 785, 786, 787, 788, 789, 790]
341 2493 1854 3.4 [3436, 3545, 2965, 3479, 3097, 3020, 3293, 3458, 3053] [784, 785, 786, 787, 788, 789, 790, 791, 792]
342 564 1408 4.75 [5105, 5496, 4868, 4902, 5462, 5021, 5445, 5546, 4817] [784, 785, 786, 787, 788, 789, 790, 791, 792]
343 879 662 4.64 [7669, 7243, 6892, 6917, 7468] [785, 786, 787, 788, 789]
344 1635 534 1.93 [6338, 5826, 6040, 6189, 6659, 5805, 6787, 6509, 6488] [790, 786, 791, 792, 793, 794, 795, 796, 797]
345 2035 728 2.08 [5608, 5719, 5756] [790, 791, 792]
346 1231 936 3.44 [7110, 8027, 6912, 7482, 8151] [791, 792, 793, 794, 795]
347 908 1981 2.31 [2382, 2587, 2422] [782, 784, 787]
348 581 1028 4.01 [10574, 9900, 10237] [793, 794, 795]
349 700 772 1.27 [3842, 4009, 4137, 3636, 3687] [779, 787, 788, 789, 790]
350 1394 708 1.35 [3247, 3213, 3573, 3472, 3427] [781, 788, 789, 790, 791]
351 1479 1557 2.67 [10597, 10060, 10740, 11098, 11743] [796, 797, 798, 799, 800]
352 782 1880 1.94 [3271, 3369, 3141, 3217, 3293, 3402, 3076] [791, 792, 793, 794, 795, 796, 797]
353 1383 1250 3.43 [3484, 3869, 3792, 3921, 3651, 4062, 3741, 4178] [793, 794, 796, 797, 798, 799, 800, 801]
354 2466 891 4.59 [7127, 7018, 6865, 6733, 6318] [796, 797, 798, 799, 800]
355 843 2270 1.84 [5787, 6445, 6146, 5528, 5508, 6545] [795, 798, 799, 800, 801, 802]
356 933 2141 1.61 [3348, 4040, 3719, 3855, 3521, 4003, 3496] [792, 796, 797, 798, 799, 800, 801]
357 1586 1917 4.78 [2743, 2762, 3144] [801, 802, 803]
358 787 544 3.3 [4695, 4966, 5322, 5169, 4796, 4881, 5084, 5068, 5152] [801, 802, 803, 804, 805, 806, 807, 808, 809]
359 1660 1805 3.04 [3635, 3887, 4152, 3648, 3938] [801, 802, 803, 804, 805]
360 701 997 2.57 [2806] [798]
361 1686 1822 1.26 [5199, 5056, 4705] [799, 800, 801]
362 1209 560 4.51 [5716, 4942, 5681, 4854, 5118, 5101] [802, 801, 803, 804, 805, 806]
363 603 2189 4.49 [2189, 2228, 2150, 2382, 2197] [802, 803, 804, 805, 806]
364 1742 1158 1.34 [7598, 6866, 7446, 7345, 7270, 7572, 7118, 7547, 7421, 7522] [802, 803, 804, 805, 806, 807, 808, 809, 810, 811]
365 1334 1744 3.29 [6669, 7284, 7449, 7473, 7780, 7662, 6740] [804, 805, 806, 807, 808, 809, 810]
366 811 979 2.59 [3436, 3097, 3282, 3381, 3075, 3184, 3414, 3392, 3009, 3479] [803, 804, 806, 807, 808, 809, 810, 811, 812, 813]
367 1241 1184 5.0 [2274, 2230, 2194] [807, 808, 809]
368 643 2291 1.38 [2115] [764]
369 840 2092 1.38 [8969, 8212, 8268, 8240, 7652, 8380] [807, 808, 809, 810, 811, 812]
370 1597 1797 1.78 [2619, 2602] [790, 806]
371 2148 1922 2.32 [4036, 4324, 4238, 3892, 3979, 3993, 4152] [807, 808, 809, 810, 811, 812, 813]
372 1218 791 3.78 [2426, 2395, 2365, 2510, 2304, 2174, 2288, 2205, 2487] [810, 811, 812, 813, 814, 815, 816, 817, 818]
373 615 1269 2.05 [2554, 2582, 2777, 2991, 2694, 2749] [807, 808, 809, 810, 811, 812]
374 1856 1103 3.58 [3475, 3606, 3310, 3212, 3562] [810, 811, 812, 813, 814]
375 2390 2494 2.51 [11377] [811]
376 2012 2313 4.08 [7043, 7425, 7616, 7473, 6733, 6613, 7544, 6661] [812, 813, 814, 815, 816, 817, 818, 819]
377 685 2094 4.96 [5233, 5504, 5436] [813, 814, 815]
378 690 2338 4.0 [4336, 5140, 4257, 4415, 4794, 5109, 4730, 4526] [814, 815, 816, 817, 818, 819, 820, 821]
379 1049 2386 4.24 [2440, 2186, 2337, 2369, 2218, 2520] [810, 812, 815, 816, 817, 818]
380 1779 2458 3.86 [2252, 2153, 1947, 1962, 2330, 2096, 1919] [816, 817, 818, 819, 820, 821, 822]
381 679 1666 1.54 [2716, 3068, 3116, 2735, 2668, 2649, 2592, 3078, 2830] [805, 811, 812, 816, 813, 817, 818, 819, 820]
382 2062 2097 1.22 [2915] [770]
383 964 864 1.84 [4245, 4074, 4192, 3995, 4324, 3745, 3627, 3653, 3588] [816, 817, 818, 819, 820, 821, 822, 823, 824]
384 1633 1661 1.42 [2836, 2707, 2670, 2551] [816, 778, 794, 800]
385 2030 2098 3.37 [3505, 3898, 3430, 4037, 3809, 3518, 3721, 3581, 3657] [816, 817, 819, 820, 821, 822, 823, 824, 825]
386 845 2063 3.25 [10500, 9558, 9087] [820, 821, 822]
387 2216 1902 1.84 [17114, 15741, 15952, 15160, 14896, 16480, 15318] [822, 823, 824, 825, 826, 827, 828]
388 618 2154 4.56 [2469, 2198, 2454, 2402, 2093, 2176, 2386, 2447] [819, 818, 820, 821, 822, 823, 824, 825]
389 1957 893 3.28 [3273, 3228, 3082, 3531, 3553, 3374, 3396] [821, 823, 824, 825, 826, 827, 828]
390 1417 2459 1.68 [14691, 14538] [823, 824]
391 2056 1207 3.32 [4590, 4770, 4123, 4214, 4334, 4785, 4078, 4349, 4710] [825, 826, 827, 828, 829, 830, 831, 832, 833]
392 1318 2092 1.49 [6396, 6375, 6544, 6818, 6290, 6797, 6121] [819, 825, 826, 827, 828, 829, 830]
393 2101 872 1.15 [5561, 5385, 6109, 5953, 5835, 5816, 6070] [823, 824, 825, 826, 827, 828, 829]
394 836 2253 2.18 [4328] [826]
395 543 1702 3.4 [3531] [826]
396 1052 1246 4.36 [6144, 6501, 6211, 6837, 6278] [827, 828, 829, 830, 831]
397 690 914 1.89 [4080, 3780, 4210, 4158, 3819] [829, 830, 831, 832, 833]
398 523 2125 3.98 [2957] [829]
399 2476 968 4.41 [7417, 8391, 8608, 8851] [830, 831, 832, 833]
400 2018 971 2.99 [2362, 2471, 2646, 2429, 2512, 2370, 2420] [826, 829, 831, 832, 833, 834, 835]
401 2419 632 2.0 [2532, 2337] [825, 829]
402 1635 2079 2.03 [4622, 4830, 4117, 4444, 4518, 4191] [829, 832, 833, 834, 835, 836]
403 2140 2053 1.82 [3045] [831]
404 617 909 2.6 [2108, 2252, 2191, 2427, 2404, 2465] [832, 833, 834, 835, 836, 837]
405 1346 1951 2.09 [4789, 4756, 5155, 5138, 5171, 5038, 5304, 4806, 5454, 4656] [832, 833, 834, 835, 836, 837, 838, 839, 840, 841]
406 793 1960 2.95 [7053, 6426, 6837, 6253, 6404, 6015, 6966, 6469] [834, 835, 836, 837, 838, 839, 840, 841]
407 1679 2462 2.3 [2158, 2025, 2098, 1911, 2091] [830, 832, 833, 817, 834]
408 2059 638 3.88 [3437] [834]
409 1102 788 4.99 [2391, 2808, 2539, 2765, 2626, 2635, 2513, 2426, 2643] [834, 835, 836, 837, 838, 839, 840, 841, 842]
410 2007 1247 3.2 [3458, 3107, 3359, 3206, 3468, 3414, 3129, 3173, 3031, 3567] [834, 835, 836, 837, 838, 839, 840, 841, 842, 843]
411 1538 1489 4.89 [14108, 14155, 13968, 13456, 13410, 15319, 15226, 13317] [842, 843, 844, 845, 846, 847, 848, 849]
412 675 1101 1.84 [2385, 2350, 2677, 2669, 2479] [834, 835, 836, 837, 838]
413 1487 1491 3.15 [3855, 4279, 3802, 3882] [835, 836, 837, 838]
414 2238 1956 3.63 [7846, 7466, 7792, 7439, 7602, 7927] [838, 839, 840, 841, 844, 845]
415 1617 927 2.49 [4813, 4843, 4338, 4442, 4055, 4575, 4664, 4234, 4605] [836, 837, 839, 840, 841, 843, 846, 847, 848]
416 2487 2266 4.91 [13035, 11114, 12095, 11850, 11155, 12871, 11972] [850, 851, 852, 853, 854, 855, 856]
417 1151 2372 1.79 [2279, 2265, 2142, 1990] [835, 837, 815, 777]
418 1800 1084 3.43 [2847, 2857, 2949, 2773] [839, 841, 846, 847]
419 962 1700 4.09 [11654, 12313, 12972, 13096, 12684, 11902, 13384, 13178, 12643, 12519] [857, 858, 859, 860, 861, 862, 863, 864, 865, 866]
420 1680 1959 2.9 [3305, 3340, 3528, 3587, 3481] [846, 848, 849, 850, 851]
421 1007 1718 3.28 [10721, 10394, 10902, 9849, 9812, 10466, 11775, 10612] [851, 852, 853, 854, 855, 856, 857, 858]
422 1621 2021 4.25 [20202, 19503, 17534, 18423, 19630, 17661, 18487, 19058] [867, 868, 869, 870, 871, 872, 873, 874]
423 1916 826 1.72 [2978] [837]
424 2003 1234 2.42 [11274, 11979, 12808, 11315, 12144, 13098, 12559, 12849, 11896, 11937] [859, 860, 861, 862, 863, 864, 865, 866, 875, 876]
425 1479 2166 3.8 [18363, 17967, 19684, 21534, 19750, 19090, 20345, 19222, 18033] [875, 876, 877, 878, 879, 880, 881, 882, 883]
426 2193 2433 2.81 [1928, 2183, 2148, 1971, 2098, 2325, 2297] [840, 842, 843, 849, 850, 854, 852]
427 1622 1541 2.07 [4542, 3905, 4307, 3947, 3822, 3739, 3864, 3933, 4528, 4404] [849, 850, 857, 858, 859, 860, 861, 862, 863, 864]
428 2329 2373 2.73 [3406, 3416, 3052, 3124, 2812, 3426, 3041] [849, 850, 859, 860, 861, 862, 865]
429 1539 947 2.51 [2567, 2489, 2465, 2200, 2161, 2145, 2153, 2317, 2520] [856, 854, 858, 853, 845, 862, 863, 865, 866]
430 1161 1642 2.33 [4639, 4523, 5340, 5057, 5090, 5023, 4689, 4656] [866, 867, 868, 869, 870, 871, 872, 873]
431 763 1561 1.2 [3587, 4064, 3574, 3638, 3909, 3819, 3651] [847, 864, 848, 855, 857, 868, 869]
432 741 1401 3.11 [4003, 3779, 3740, 4319, 4201, 4227, 4056] [872, 874, 877, 878, 879, 880, 881]
433 1940 2140 4.64 [2448, 2050, 2418, 2440, 2125, 2237, 2170, 2395, 2403, 2350] [877, 870, 879, 880, 873, 882, 881, 883, 884, 885]
434 620 1362 2.11 [8817, 8733, 9124, 7589, 8315, 7617] [883, 884, 885, 882, 886, 887]
435 1716 2163 3.08 [2094, 2073, 2128, 1984, 2005] [869, 874, 884, 885, 886]
436 1426 1568 2.52 [3392, 3030, 3102, 2906, 3278, 2937] [884, 885, 886, 887, 888, 889]
437 1342 2096 3.1 [13081, 13266, 12619, 15114, 13589, 14514, 14791] [884, 885, 886, 887, 888, 889, 890]
438 1677 522 4.25 [2083] [884]
439 940 1937 1.83 [2612, 2594] [871, 884]
440 1417 1356 1.97 [3324, 3418, 3116, 2981] [885, 886, 887, 888]
441 644 849 3.59 [2286, 2229, 2159, 2131, 2116, 2314] [885, 886, 887, 888, 889, 890]
442 1384 1199 1.87 [2701, 3186, 3148, 2982, 2817, 2914, 3041, 3118, 3196, 3177] [886, 887, 888, 889, 890, 891, 892, 893, 894, 895]
443 1989 2236 4.95 [7672] [890]
444 1395 1392 4.35 [7650, 7442, 7546, 7859, 7520, 8535] [889, 891, 892, 893, 894, 895]
445 2029 1602 2.74 [3104, 2838, 2691, 3064, 2770, 2868, 3113] [886, 887, 888, 891, 892, 893, 894]
446 1595 1000 4.14 [2160, 2341, 2168, 2349, 2137, 2207, 2506, 2270, 2482, 2176] [888, 891, 892, 893, 894, 895, 896, 897, 898, 899]
447 1740 500 3.57 [2097, 2128, 2359, 2289, 2351, 2451, 2235, 2390] [888, 891, 892, 893, 894, 895, 896, 897]
448 645 1927 4.48 [5438, 5455, 5296, 4890, 5155] [891, 892, 893, 894, 895]
449 1064 716 1.69 [6701, 7084, 6408, 6362, 7220] [891, 892, 894, 895, 896]
450 1548 1503 3.11 [2345, 2242] [893, 896]
451 2011 2304 1.69 [5004, 5800, 5729, 5163] [896, 897, 898, 899]
452 1568 2408 2.76 [3898, 3964, 3977, 3937, 3674, 4161] [896, 897, 898, 899, 900, 901]
453 1990 1447 2.04 [2293, 2180, 2032, 2046, 2208, 2004, 2300, 2201] [878, 888, 895, 896, 897, 844, 898, 899]
454 1711 894 2.53 [2263, 2505, 2287, 2513, 2239, 2538] [896, 897, 898, 899, 900, 901]
455 1219 1664 3.45 [4938, 4529, 4302, 4287, 4226] [896, 897, 898, 899, 900]
456 2066 2302 1.51 [2178, 2142, 2055, 2199, 2344, 2250] [784, 792, 769, 806, 865, 822]
457 1068 2140 2.95 [3411, 3328, 3225, 3028, 2986, 3048, 3214, 2955, 3110, 3131] [896, 897, 898, 899, 900, 901, 902, 903, 904, 905]
458 2452 1846 1.85 [2166, 2363, 2061, 2476, 2408, 2174, 2068] [896, 897, 898, 899, 900, 901, 902]
459 2116 1372 3.42 [4862, 4987, 5881, 5845] [897, 898, 899, 900]
460 1166 1837 2.36 [1978, 2180, 1937, 2145, 2228, 1985, 2013] [898, 899, 900, 901, 902, 903, 904]
461 1307 1195 1.06 [2620, 2322, 2556, 2612] [771, 689, 730, 791]
462 2467 1079 2.47 [3231] [898]
463 2306 2352 4.04 [6093, 5903] [900, 901]
464 1439 2365 4.08 [2968, 2479, 2669, 2950, 2796, 2841, 2886] [901, 902, 903, 904, 905, 906, 907]
465 848 933 2.07 [2039, 1963, 2122, 2164] [899, 900, 901, 902]
466 1477 2129 1.5 [4822, 5032, 4774, 4597, 4935] [901, 902, 903, 904, 905]
467 1024 2018 1.29 [5168, 4666, 5265, 4634, 5282, 4877, 4763, 4439, 4407, 4925] [901, 902, 903, 904, 905, 906, 907, 908, 909, 910]
468 1224 1586 1.63 [14143, 15076, 15420, 15027, 14045] [902, 903, 904, 905, 906]
469 1611 1399 3.99 [13125, 12432, 11699, 13247, 11209, 12840, 12188, 12677, 12595, 13329] [906, 907, 908, 909, 910, 911, 912, 913, 914, 915]
470 1572 1926 1.84 [17763] [903]
471 1761 716 4.64 [3946, 3827, 4251, 3999] [902, 904, 905, 907]
472 2075 2463 4.46 [2294, 1993, 2301, 2081, 2030, 2213, 2147] [902, 901, 904, 905, 907, 908, 909]
473 1827 2451 1.4 [2379, 2247, 2330, 2668, 2594, 2586, 2677, 2644, 2578] [859, 867, 897, 903, 904, 905, 906, 907, 908]
474 1646 1007 2.72 [11566, 10707, 11527, 11879, 12660, 11293, 11801, 11058] [908, 909, 910, 911, 912, 913, 914, 915]
475 991 1888 3.52 [4161, 4374, 4303, 4089, 4531] [910, 911, 912, 913, 914]
476 2151 1616 2.16 [4927, 4616, 5205, 4501, 4419, 4714, 5058, 4583] [915, 916, 917, 918, 919, 920, 921, 922]
477 857 2406 2.88 [2176, 2002, 2143, 1809, 1989, 1909, 1902] [905, 915, 916, 917, 918, 919, 920]
478 948 2051 2.57 [6844, 6917, 6722, 7940] [916, 917, 918, 919]
479 2232 963 4.35 [5074] [916]
480 979 1698 2.4 [10566, 10792, 12145, 12258, 11017, 11769] [916, 917, 918, 919, 920, 921]
481 995 795 3.81 [12638, 12108, 11048, 11782, 12190, 11007, 13413, 11701] [920, 921, 922, 923, 924, 925, 926, 927]
482 2282 1950 2.66 [6309, 6133, 6507, 6858, 6397, 6045, 6726, 6573, 6419] [916, 917, 918, 919, 922, 923, 924, 925, 926]
483 573 1908 1.11 [7947, 8565, 8404, 7518, 8269, 7491, 8779] [917, 918, 919, 920, 921, 922, 923]
484 1843 2440 4.75 [3147] [922]
485 855 1524 2.1 [2836, 2707, 2796, 2786, 2677, 2905, 3262] [917, 918, 919, 922, 923, 924, 925]
486 1610 2157 1.05 [2843, 3072, 2753, 2703, 3102, 2713, 3062, 2733] [797, 904, 793, 835, 913, 846, 917, 880]
487 674 1496 4.44 [7628, 7445, 8254, 8516, 8019, 7392, 7288, 7053, 7366] [927, 925, 928, 929, 930, 931, 932, 926, 933]
488 2400 2098 4.38 [2387, 2141, 2007, 2208, 2327, 2112, 2357, 2349, 2342, 2067] [923, 924, 927, 928, 929, 930, 931, 932, 933, 934]
489 2329 2474 2.99 [2953, 2891, 2880, 2817, 2849, 2995, 3381, 3078, 3099] [923, 924, 927, 928, 929, 930, 931, 932, 933]
490 2415 547 3.21 [2130, 2047, 1895, 2081, 1867, 1992] [924, 928, 929, 930, 931, 932]
491 2043 852 3.49 [2496, 2231, 2169] [928, 929, 930]
492 857 1432 2.45 [2058, 2367, 2109, 2338] [917, 928, 918, 929]
493 1425 869 3.76 [6741, 5808, 6782, 6222, 5663, 5974, 6679, 5683, 6720] [930, 928, 931, 929, 932, 933, 934, 935, 936]
494 1537 670 4.8 [2117, 2056, 2043, 1838, 1940, 1988, 1859, 2179, 1968] [931, 932, 933, 934, 935, 936, 937, 938, 939]
495 669 798 1.71 [2138, 2011] [921, 923]
496 1826 2329 4.75 [10329, 11109, 11852, 11927, 10255] [934, 935, 936, 937, 938]
497 2133 1299 4.07 [2252, 2388, 2358] [932, 933, 935]
498 2387 2320 3.53 [9761] [938]
499 1369 784 3.91 [4596, 4245, 4498, 4357, 4273, 4301] [937, 939, 940, 941, 942, 943]
500 1802 2015 1.72 [2362, 2518, 2337, 2492, 2630, 2785, 2604, 2526, 2690, 2811] [924, 930, 927, 931, 933, 934, 935, 936, 937, 938]
501 899 766 2.37 [2481] [937]
502 1086 608 3.92 [6059, 6015, 6503, 6370, 7036] [939, 940, 941, 942, 943]
503 2351 2313 3.75 [9183, 9275, 9000, 8695, 9336, 9030, 9488] [939, 940, 941, 942, 943, 944, 945]
504 1003 1708 1.05 [3723, 3992, 3467, 3736, 3531, 3685, 4030, 3775] [936, 937, 939, 940, 941, 942, 943, 944]
505 2262 1849 2.67 [2302, 2352] [939, 940]
506 2015 1726 4.04 [1993, 2215, 2093, 2122, 2000] [940, 941, 942, 943, 944]
507 1490 2404 3.59 [2951, 2761, 2676, 2790] [941, 942, 944, 945]
508 1654 606 3.2 [8843, 9282, 8609, 8902] [944, 945, 946, 947]
509 1956 2406 4.77 [8818, 9949, 10627, 9690, 9141, 9271, 9432] [946, 947, 948, 949, 950, 951, 952]
510 1720 2383 1.14 [3052, 3411, 3153, 3041, 3221] [939, 940, 943, 942, 944]
511 1999 1148 4.95 [4508, 4652, 4263, 4738, 4162, 3946] [945, 946, 947, 948, 949, 950]
512 2178 1325 2.79 [2638, 2676, 2864, 2761, 2987, 2808, 2817, 2591] [944, 948, 949, 950, 951, 952, 953, 946]
513 2044 707 3.28 [4885] [948]
514 1002 1424 4.53 [2177, 2093, 2156, 2205, 2191, 2114, 2260, 1996, 2267, 1892] [949, 950, 951, 952, 953, 954, 955, 956, 957, 958]
515 1762 2231 2.08 [5745] [949]
516 1013 1171 2.16 [4271, 4777, 4435, 4896, 4792, 4286, 4836, 4405] [950, 951, 952, 953, 954, 955, 956, 957]
517 1924 2245 2.86 [4072, 3476, 3613, 3911, 3625, 3749, 3936, 4084, 3464] [951, 950, 952, 953, 954, 955, 956, 957, 958]
518 1763 2378 3.19 [2266, 2545, 2225, 2512, 2348, 2438, 2380, 2405, 2421] [951, 952, 953, 954, 955, 956, 957, 958, 959]
519 1824 786 2.72 [4223, 4029, 4197, 4236, 3731] [953, 954, 955, 956, 957]
520 1429 758 4.65 [6654, 5514, 5575, 6125, 5860, 5881, 5759, 6166] [953, 954, 955, 956, 957, 958, 959, 960]
521 1613 1571 1.73 [6186, 6532, 5779, 6613, 6003, 6430] [953, 954, 955, 956, 957, 958]
522 1587 1923 1.78 [3320, 3366, 3574] [951, 952, 954]
523 790 2109 4.34 [2451, 2410, 2643, 2563, 2627, 2427] [955, 957, 958, 959, 960, 961]
524 1678 1381 2.6 [2850, 3035, 3113, 3064, 3142, 2831] [954, 956, 958, 959, 960, 961]
525 1864 936 3.21 [2506, 2515, 2410, 2558, 2602, 2532] [958, 959, 960, 961, 962, 963]
526 1305 1912 3.84 [2653, 2808, 2817, 3039, 2663] [959, 960, 961, 962, 963]
527 729 724 1.25 [2909, 3071, 3232, 3293, 2940, 2859, 2879, 2970] [943, 944, 955, 958, 959, 960, 961, 962]
528 1493 1095 2.65 [2835, 2918, 2624, 2688, 2486, 2817] [959, 960, 961, 962, 963, 964]
529 1447 1525 3.93 [2196, 2301, 2126] [959, 960, 961]
530 1883 1256 3.45 [4580] [961]
531 1275 1702 5.0 [2498, 2618, 2806, 2430, 2635, 2318, 2626, 2643] [960, 961, 962, 963, 964, 965, 966, 967]
532 2180 702 1.29 [2384, 2168, 2408, 2312, 2433, 2473, 2304] [893, 814, 900, 906, 934, 949, 952]
533 2352 763 1.03 [3277, 3694, 3649] [958, 959, 961]
534 1915 883 1.05 [4106, 4828, 4543] [959, 961, 962]
535 2233 854 3.69 [2751, 2822, 2964] [962, 963, 964]
536 1018 899 3.78 [2840, 2895, 2941, 2767, 2739, 2968, 2648, 2629] [962, 963, 964, 965, 966, 967, 968, 969]
537 551 2193 4.19 [5023] [962]
538 2409 951 4.32 [2430, 2213, 2123, 2198, 2385, 2070] [963, 964, 965, 966, 967, 968]
539 1324 2097 4.13 [4441, 5028, 4885, 5218, 4679] [963, 964, 965, 966, 967]
540 1995 611 2.73 [2709, 2545, 2372, 2314, 2248, 2347, 2396, 2578, 2421, 2643] [962, 963, 964, 961, 965, 966, 967, 968, 969, 970]
541 524 669 4.38 [3140, 2905, 3151, 3204] [964, 965, 966, 967]
542 2049 1895 1.75 [4958, 4610, 4716, 4746, 4232, 4278, 4172, 4761, 4247] [965, 966, 967, 968, 969, 970, 971, 972, 973]
543 879 1927 1.61 [9746] [965]
544 2469 1031 1.26 [2149, 2285, 2157, 2052, 2382, 2172, 2435, 2472, 2194, 2300] [744, 910, 869, 749, 963, 876, 964, 965, 894, 947]
545 724 1960 2.99 [10014, 11609, 12165, 11683] [968, 969, 970, 971]
546 1038 1563 3.15 [4020, 3407] [966, 967]
547 2216 1971 4.63 [6582, 6268] [968, 969]
548 1564 806 4.33 [2463, 2219, 2512, 2487, 2479, 2357, 2528, 2447, 2292] [969, 970, 971, 972, 973, 974, 975, 976, 977]
549 1416 983 1.42 [2809] [966]
550 953 1098 3.36 [2190, 2265] [970, 971]
551 2452 1883 1.19 [2308, 2202, 2495, 2316, 2446, 2438] [899, 753, 964, 909, 967, 968]
552 955 2199 2.94 [2961, 2911, 2951, 3139, 2861, 2851, 2792, 2702, 2762] [970, 971, 972, 973, 974, 975, 976, 977, 978]
553 1643 1700 1.5 [2679, 3088, 2841, 2717, 2879] [970, 971, 972, 973, 974]
554 967 527 2.09 [6082, 6147, 7026, 6784, 7004, 7201, 6960, 6104, 6828] [970, 971, 972, 973, 974, 975, 976, 977, 978]
555 1002 652 3.12 [17914, 16981, 19158, 17043, 17230, 19718, 19034, 19842] [974, 972, 975, 973, 976, 977, 978, 979]
556 2379 1138 3.59 [4740, 4799, 4549, 4300, 4270, 4491, 4285, 4681, 4652, 4725] [978, 979, 980, 981, 982, 983, 984, 985, 986, 987]
557 2064 1293 4.03 [2262, 2506, 2499, 2147, 2109, 2338, 2208, 2086] [971, 976, 979, 980, 981, 982, 983, 984]
558 1961 652 4.41 [5405, 5422, 5111] [980, 981, 982]
559 1391 702 2.02 [2453] [970]
560 1943 1767 2.9 [3321, 3888, 3779, 3514, 3816, 3490, 3453] [979, 980, 981, 982, 983, 984, 985]
561 560 2028 2.44 [3786, 3520, 4090, 3824, 3862, 3976] [980, 981, 982, 983, 984, 985]
562 797 1970 2.23 [4251, 4352, 4367, 3932] [980, 981, 982, 983]
563 1207 932 1.9 [3520, 4107, 3903, 3826] [977, 980, 981, 982]
564 1222 1738 3.89 [3664] [981]
565 1030 991 2.46 [7980] [983]
566 943 641 1.89 [2506, 2644, 2212, 2522, 2546, 2400, 2530] [974, 975, 980, 982, 983, 984, 985]
567 1802 2198 4.8 [5978, 6523, 6038] [984, 985, 986]
568 2108 2397 2.11 [14130, 15524, 15620, 14370, 14178, 14515, 14995, 14611, 14274, 15139] [986, 987, 988, 989, 990, 991, 992, 993, 994, 995]
569 900 1789 1.49 [3627] [980]
570 2354 1422 1.14 [2099, 2061, 2368, 2211, 2391, 2383] [630, 671, 957, 690, 963, 967]
571 1466 1703 3.24 [14339, 12457, 13667, 12502, 13756, 12636, 13891, 12860, 14652] [987, 988, 989, 990, 991, 992, 993, 994, 995]
572 539 1101 3.01 [2026, 2144] [982, 983]
573 1907 1542 1.95 [2803, 3166, 2813, 3384, 3229, 2948, 3291] [983, 984, 985, 986, 988, 989, 990]
574 788 2416 2.51 [4518, 4174, 4532, 4215, 3871] [984, 985, 986, 988, 989]
575 2290 2383 4.17 [2653, 2548, 2580, 2467, 2596, 2556] [985, 990, 991, 992, 993, 994]
576 1475 1172 2.88 [7705, 8544, 8308] [996, 997, 998]
577 701 899 3.23 [2235, 2228, 2212, 2404, 2082, 2374, 2443] [983, 988, 989, 990, 991, 992, 993]
578 1456 1483 4.79 [1925, 2260] [992, 994]
579 548 582 2.67 [2757, 2677, 2730, 2784] [995, 991, 996, 997]
580 504 1116 2.21 [6653, 5480, 6350, 5622, 6572, 5986, 5682, 6087, 5460] [996, 995, 997, 998, 999, 1000, 1001, 1002, 1003]
581 1131 799 4.91 [13324, 15014, 14965] [999, 1000, 1001]
582 1087 2155 3.66 [2675, 2701, 2525] [996, 997, 998]
583 1770 868 4.83 [2043] [996]
584 544 2382 4.18 [2559, 2888, 2719, 2657, 2692, 2924, 2407, 2550, 2728] [996, 997, 998, 999, 1000, 1001, 1002, 1003, 1004]
585 1220 2237 3.28 [2144, 1967, 2243, 1988, 2115, 2038, 2045, 2130, 2306] [996, 986, 997, 994, 998, 999, 1002, 1003, 1004]
586 2206 662 3.97 [2204, 2114, 2444, 2106, 2392, 2256, 2475] [996, 997, 998, 1002, 1003, 1004, 1005]
587 1108 1935 1.8 [2037, 2171, 1950, 1843, 1917, 2111, 1823, 1964, 2024] [971, 982, 980, 984, 987, 990, 993, 996, 997]
588 950 1510 2.84 [5116, 5245, 5910, 6076, 5467, 5356, 5670, 5042, 5208] [998, 1002, 1003, 1004, 1005, 1006, 1007, 1008, 1009]
589 1193 657 1.98 [2146, 1991, 2382, 2168, 2161, 2058, 2279, 2176, 2006] [996, 997, 998, 1002, 1003, 1004, 1005, 1006, 1007]
590 1558 1859 2.2 [2149, 2424, 2260, 2357, 2364, 2379, 2283] [997, 998, 1002, 1003, 1004, 1005, 1006]
591 1395 2200 4.86 [7540] [1002]
592 730 812 3.0 [6016, 6603, 6896, 5953, 6058, 6687] [1003, 1004, 1005, 1006, 1007, 1008]
593 750 1120 3.87 [8534, 8764, 8879, 8477, 9051, 8046, 7988, 9310, 9253] [1005, 1006, 1007, 1008, 1009, 1010, 1011, 1012, 1013]
594 1043 2275 3.43 [4176, 3794] [1003, 1004]
595 1509 1863 2.9 [2000, 1888, 1895, 2084, 2223, 2077, 2272, 2160, 2153] [1004, 1005, 1006, 1007, 1008, 1009, 1010, 1011, 1012]
596 1023 1322 1.6 [1970, 2202, 2108, 2355, 1977, 2122] [997, 1004, 1005, 1006, 1007, 1008]
597 1473 829 1.95 [2522, 2319] [1006, 1007]
598 1116 1978 1.87 [2404] [1006]
599 1409 661 3.39 [2217, 2185, 2351, 2414, 2406, 2501, 2154] [1007, 1008, 1009, 1010, 1011, 1012, 1013]
600 1538 2068 3.5 [3133] [1008]
601 780 1057 2.72 [3190, 3659, 3536, 3369] [1009, 1010, 1011, 1012]
602 2424 766 4.91 [2197, 2293, 2115, 2063, 2301, 2360, 2367, 2145, 2123, 2397] [1009, 1010, 1011, 1012, 1013, 1014, 1015, 1016, 1017, 1018]
603 2245 1098 1.62 [3107] [1007]
604 971 1279 2.38 [3536, 3513, 3525] [1009, 1010, 1011]
605 2197 2132 1.5 [2348, 2108, 2417, 2216, 2270, 2239, 2294, 2379, 2487] [1006, 1004, 1008, 1009, 1010, 1011, 1012, 1013, 1014]
606 2301 900 3.18 [2606, 2767, 3089, 3022, 2587, 2909] [1010, 1011, 1012, 1013, 1014, 1015]
607 1399 687 3.19 [9480, 8768, 10386, 10095, 10548, 9771, 9448, 9351, 10483, 8865] [1013, 1014, 1015, 1016, 1017, 1018, 1019, 1020, 1021, 1022]
608 1016 1559 2.18 [2182, 2033, 2147, 2324, 2069, 2104] [1009, 1010, 1011, 1012, 1014, 1015]
609 1789 1919 1.45 [6009, 6665, 5804, 5660, 6235, 6029, 5824] [1011, 1012, 1014, 1010, 1015, 1016, 1017]
610 850 2119 3.91 [3473, 3219, 3166, 3367, 3325, 3176, 3155, 3409] [1014, 1015, 1016, 1017, 1018, 1019, 1020, 1021]
611 1516 2323 3.47 [3158, 3198, 2939] [1014, 1015, 1016]
612 1032 1965 3.41 [2714, 2609, 2895] [1014, 1016, 1017]
613 827 1795 4.68 [2424, 2547, 2587] [1016, 1017, 1018]
614 937 2003 4.54 [2555, 2587, 2383] [1017, 1018, 1019]
615 2129 2100 4.22 [8355, 8122, 7188, 8044, 8381, 7032, 7862] [1019, 1020, 1021, 1022, 1023, 1024, 1025]
616 1999 1378 3.38 [2115, 2336] [1015, 1018]
617 1967 2354 3.1 [2270, 2277, 2313, 2114, 2015, 2008, 2334, 2058, 2228] [1018, 1019, 1020, 1021, 1022, 1023, 1024, 1025, 1026]
618 685 1229 1.28 [6751, 6978, 7046, 6842, 6321] [1020, 1021, 1022, 1023, 1024]
619 1588 2135 2.84 [2395] [1020]
620 2203 1059 1.88 [2214, 2393] [1016, 1018]
621 1636 1134 4.93 [4709, 4917, 5525, 4900, 5386, 5004, 5039, 4848, 4969] [1023, 1024, 1025, 1026, 1027, 1028, 1029, 1030, 1031]
622 1382 1249 1.88 [2189, 2197, 2336, 2491, 2220, 2313, 2406, 2228] [1019, 1021, 1022, 1023, 1024, 1025, 1026, 1027]
623 2217 1768 1.66 [4143, 4311, 4372, 4648, 4908, 4128, 4464, 4388] [1022, 1023, 1024, 1025, 1026, 1027, 1028, 1029]
624 2265 1296 4.9 [6091, 6271, 6383] [1026, 1027, 1028]
625 2190 604 3.17 [2340, 2573, 2668, 2435, 2496, 2461] [1022, 1023, 1024, 1025, 1026, 1027]
626 2008 1961 3.26 [5615, 5580, 4843] [1026, 1027, 1028]
627 1671 1751 2.67 [2299, 2397, 2217, 2479, 2430, 2684, 2495, 2487] [1023, 1024, 1025, 1028, 1029, 1030, 1031, 1032]
628 2409 1339 2.98 [3036, 2960, 2638, 2609, 2733, 2723, 2619, 3065, 3008] [1028, 1029, 1030, 1031, 1032, 1033, 1034, 1035, 1036]
629 1065 1957 4.82 [4395, 4409, 4479] [1029, 1030, 1031]
630 2337 1349 2.02 [5512, 6118, 5247] [1029, 1030, 1031]
631 749 1593 3.78 [2861, 2780, 3063, 3174, 2810, 2931, 2992] [1029, 1030, 1031, 1032, 1033, 1034, 1035]
632 1719 715 4.76 [4486, 4655, 4516, 4777, 4624, 4808, 5023] [1032, 1033, 1034, 1035, 1036, 1037, 1038]
633 2380 2442 1.67 [5701] [1030]
634 1139 1075 3.86 [2886, 2914] [1031, 1032]
635 1302 1138 3.34 [2384, 2277] [1029, 1032]
636 2196 1365 4.46 [2981, 3500, 3522, 3191, 3224, 3566, 3533, 3346, 3301, 3544] [1032, 1033, 1034, 1035, 1036, 1037, 1038, 1039, 1040, 1041]
637 1649 2328 4.25 [2229, 1875, 2147, 1977, 2038, 2140, 1896, 1937, 2161] [1032, 1033, 1034, 1035, 1036, 1037, 1038, 1039, 1040]
638 1987 1743 1.85 [6135, 6687] [1033, 1034]
639 1365 723 3.03 [5776, 5381, 5075, 5398, 5309] [1033, 1034, 1035, 1036, 1037]
640 1750 1756 1.17 [4423, 5133] [1025, 1030]
641 1743 1943 1.71 [3144, 3318, 3154, 2898] [1027, 1031, 1032, 1028]
642 1486 2362 4.28 [2747, 2703, 2869, 2764, 2457, 2378, 2554, 2729, 2641] [1035, 1036, 1037, 1038, 1039, 1040, 1041, 1042, 1043]
643 757 1482 1.45 [3979, 4244, 4700, 4082, 4332, 4804, 4037] [1033, 1035, 1036, 1034, 1037, 1038, 1039]
644 1802 2161 4.8 [6702, 6659, 6530, 6273, 6552, 7003, 5950] [1038, 1039, 1040, 1041, 1042, 1043, 1044]
645 1937 537 1.31 [19339, 16713, 16653, 19160, 19100, 18921, 19518, 18145] [1039, 1040, 1041, 1042, 1043, 1044, 1045, 1046]
646 909 2024 3.04 [2283, 2290, 2172, 2200, 1949, 1942, 2228, 2026] [1036, 1037, 1040, 1041, 1042, 1043, 1044, 1045]
647 797 1513 4.62 [12104, 12972, 12775, 12223, 11631, 12380, 10882, 10646, 12578] [1045, 1046, 1047, 1048, 1049, 1050, 1051, 1052, 1053]
648 1297 1060 3.85 [6495, 5983] [1042, 1043]
649 800 2413 1.88 [4859, 4532, 5023, 4729, 5105, 5187] [1037, 1041, 1044, 1045, 1046, 1047]
650 679 645 4.64 [2793, 3118, 2655, 2695, 2813, 3196, 2852, 3078] [1044, 1047, 1048, 1049, 1050, 1051, 1052, 1053]
651 2068 955 3.41 [9117, 9181, 10285, 9559, 8770, 9906, 9685, 8739, 9780, 9370] [1048, 1049, 1052, 1051, 1054, 1055, 1056, 1057, 1058, 1059]
652 832 1905 3.38 [2224, 2431] [1044, 1047]
653 1867 1604 1.79 [2901, 3079, 2929, 3032, 3070, 2591] [1040, 1041, 1044, 1046, 1047, 1032]
654 1936 2358 3.44 [2640, 2535, 2447, 2860, 2403, 2491, 2632, 2790] [1050, 1053, 1054, 1055, 1056, 1057, 1058, 1059]
655 1603 919 2.96 [8294, 8568, 8871, 8963, 8689] [1054, 1055, 1056, 1057, 1058]
656 1844 2153 3.55 [2588, 2680, 2801, 2829, 2634] [1050, 1053, 1054, 1055, 1056]
657 515 1977 3.82 [5469, 5939, 5743, 5292, 6076, 5978, 6174, 5959, 6037, 5900] [1054, 1056, 1057, 1055, 1058, 1059, 1060, 1061, 1062, 1063]
658 2323 522 3.52 [3185, 2729, 2748, 2996, 3264] [1050, 1057, 1059, 1060, 1061]
659 1827 702 1.75 [5303, 5157, 4620] [1053, 1059, 1058]
660 1143 1934 1.64 [6542, 6835, 6605, 6187] [1059, 1060, 1061, 1062]
661 873 1650 3.48 [7528, 7552] [1060, 1061]
662 2223 1024 1.6 [5119, 4974, 4522, 4909] [1060, 1061, 1062, 1063]
663 1023 1857 2.89 [2797, 2788, 2902, 3064, 2893] [1060, 1061, 1062, 1063, 1064]
664 1450 1144 2.45 [9399, 8064] [1062, 1063]
665 2236 1845 4.53 [3795, 3586, 3967, 3869, 4028, 3488, 3734, 3930, 4041, 3685] [1062, 1063, 1064, 1065, 1066, 1067, 1068, 1069, 1070, 1071]
666 529 1270 2.56 [3911, 3799, 3849, 4085, 3687, 4060] [1060, 1061, 1062, 1063, 1064, 1065]
667 946 1356 1.76 [3333, 3698, 3139, 3253, 3082, 3539] [1054, 1063, 1059, 1064, 1065, 1066]
668 698 2452 2.34 [3800, 4345, 4146, 3614, 4226, 3707, 4279, 3827, 3920] [1064, 1065, 1066, 1067, 1068, 1069, 1070, 1071, 1072]
669 860 2162 3.71 [2609, 3082] [1064, 1065]
670 2190 1836 2.07 [4504, 3976, 4032, 3795, 3851, 4518, 4143, 4421, 4018] [1064, 1065, 1066, 1067, 1068, 1069, 1070, 1071, 1072]
671 1098 2192 1.2 [2284, 2401] [976, 1021]
672 807 1146 3.75 [2231, 2329, 2516, 2361, 2434, 2508, 2679] [1064, 1065, 1066, 1067, 1068, 1069, 1070]
673 1530 2100 2.46 [11674, 10568] [1066, 1065]
674 2418 849 4.99 [6432, 6328, 6099, 5703] [1067, 1068, 1069, 1070]
675 597 1679 4.86 [3344, 3255, 3222, 3355, 3630, 3310] [1064, 1066, 1067, 1068, 1069, 1070]
676 1143 1597 1.96 [8978, 10761, 10365, 10035] [1071, 1072, 1073, 1074]
677 1036 1122 4.69 [4264, 3991] [1071, 1072]
678 2011 1200 3.62 [5766, 6193, 6278, 6770, 7004, 6791, 6342, 6150, 5787, 5937] [1071, 1072, 1073, 1074, 1075, 1076, 1077, 1078, 1079, 1080]
679 2154 1927 3.96 [2956, 3224, 3193, 2914, 3162, 3400, 3276, 3038, 3173] [1072, 1073, 1074, 1075, 1076, 1077, 1078, 1079, 1080]
680 2264 937 4.15 [4304, 3896, 3923, 4114, 3814, 3950, 4141, 4155, 3869, 3828] [1073, 1074, 1075, 1076, 1077, 1078, 1079, 1080, 1081, 1082]
681 1037 1575 1.53 [4893, 4590, 4984] [1063, 1067, 1068]
682 2371 1805 4.41 [7174, 6602, 7484] [1075, 1076, 1077]
683 1896 1979 2.55 [4989, 5093, 5127, 5075] [1073, 1074, 1075, 1076]
684 1192 1096 3.66 [2127] [1070]
685 1996 536 4.32 [3081, 2790, 3211, 3261] [1073, 1074, 1077, 1078]
686 1599 1531 1.02 [2288] [656]
687 1471 862 4.13 [2898, 2809, 2658, 2622, 2400, 2542, 2693, 2427, 2551] [1078, 1079, 1080, 1081, 1082, 1083, 1084, 1085, 1086]
688 626 1793 3.69 [2544, 2745, 2469, 2310] [1078, 1079, 1080, 1072]
689 1556 1822 3.69 [2669, 2900, 2785, 2501, 2598, 2820, 2829, 2474, 2572, 2811] [1078, 1079, 1080, 1081, 1082, 1083, 1084, 1085, 1086, 1087]
690 2401 1146 4.86 [4516] [1081]
691 1262 1390 2.37 [4184, 4535] [1079, 1080]
692 847 1288 3.68 [3053, 2790, 3083] [1081, 1082, 1083]
693 1551 1594 2.04 [13456, 13796, 13584, 12136] [1081, 1082, 1083, 1084]
694 2132 1826 4.04 [3286, 3000, 3472, 3242] [1082, 1083, 1084, 1085]
695 2317 732 4.12 [8086, 8783, 8253] [1084, 1085, 1086]
696 2189 2496 2.27 [3256] [1079]
697 1795 1601 2.73 [2220] [1069]
698 803 1375 1.13 [2830, 2723] [1022, 1024]
699 2284 909 4.92 [4964, 4826, 4612, 4489, 4168, 4704] [1083, 1085, 1086, 1087, 1088, 1089]
700 2083 1574 1.17 [3379, 3233, 3580, 3625, 3211] [1036, 1044, 1064, 1067, 1071]
701 761 1044 3.08 [2130, 2044, 2073, 2259, 2223, 2066] [1080, 1082, 1085, 1086, 1087, 1088]
702 2172 1842 1.96 [1897, 2272, 2279, 2223] [1076, 1082, 1084, 1086]
703 526 2296 2.37 [2056, 2178] [1086, 1087]
704 1938 1192 2.97 [4666, 4480, 4728, 4526, 4604] [1087, 1088, 1089, 1090, 1091]
705 1361 1279 4.32 [6701, 6491, 6538, 7518, 6934, 6654, 6351, 6584, 6608] [1087, 1088, 1089, 1090, 1091, 1092, 1093, 1094, 1095]
706 1244 1197 4.6 [8408, 8985, 9926, 9046, 8651] [1090, 1091, 1092, 1093, 1094]
707 657 865 4.49 [1899, 2285, 2173, 2229, 2117, 2060] [1087, 1088, 1089, 1090, 1091, 1092]
708 1051 502 1.16 [2156, 2164, 2218, 2342, 2226, 2505, 2319] [721, 746, 890, 989, 908, 1039, 1045]
709 1041 1153 3.62 [2420, 2579, 2301, 2428, 2166, 2214, 2285, 2349, 2476, 2531] [1088, 1089, 1092, 1093, 1094, 1095, 1096, 1097, 1098, 1099]
710 1905 1530 4.11 [3573, 3297] [1089, 1093]
711 1269 1541 2.12 [3920, 4431, 4530, 4232, 4175, 4076, 4672, 4360, 4147] [1088, 1094, 1095, 1096, 1097, 1098, 1099, 1100, 1101]
712 1711 2276 2.82 [2306, 2095, 2465, 2208] [1086, 1092, 1093, 1094]
713 1702 654 1.53 [3100, 3736, 3282, 3361, 3588, 3475, 3134, 3441, 3225] [1090, 1094, 1091, 1095, 1096, 1097, 1098, 1099, 1100]
714 1978 764 3.21 [2489] [1095]
715 2063 1490 4.33 [2657, 3089, 3023, 2788, 2807, 2967, 2563, 2948, 3051] [1095, 1096, 1097, 1098, 1099, 1100, 1101, 1102, 1103]
716 839 2389 1.31 [14166, 13512, 11856] [1095, 1096, 1097]
717 2157 967 4.46 [9975, 10488, 10521, 9430, 10296, 9622] [1096, 1097, 1098, 1099, 1100, 1101]
718 750 877 1.17 [2076, 1822, 1902] [698, 543, 711]
719 2136 819 1.26 [10240, 11174, 9341, 11036, 9652, 9998, 9756, 9583, 10724] [1098, 1099, 1100, 1101, 1102, 1103, 1104, 1105, 1106]
720 1738 1574 1.23 [2151] [1047]
721 2462 1691 4.23 [3957, 4027, 3831] [1101, 1102, 1103]
722 2448 1327 1.03 [2200, 2344, 2299, 2208, 2148, 2102, 2329] [716, 757, 782, 774, 657, 609, 785]
723 788 1190 3.48 [3069, 2614, 3117, 2914, 2672, 3088, 2895] [1100, 1095, 1102, 1103, 1104, 1105, 1106]
724 529 1588 2.54 [2357, 2161, 2379, 1972, 2226, 2277] [1099, 1098, 1101, 1102, 1103, 1104]
725 1510 950 2.83 [2256, 2170, 2034, 2091, 2285, 1934] [1102, 1103, 1104, 1105, 1106, 1107]
726 2234 2000 2.8 [1857, 2140] [1102, 1103]
727 1014 1042 4.83 [2866, 2817, 2769, 2615] [1102, 1103, 1104, 1105]
728 1274 646 2.61 [11250, 11133, 11679, 11562, 11797, 12734, 11718, 11289, 11992] [1104, 1105, 1106, 1107, 1108, 1109, 1110, 1111, 1112]
729 1041 1577 4.44 [2756, 2890, 2711, 2908, 2604, 2541] [1102, 1103, 1104, 1105, 1106, 1107]
730 1840 521 3.44 [2139, 2119, 2105, 1859, 2167] [1104, 1105, 1106, 1107, 1108]
731 2353 1146 3.16 [4451, 4575, 4606, 5009, 4420] [1106, 1107, 1108, 1109, 1110]
732 2108 1762 4.52 [10552, 10358, 10261, 10131, 9063, 10617, 9225, 9840, 10325] [1109, 1108, 1110, 1111, 1112, 1113, 1114, 1115, 1116]
733 1836 1415 4.06 [11090, 9910] [1113, 1114]
734 1869 803 3.66 [2105, 1907, 1914, 2119, 1982, 2242, 2228, 2016, 2023, 1934] [1105, 1107, 1110, 1111, 1112, 1114, 1115, 1116, 1117, 1118]
735 1827 1814 2.98 [11691, 10449, 10011] [1115, 1116, 1117]
736 809 2113 3.29 [2250, 1957, 1901, 2006, 2041] [1107, 1106, 1111, 1112, 1113]
737 1525 1003 4.92 [8181, 8397] [1117, 1118]
738 1713 710 3.37 [2729, 2681, 2615, 2767, 2986, 2872, 2910] [1107, 1111, 1112, 1114, 1115, 1116, 1117]
739 2376 2390 1.48 [2869, 2907, 3021] [1088, 1100, 1102]
740 2237 2370 1.43 [2201, 2107, 2136, 2265, 2337, 2344, 2222, 2057, 2308] [1057, 1066, 1078, 1081, 1083, 1087, 1103, 1071, 1104]
741 862 1989 2.14 [8056, 7955, 7477] [1118, 1119, 1120]
742 1456 1307 3.7 [4628, 4347, 3869, 4502, 3799, 4108, 4080, 3855, 4544] [1118, 1119, 1120, 1121, 1122, 1123, 1124, 1125, 1126]
743 1081 2254 1.11 [2339, 2489, 2380, 2523, 2724, 2271, 2682, 2598] [984, 1061, 1107, 1109, 1112, 832, 1116, 1117]
744 650 1745 3.43 [3925, 3727, 3764, 3443, 3628] [1118, 1119, 1120, 1121, 1122]
745 1647 770 2.45 [3218, 3259, 3299, 2922, 3310, 2830, 3330, 3350, 3064] [1117, 1119, 1120, 1121, 1122, 1123, 1124, 1125, 1126]
746 1295 1228 4.17 [2056, 1846, 1934, 2137, 1914, 1839, 2143, 2103] [1119, 1120, 1121, 1122, 1123, 1124, 1125, 1126]
747 896 1648 1.8 [3053] [1107]
748 1057 815 1.46 [4357, 4179, 4124, 4165, 3850, 3960, 4302, 4220] [1119, 1120, 1121, 1122, 1123, 1124, 1125, 1126]
749 1101 850 4.03 [2836, 2723, 2657, 3007] [1119, 1120, 1121, 1122]
750 1985 532 1.62 [4942, 5382, 5628, 5153, 5136, 5030, 4766] [1119, 1120, 1121, 1122, 1123, 1124, 1125]
751 2049 2077 4.57 [5023, 4751, 5549, 5311, 4666, 5396] [1121, 1122, 1123, 1124, 1125, 1126]
752 950 1558 1.05 [5308, 5146, 4774, 4531, 5178, 5081, 5113] [1119, 1120, 1121, 1122, 1123, 1124, 1125]
753 1729 1631 3.09 [2714, 2893, 3063] [1120, 1123, 1124]
754 1152 572 1.27 [2154] [1118]
755 1699 1730 3.13 [5291, 5256, 5325, 5582, 4640, 5068, 4623, 5000, 5428, 5564] [1125, 1126, 1127, 1128, 1123, 1124, 1129, 1130, 1131, 1132]
756 540 2234 2.32 [5874, 6355, 5954, 5453, 5694] [1126, 1127, 1128, 1129, 1130]
757 1610 872 3.09 [2558, 2430, 2507, 2703] [1125, 1127, 1128, 1129]
758 741 2396 3.65 [2481, 2499, 2921, 2885, 2849, 2930, 2490, 2795] [1127, 1128, 1129, 1130, 1131, 1132, 1133, 1134]
759 1134 1134 1.42 [2264, 2451, 2572, 2443] [1119, 1126, 1127, 1128]
760 1215 591 1.44 [4998, 4756, 4595, 4772, 5143, 5111] [1127, 1128, 1129, 1130, 1131, 1132]
761 2379 1077 3.02 [6578, 6494, 6224, 6848, 6786, 5787, 5683, 6182] [1127, 1128, 1129, 1130, 1131, 1132, 1133, 1134]
762 1561 2279 2.38 [3027, 3569] [1127, 1128]
763 1679 1289 4.05 [11296, 10526, 10086, 11333, 10049, 10856] [1132, 1131, 1133, 1134, 1135, 1136]
764 1346 2058 4.44 [1944, 1930, 2163, 2262, 2022, 2106] [1127, 1128, 1129, 1130, 1133, 1134]
765 607 1400 3.95 [2319, 2547, 2335, 2682, 2386, 2555, 2750, 2395] [1129, 1130, 1133, 1134, 1135, 1136, 1137, 1138]
766 2347 1101 2.35 [4794, 4470, 4563, 4994] [1130, 1133, 1135, 1136]
767 536 2313 4.98 [4719, 5146, 5115, 4307] [1135, 1136, 1137, 1138]
768 2081 1660 4.3 [2824, 3033] [1135, 1137]
769 688 1419 3.89 [8517, 7772] [1137, 1138]
770 2138 666 3.0 [2915, 3069, 3012, 2944, 3117, 3079, 2790, 2848] [1129, 1137, 1138, 1139, 1140, 1141, 1136, 1142]
771 2121 2091 1.23 [2779, 3086, 2817, 2750] [1122, 1127, 1128, 1125]
772 858 1911 4.46 [2212, 2396, 2348, 2533, 2244, 2621, 2388] [1138, 1139, 1140, 1141, 1142, 1143, 1144]
773 949 1523 4.28 [3556, 3331, 3450, 3722, 3782, 3272] [1138, 1139, 1140, 1141, 1142, 1143]
774 1214 2245 1.95 [2100, 2454, 2311, 2228, 2477] [1133, 1134, 1137, 1138, 1139]
775 2432 1885 2.32 [2027, 2313, 2256, 1955, 2234, 2277] [1139, 1140, 1141, 1142, 1143, 1144]
776 2077 1645 4.21 [7327, 7907, 6577, 7303, 7762, 7956] [1139, 1140, 1141, 1142, 1143, 1144]
777 2106 1910 4.44 [5189, 4926, 5140, 4631, 5304, 4680, 4713, 4976] [1139, 1140, 1141, 1142, 1143, 1144, 1145, 1146]
778 1478 1853 2.18 [3861, 3886, 3682, 3644, 3568, 3797, 3784, 3542, 3975, 4014] [1142, 1143, 1144, 1145, 1141, 1146, 1147, 1148, 1149, 1150]
779 1882 2169 4.54 [13722, 15443, 13328] [1145, 1147, 1146]
780 1886 1312 2.03 [3004, 3238, 3036, 3450, 3184, 3354, 3078] [1144, 1145, 1146, 1147, 1148, 1149, 1150]
781 626 2450 2.55 [13405, 11484, 12612, 13030, 12904, 12654, 11526, 12194, 11986, 13364] [1148, 1149, 1150, 1151, 1152, 1153, 1154, 1155, 1156, 1157]
782 956 1379 3.37 [2298, 2525, 2141, 2533, 2235, 2149, 2117, 2290, 2439] [1144, 1147, 1148, 1149, 1150, 1151, 1152, 1153, 1154]
783 1456 1420 4.86 [4782, 4828, 4751] [1148, 1149, 1150]
784 2053 557 2.26 [2530, 2554, 2279, 2602, 2214, 2255, 2384, 2263] [1144, 1147, 1148, 1149, 1150, 1151, 1152, 1153]
785 1752 1847 4.89 [2852, 2690, 2771, 2619] [1148, 1149, 1150, 1151]
786 768 2185 4.56 [1896, 1957, 1863, 1876, 1964, 1923, 2018] [1151, 1152, 1153, 1154, 1155, 1156, 1157]
787 701 1032 1.26 [2603, 2846, 2640] [1135, 1137, 1140]
788 1687 1385 2.51 [8339] [1151]
789 1564 523 4.22 [4784, 5132, 5079] [1152, 1153, 1154]
790 1935 2265 2.98 [5342] [1152]
791 1751 1982 3.28 [9802] [1154]
792 1579 1596 1.01 [2463, 2534] [939, 951]
793 1823 1584 3.93 [5839, 5502, 5521, 5745] [1153, 1155, 1156, 1157]
794 2371 1399 1.49 [2006, 2143, 2294, 2338, 2330, 2229, 2201, 2078, 2049, 2042] [1143, 1149, 1150, 1151, 1152, 1155, 1156, 1157, 1158, 1159]
795 1403 2014 4.59 [5894, 6115, 6375, 6496, 6295] [1155, 1156, 1157, 1158, 1159]
796 2028 945 4.05 [7384] [1158]
797 1752 1331 4.2 [2941, 2829, 2890, 3361, 2931] [1158, 1159, 1160, 1161, 1162]
798 2118 1352 1.27 [2895] [1151]
799 2309 936 2.06 [10158, 10323, 8942, 9074, 9994, 9041] [1158, 1159, 1160, 1161, 1162, 1163]
800 583 2392 1.1 [4346, 4574, 3888, 4031, 4060, 4660, 4617, 4074, 4203] [1151, 1152, 1155, 1156, 1159, 1160, 1161, 1162, 1163]
801 2020 1941 3.26 [5138, 5372, 5389, 4870] [1159, 1160, 1161, 1162]
802 601 1240 2.68 [2768] [1159]
803 1363 1587 1.32 [2703, 2545, 2501] [1155, 1158, 1159]
804 2316 696 2.33 [11763, 12984, 12333, 11396, 13269, 11600, 11559] [1160, 1161, 1162, 1163, 1164, 1165, 1166]
805 980 671 2.23 [3357, 3662, 3526, 3718, 3051, 3696, 3311] [1160, 1161, 1162, 1163, 1164, 1165, 1166]
806 776 781 3.69 [17013, 14316, 15094] [1165, 1164, 1166]
807 803 792 2.59 [2168, 2376] [1160, 1162]
808 1263 1174 2.17 [3143] [1163]
809 966 2171 3.06 [4916, 4212, 4763, 4411, 4840, 4334] [1163, 1167, 1168, 1169, 1170, 1171]
810 1198 2325 3.14 [6484, 6528, 6463, 5858, 6917] [1167, 1168, 1169, 1163, 1170]
811 1824 1120 3.68 [2682] [1166]
812 2178 813 1.44 [8736, 8627, 8083, 8164, 8872, 8573, 7566, 7375, 8110] [1167, 1168, 1169, 1170, 1171, 1172, 1173, 1174, 1175]
813 642 1231 2.19 [4984, 4211, 4196] [1167, 1164, 1168]
814 748 2350 3.5 [2006, 1851] [1167, 1168]
815 1158 2124 4.74 [2147, 2452, 2475, 2530] [1167, 1168, 1169, 1170]
816 1389 1048 1.19 [3609] [1160]
817 2031 2204 1.16 [2057, 2171, 2037, 2104, 1923, 1843, 1957] [837, 988, 808, 935, 719, 752, 828]
818 2207 570 3.32 [3948, 4674, 4296, 4282, 4398, 4311, 4717] [1167, 1168, 1169, 1170, 1171, 1172, 1173]
819 1227 578 4.83 [2441, 2200, 2465, 2332, 2208, 2247, 2301, 2270] [1167, 1169, 1170, 1171, 1172, 1173, 1174, 1175]
820 639 2321 3.36 [2166, 2304, 2273, 2472, 2411, 2189] [1168, 1169, 1170, 1171, 1172, 1173]
821 2097 1022 2.95 [4748, 4556, 5005, 4764, 5117, 5262] [1171, 1172, 1173, 1174, 1175, 1176]
822 1288 2143 4.18 [4179, 4088, 3537, 4284, 4166, 3577, 3708] [1171, 1172, 1173, 1174, 1175, 1176, 1177]
823 1544 2093 2.86 [12460, 10835, 12150, 12576, 11492, 10602, 12073] [1174, 1175, 1176, 1177, 1178, 1179, 1180]
824 1834 2193 3.29 [3273, 3384, 3262] [1172, 1173, 1175]
825 2131 1404 4.28 [8260, 8151, 8315, 7715] [1177, 1178, 1179, 1176]
826 1984 650 1.38 [4087, 4450, 4143, 4031, 4115, 4073] [1161, 1169, 1170, 1171, 1172, 1173]
827 1998 860 1.64 [9716, 8778, 8869, 8717, 9595, 9413] [1178, 1179, 1180, 1181, 1182, 1183]
828 761 537 4.22 [7427, 7450, 6652, 6516, 7336, 6424] [1180, 1181, 1182, 1183, 1184, 1185]
829 1594 1020 4.91 [2383, 2104, 2338, 2059, 2443, 2149, 2406, 2428] [1177, 1174, 1178, 1179, 1180, 1181, 1182, 1183]
830 972 1950 2.61 [3720, 3178, 3539, 3619, 3110, 3528, 3268] [1181, 1173, 1179, 1182, 1183, 1184, 1185]
831 2260 1809 3.05 [5099, 5762, 5062, 5191] [1181, 1182, 1183, 1184]
832 1922 1622 4.85 [6096, 6604, 6198, 6137, 6218, 6422, 6015] [1184, 1185, 1186, 1187, 1188, 1189, 1190]
833 2102 1097 1.6 [2418, 2401] [1162, 1169]
834 1979 1761 4.57 [7412, 8910, 8774, 8365] [1186, 1187, 1188, 1189]
835 2022 2110 2.17 [5849, 6679, 6658, 6036, 6513, 6492, 6160, 6803, 5953, 6285] [1181, 1182, 1183, 1184, 1185, 1186, 1187, 1188, 1189, 1190]
836 1348 2004 1.86 [2539, 2484] [1172, 1178]
837 594 2468 3.85 [3227, 3239, 3854, 3677, 3416, 3523, 3499, 3298, 3310, 3712] [1185, 1186, 1187, 1188, 1189, 1190, 1191, 1192, 1193, 1194]
838 544 1925 4.31 [11202, 10588] [1191, 1192]
839 940 2371 1.41 [2270, 1897, 1917, 2000, 2146] [1180, 1119, 1139, 1146, 1156]
840 2256 1450 2.75 [3407, 3361, 3198, 3582, 3442] [1186, 1190, 1191, 1192, 1193]
841 1726 556 1.11 [4664, 4988, 4939, 4405, 5263, 5280, 5037, 4502, 4583] [1181, 1183, 1185, 1190, 1191, 1192, 1193, 1194, 1195]
842 1928 2039 3.44 [2800, 2643, 2671, 2939, 2634, 2874] [1190, 1191, 1192, 1193, 1194, 1195]
843 1709 2410 2.46 [6006, 7150, 6622, 6182, 7194, 6710, 7128] [1190, 1193, 1192, 1194, 1195, 1196, 1197]
844 1973 2229 1.63 [2765, 2756, 2832, 2775, 3023, 2641] [1189, 1190, 1191, 1193, 1194, 1180]
845 2475 1314 3.44 [7253, 7418, 6617, 6570, 7441, 7700, 6758, 7465, 7747] [1193, 1194, 1195, 1196, 1197, 1198, 1199, 1200, 1201]
846 1157 2431 2.09 [2050, 2297, 2318, 2198, 2205] [1191, 1193, 1194, 1195, 1196]
847 1944 1275 4.82 [2347, 2448, 2625] [1194, 1195, 1196]
848 1952 504 2.73 [3599, 3343, 3494, 3541, 3250] [1193, 1194, 1195, 1196, 1197]
849 2212 795 2.26 [2065, 2099, 1901, 2140, 2092] [1191, 1195, 1196, 1197, 1198]
850 1358 1983 3.19 [2957] [1195]
851 2092 799 2.4 [2921, 2732, 2714] [1196, 1197, 1198]
852 978 1002 1.93 [4419, 4677, 4208, 4238] [1196, 1197, 1198, 1199]
853 1552 796 4.62 [2236, 2628] [1196, 1197]
854 1150 1804 2.32 [2386, 2081, 2030, 2132, 2226, 2255] [1197, 1198, 1199, 1200, 1201, 1202]
855 1347 1763 2.92 [17259] [1199]
856 1371 1284 1.69 [3542, 3347, 3611] [1197, 1198, 1199]
857 1254 740 4.95 [3856, 4104] [1198, 1200]
858 2412 698 1.48 [7745, 8567, 9078, 8624, 8340, 9163, 7943] [1198, 1200, 1201, 1202, 1203, 1204, 1205]
859 1261 677 2.51 [2556, 2640] [1198, 1199]
860 1339 855 4.27 [2242, 1998, 2116] [1200, 1201, 1202]
861 846 1472 1.87 [5649, 5741, 5301] [1200, 1201, 1202]
862 1964 1584 5.0 [2161, 2382, 2217, 2146, 2572, 2280, 2398] [1200, 1201, 1202, 1203, 1204, 1205, 1206]
863 1642 1576 3.77 [2829] [1201]
864 1216 1829 3.77 [1981] [1201]
865 2372 2344 2.66 [3610, 3057, 3212, 3378, 3522, 2990, 3511] [1202, 1203, 1204, 1205, 1206, 1207, 1208]
866 1357 1947 1.31 [7750, 7390, 7699, 8033, 7338] [1202, 1203, 1204, 1205, 1206]
867 640 539 2.1 [2358, 2649, 2544, 2463, 2657, 2536, 2220, 2576, 2495, 2617] [1198, 1202, 1200, 1201, 1203, 1204, 1205, 1206, 1207, 1208]
868 969 2496 1.36 [3343, 4014, 3782, 3697, 3490, 3392] [1202, 1203, 1204, 1205, 1206, 1207]
869 1412 1235 2.88 [8972, 9470, 9204, 10434, 9902, 9105, 10766, 10234] [1203, 1204, 1205, 1206, 1207, 1208, 1209, 1210]
870 1198 1781 3.83 [6722, 7261, 6535, 7448, 7706, 7354, 6394, 6371] [1206, 1207, 1208, 1209, 1210, 1211, 1212, 1213]
871 2278 2247 1.86 [7716, 7789, 7642] [1202, 1203, 1204]
872 2326 1283 3.01 [4658, 4444, 4329, 4058, 4301, 4001] [1205, 1207, 1208, 1209, 1210, 1211]
873 911 651 3.87 [3491, 3281, 3326, 3502, 3524, 3546] [1208, 1209, 1210, 1211, 1212, 1213]
874 1531 1167 1.17 [3602, 3347, 3784, 3287] [1195, 1202, 1203, 1197]
875 2425 1080 4.46 [2044, 2195, 2109, 2166, 2008, 2296, 1979] [1207, 1209, 1210, 1211, 1212, 1213, 1214]
876 534 2444 4.85 [5829, 6613, 6295, 6719, 6041, 5765, 6231, 6168, 6274, 6337] [1211, 1212, 1213, 1214, 1215, 1216, 1217, 1218, 1219, 1220]
877 1270 1172 4.58 [3863, 4030, 3581, 3799, 3568, 4133, 4094, 3889] [1212, 1213, 1214, 1215, 1216, 1217, 1218, 1219]
878 1374 1671 4.46 [4772, 5147, 4463, 5310, 4821, 4675, 5229, 4919, 4610, 5294] [1214, 1215, 1216, 1217, 1218, 1219, 1220, 1221, 1222, 1223]
879 1168 1253 3.67 [2593, 2541, 2680, 2428, 2567, 2384, 2837, 2732, 2628] [1214, 1215, 1216, 1217, 1218, 1219, 1220, 1221, 1222]
880 1773 2149 3.2 [4190, 4681, 4374, 4205, 4405, 4512, 4497, 4436] [1215, 1216, 1217, 1218, 1219, 1220, 1221, 1222]
881 903 546 2.48 [2624, 2444, 2224, 2436, 2640, 2616, 2371, 2575, 2273] [1205, 1208, 1209, 1211, 1214, 1215, 1216, 1218, 1210]
882 1158 2147 3.9 [2235, 2195, 2317, 2390, 2674, 2479, 2438, 2349, 2284, 2634] [1220, 1221, 1222, 1223, 1224, 1225, 1226, 1227, 1228, 1229]
883 2498 856 3.78 [2325, 2646, 2621, 2604, 2494, 2342, 2765] [1220, 1221, 1222, 1223, 1224, 1225, 1226]
884 1879 1086 2.65 [3573, 3746, 3237, 3630, 3769, 3191, 3376, 3399, 3607] [1221, 1222, 1223, 1224, 1225, 1226, 1227, 1228, 1229]
885 2198 629 1.08 [2464, 2534, 2448, 2401, 2503, 2300, 2378, 2260, 2206] [1159, 1171, 1172, 1175, 1182, 1052, 1094, 1049, 945]
886 635 501 2.19 [13345, 11052, 11830, 12485, 11257, 11707] [1223, 1221, 1222, 1224, 1225, 1226]
887 1039 503 4.09 [2266, 2036, 2168, 2161, 2210] [1223, 1224, 1225, 1226, 1227]
888 1274 2162 1.74 [2447, 2212, 2187, 2439, 2309, 2414, 2374, 2536, 2293] [1214, 1216, 1202, 1217, 1219, 1223, 1224, 1225, 1226]
889 2068 2473 1.59 [14017, 14489, 15150, 13639, 14961, 13167, 15102, 13356] [1224, 1225, 1226, 1227, 1228, 1229, 1230, 1231]
890 2367 1155 4.1 [10167, 11473, 11544, 10908, 11508, 10061] [1227, 1228, 1229, 1230, 1231, 1232]
891 925 2366 2.06 [3869] [1224]
892 1476 1929 2.95 [2608] [1225]
893 2211 537 2.27 [2147, 2041, 1950] [1223, 1226, 1227]
894 2153 2148 2.1 [14392, 14797] [1230, 1231]
895 1048 1190 1.04 [3454, 3050] [1196, 1203]
896 756 1512 4.55 [2912, 2818, 3091, 2565] [1232, 1233, 1234, 1229]
897 1397 962 3.81 [14266, 13772, 14414, 13426, 13969] [1233, 1234, 1235, 1236, 1237]
898 1775 798 2.81 [3040, 3100, 3159, 2812, 3219, 2911, 2851, 3139] [1228, 1232, 1233, 1234, 1235, 1236, 1237, 1238]
899 2199 815 1.54 [4260, 4679, 4203] [1232, 1233, 1234]
900 1509 756 4.66 [3606, 3305, 3536, 3339, 3594, 3502, 3165, 3189, 3397] [1232, 1233, 1234, 1235, 1236, 1237, 1238, 1239, 1240]
901 791 775 3.73 [2979, 3454, 3509, 3344] [1232, 1235, 1236, 1237]
902 1920 555 4.24 [6844, 6916, 6556, 7349, 7493, 6724] [1238, 1239, 1240, 1241, 1242, 1243]
903 1012 2173 2.54 [2964, 2498, 2726, 2809, 2909, 2488, 2543] [1235, 1236, 1237, 1238, 1239, 1240, 1241]
904 1956 1782 2.61 [2571, 2330, 2839, 2373, 2640, 2744, 2347, 2356, 2778, 2364] [1238, 1239, 1240, 1241, 1242, 1243, 1244, 1245, 1246, 1247]
905 588 2040 3.86 [2182, 2175, 2065, 2101] [1238, 1239, 1240, 1241]
906 1568 1836 4.54 [3024, 3400, 2941] [1238, 1239, 1240]
907 2186 1425 2.55 [1923, 2306, 2072, 1972] [1227, 1238, 1239, 1240]
908 1909 2487 4.88 [2221] [1239]
909 738 789 2.8 [2512, 2598, 2487] [1240, 1241, 1242]
910 1698 1873 4.2 [3819] [1241]
911 1134 2445 1.15 [6283, 6404, 6222, 6323, 6384] [1240, 1241, 1242, 1243, 1244]
912 673 1246 3.56 [4306, 4772, 4712] [1241, 1242, 1243]
913 527 665 2.84 [3610] [1242]
914 2160 2061 2.83 [3427, 3209] [1242, 1243]
915 1932 2309 1.61 [1953] [1207]
916 1343 1304 1.35 [3109, 3058, 2966, 3355, 3365, 2864] [1226, 1236, 1219, 1238, 1242, 1243]
917 1858 1191 2.26 [2612] [1243]
918 1571 1571 3.52 [5703, 5721, 4861, 5264, 4756, 4738, 4949, 4878] [1243, 1244, 1245, 1246, 1247, 1248, 1249, 1250]
919 2209 1574 2.96 [2292, 2142] [1244, 1245]
920 1876 1719 1.65 [7593, 7292, 7222, 6644, 7199, 7037, 7083, 7014, 7130, 7060] [1244, 1245, 1246, 1247, 1248, 1249, 1250, 1251, 1252, 1253]
921 813 969 2.18 [3732] [1244]
922 1230 2076 1.1 [2680, 2554, 2353, 2462, 2379, 2370, 2295, 2529, 2395, 2278] [1204, 1206, 1212, 1220, 1213, 1225, 1126, 1237, 1228, 1234]
923 664 961 4.61 [13578, 13627] [1247, 1248]
924 1570 1760 2.96 [2634, 2479] [1244, 1245]
925 1159 2492 4.47 [4244, 4201, 4070, 4012, 4419, 3997] [1244, 1245, 1246, 1249, 1250, 1251]
926 2446 1760 4.15 [11208] [1249]
927 1669 2267 4.79 [4024, 4098, 4424, 4794, 4823, 4365, 4660, 4128, 4675, 4009] [1245, 1246, 1250, 1251, 1252, 1253, 1254, 1255, 1256, 1257]
928 1023 2022 1.88 [2062, 2013, 2262, 1910, 2000, 2158] [1242, 1244, 1245, 1246, 1248, 1249]
929 937 2443 1.44 [12432, 12387, 12839, 12568, 14286, 14602, 14376, 13969] [1246, 1250, 1251, 1252, 1253, 1254, 1255, 1256]
930 543 1614 4.4 [7792] [1252]
931 1096 1598 1.47 [3944, 4597, 4228, 4100, 4611, 4115, 3959, 4327, 4654, 4285] [1244, 1245, 1250, 1251, 1252, 1253, 1254, 1255, 1256, 1257]
932 1977 2430 1.79 [9439, 9266, 9323, 8252, 8686, 9121, 7905] [1251, 1253, 1254, 1255, 1256, 1257, 1258]
933 527 1987 1.73 [4675, 5005, 5146, 5020, 4659, 5036, 4769] [1253, 1254, 1255, 1256, 1257, 1258, 1259]
934 1202 883 1.3 [5316, 6131, 5918, 6014] [1253, 1254, 1255, 1256]
935 998 1864 2.32 [2925, 2905, 2984, 2786, 3203, 2885] [1253, 1254, 1255, 1256, 1257, 1258]
936 2356 1510 4.67 [2224, 1849, 1876, 1958, 2122, 2019] [1254, 1255, 1256, 1257, 1258, 1259]
937 2495 1553 2.82 [6983] [1257]
938 1456 582 1.07 [2657, 2754] [1246, 1247]
939 2071 1608 3.05 [3530, 3336, 3304, 3164, 3132, 3487, 3368] [1257, 1258, 1259, 1260, 1261, 1262, 1263]
940 1479 2485 2.02 [11151, 11887, 10673, 10047, 10341, 10930, 11188] [1258, 1259, 1260, 1261, 1262, 1263, 1264]
941 900 1775 2.98 [12205, 11379] [1259, 1260]
942 2442 1704 2.06 [4544, 4913, 5234, 4672] [1258, 1259, 1260, 1261]
943 1845 1514 4.02 [5062, 4514, 4933, 5143, 4901, 4401] [1260, 1258, 1261, 1262, 1263, 1264]
944 1174 1843 2.81 [2498, 2671, 2964] [1261, 1262, 1263]
945 860 1108 4.55 [5693] [1261]
946 1207 2177 3.63 [6416, 6765, 7005, 6830, 7114, 6612, 6023, 6001] [1262, 1263, 1264, 1265, 1266, 1267, 1268, 1269]
947 2052 1970 4.47 [9307, 9988, 9242, 9502, 10442, 10020, 8983, 9112, 10280] [1265, 1266, 1267, 1268, 1269, 1270, 1271, 1272, 1273]
948 1880 1810 1.75 [4889] [1262]
949 945 1515 2.85 [5516, 5357] [1264, 1265]
950 1088 812 4.33 [3202, 2798, 3305, 3171, 3160] [1263, 1264, 1265, 1266, 1267]
951 2245 655 4.75 [2551, 2518, 2492, 2382, 2534, 2458, 2703, 2653, 2577, 2627] [1266, 1267, 1268, 1269, 1270, 1271, 1272, 1273, 1274, 1275]
952 1747 729 3.71 [7245, 6937, 7157, 7047] [1270, 1271, 1272, 1273]
953 906 1852 1.41 [8922, 8379, 8741] [1268, 1269, 1270]
954 1385 535 4.03 [2827, 2867, 2878, 2776] [1271, 1272, 1273, 1268]
955 1445 1466 2.31 [2902, 2883, 2791, 2652, 3031, 2689, 2911] [1261, 1262, 1267, 1250, 1269, 1255, 1271]
956 2150 1722 2.59 [4472, 4687, 4144, 4072, 4229] [1274, 1275, 1276, 1277, 1278]
957 904 1314 3.33 [3410, 3557, 3240, 3127, 3716, 3648, 3104] [1274, 1275, 1276, 1277, 1278, 1279, 1280]
958 1526 1707 2.49 [2014, 1973, 2152, 1884, 2124, 2262, 2083, 1939, 1904, 1877] [1251, 1252, 1264, 1248, 1272, 1274, 1275, 1276, 1277, 1278]
959 1385 1189 3.49 [7927, 7492, 7806, 7081, 6936, 6550] [1274, 1275, 1276, 1277, 1278, 1279]
960 1853 2030 2.56 [6775] [1274]
961 2151 1668 4.53 [8238, 7973, 8357, 8032, 8740, 9065, 8445, 8150, 9567] [1276, 1277, 1278, 1279, 1280, 1281, 1282, 1283, 1284]
962 2139 2277 4.39 [4624, 4398] [1275, 1279]
963 1564 1174 3.54 [2354, 2183, 2245, 2470, 2191] [1274, 1275, 1276, 1277, 1278]
964 1168 1215 3.32 [6080, 6371, 6351] [1280, 1281, 1282]
965 1623 2327 1.21 [1949, 1855, 1943, 2198, 1875, 1822] [948, 850, 968, 1256, 928, 760]
966 1631 527 3.53 [5229, 5355, 4869, 5462, 5408, 4959, 5534, 5912, 4977, 5642] [1280, 1281, 1282, 1283, 1284, 1285, 1286, 1287, 1288, 1289]
967 1905 1672 4.42 [4999, 4921] [1282, 1283]
968 2359 2375 4.62 [5907, 6193, 5543, 5467, 5180] [1284, 1285, 1286, 1287, 1288]
969 1943 1900 2.62 [9304, 9779, 9507, 9609, 9440, 9236] [1285, 1286, 1287, 1288, 1289, 1290]
970 1901 1595 2.48 [2034, 2054, 1994] [1274, 1279, 1280]
971 1910 1966 2.78 [3203, 3060, 3038, 3611, 3214] [1281, 1283, 1284, 1285, 1286]
972 594 2189 1.99 [3482, 3303, 3090, 3101, 3414, 3314, 3045] [1281, 1283, 1280, 1285, 1286, 1287, 1288]
973 2443 2396 3.0 [5763, 5650, 6216, 5706, 6198, 5404, 5574, 5971, 5461] [1287, 1288, 1289, 1290, 1291, 1292, 1293, 1294, 1295]
974 1892 1910 1.32 [2926] [1265]
975 2262 1642 3.39 [6089, 5841, 5631] [1289, 1290, 1291]
976 903 553 1.69 [6451, 6554, 6285, 6802, 6595, 6699, 6037] [1285, 1286, 1289, 1290, 1291, 1292, 1288]
977 1572 1965 3.3 [3441, 3557, 3361] [1290, 1291, 1292]
978 2349 2064 4.28 [2298, 2106, 2078, 2270, 2263, 2213] [1290, 1291, 1292, 1293, 1294, 1295]
979 620 1039 4.52 [3805, 3782, 3190, 3736, 3654] [1291, 1292, 1293, 1294, 1295]
980 1493 2152 2.91 [4154, 4141, 3882, 3572, 3999, 3727, 4012, 3870] [1291, 1292, 1293, 1294, 1295, 1296, 1297, 1298]
981 1772 1803 4.52 [5187, 4963, 5219, 4835, 5267] [1293, 1292, 1294, 1295, 1296]
982 1850 639 1.07 [2866, 2532, 2588, 3051, 2987, 2977, 2773, 2801, 2625] [1257, 1260, 1266, 1270, 1271, 1273, 1272, 1275, 1277]
983 646 2138 2.78 [3405, 3513, 3632, 3573, 3585, 3944, 3525] [1293, 1294, 1295, 1296, 1297, 1298, 1299]
984 615 929 2.48 [2241, 2474] [1283, 1290]
985 1932 2001 1.05 [2780, 2558, 2472, 2729, 2481, 2430, 2720] [1279, 1281, 1244, 1287, 1289, 1267, 1293]
986 2192 2267 2.15 [10306, 10159, 10636, 10012, 10892, 11809] [1296, 1297, 1298, 1299, 1300, 1301]
987 1966 1349 2.53 [2634] [1293]
988 887 2328 2.48 [9820, 9512, 9789] [1296, 1297, 1298]
989 610 991 3.19 [10787, 10375, 10753, 10959, 11131] [1299, 1300, 1301, 1302, 1303]
990 2095 1118 4.88 [3296, 3362, 3264, 3593, 2989, 3417, 3516, 3033] [1297, 1298, 1299, 1300, 1301, 1302, 1303, 1304]
991 625 862 1.04 [3405, 3451] [1293, 1294]
992 628 819 4.28 [5289, 5882, 4911] [1300, 1301, 1302]
993 815 1624 3.74 [3493, 2957, 2936, 3257, 2968] [1295, 1297, 1298, 1299, 1302]
994 2036 946 4.62 [4726, 4211, 4242, 4802, 4696, 4984, 4953, 4817] [1303, 1304, 1305, 1306, 1307, 1308, 1309, 1310]
995 559 1744 4.36 [4752, 5668, 5034, 5509, 5245, 5157, 4823, 5597, 5404, 4946] [1303, 1304, 1305, 1306, 1307, 1308, 1309, 1310, 1311, 1312]
996 1755 1708 2.57 [3094, 3253, 3219, 3265] [1294, 1296, 1302, 1304]
997 1201 2327 4.49 [2124, 2027, 2159, 2215, 2257] [1304, 1305, 1306, 1307, 1308]
998 1191 2419 1.76 [4137, 3900, 3663, 4255, 3939] [1302, 1304, 1305, 1306, 1307]
999 612 504 1.6 [2765, 3042, 2878, 3165, 3154, 3124] [1297, 1299, 1303, 1304, 1305, 1306]
