1432 718 10.71 38.18 6 [36, 59, 21, 40, 49, 41]
1279 509 11.41 51.26 1 [42]
1382 788 55.9 138.27 3 [42, 53, 51]
2070 2329 12.15 55.51 4 [50, 5, 53, 58]
2071 583 18.0 20.3 8 [34, 30, 45, 31, 29, 37, 58, 18]
1510 590 36.4 113.97 9 [5, 57, 36, 43, 12, 18, 1, 0, 51]
2493 1854 16.41 55.77 9 [44, 54, 1, 48, 13, 6, 31, 46, 9]
564 1408 25.44 120.83 9 [31, 54, 17, 19, 52, 26, 51, 57, 14]
879 662 37.59 174.1 5 [36, 19, 5, 6, 28]
1635 534 32.01 61.7 9 [27, 3, 13, 20, 42, 2, 48, 35, 34]
2035 728 27.67 57.29 3 [34, 40, 42]
1231 936 37.16 127.75 5 [17, 54, 9, 32, 59]
908 1981 11.83 27.21 3 [32, 58, 37]
581 1028 50.51 202.42 3 [44, 24, 34]
700 772 19.27 24.29 5 [29, 42, 52, 13, 17]
1394 708 16.85 22.69 5 [19, 16, 48, 39, 35]
1479 1557 53.7 143.09 5 [26, 11, 30, 40, 58]
782 1880 16.3 31.48 7 [31, 40, 19, 26, 33, 43, 13]
1383 1250 19.28 66.0 8 [1, 31, 25, 35, 14, 46, 21, 55]
2466 891 32.79 150.4 5 [56, 51, 44, 38, 19]
843 2270 29.93 54.98 6 [20, 53, 38, 7, 6, 58]
933 2141 18.53 29.73 7 [1, 57, 31, 42, 15, 54, 13]
1586 1917 14.69 70.11 3 [10, 12, 51]
787 544 25.42 83.74 9 [7, 23, 44, 35, 13, 18, 30, 29, 34]
1660 1805 18.93 57.54 5 [18, 38, 59, 19, 42]
701 997 13.11 33.58 1 [51]
1686 1822 23.92 30.0 3 [56, 47, 25]
1209 560 26.38 118.82 6 [55, 11, 53, 6, 21, 20]
603 2189 11.6 52.03 5 [13, 18, 8, 38, 14]
1742 1158 37.86 50.42 10 [31, 2, 25, 21, 18, 30, 12, 29, 24, 28]
1334 1744 35.47 116.49 7 [12, 38, 45, 46, 59, 54, 15]
811 979 16.41 42.47 10 [44, 13, 30, 39, 11, 21, 42, 40, 5, 48]
1241 1184 10.93 54.61 3 [42, 36, 31]
643 2291 10.4 14.35 1 [35]
840 2092 42.04 57.74 6 [50, 23, 25, 24, 3, 29]
1597 1797 12.88 22.89 2 [35, 33]
2148 1922 21.62 50.08 7 [10, 30, 24, 0, 6, 7, 18]
1218 791 11.44 43.23 9 [48, 44, 40, 59, 32, 15, 30, 19, 56]
615 1269 13.93 28.43 6 [5, 8, 29, 52, 20, 26]
1856 1103 16.44 58.82 5 [47, 59, 32, 23, 55]
2390 2494 59.05 148.07 1 [19]
2012 2313 35.81 146.06 8 [25, 41, 49, 43, 12, 7, 46, 9]
685 2094 25.4 125.9 3 [39, 55, 51]
690 2338 23.65 94.41 8 [5, 56, 0, 10, 34, 54, 30, 17]
1049 2386 11.92 50.44 6 [37, 5, 24, 28, 9, 47]
1779 2458 10.62 40.94 7 [48, 34, 5, 7, 59, 26, 1]
679 1666 14.29 21.91 9 [15, 52, 57, 17, 10, 8, 2, 53, 27]
2062 2097 16.19 19.7 1 [0]
964 864 19.71 36.14 9 [53, 40, 49, 34, 59, 15, 6, 8, 3]
1633 1661 13.81 19.56 4 [38, 24, 20, 7]
2030 2098 18.98 63.8 9 [7, 38, 1, 49, 31, 8, 24, 13, 19]
845 2063 50.48 163.77 3 [42, 14, 0]
2216 1902 79.23 145.65 7 [54, 28, 32, 17, 12, 42, 20]
618 2154 11.29 51.48 8 [58, 22, 56, 49, 8, 19, 47, 55]
1957 893 16.81 55.11 7 [22, 18, 5, 45, 47, 31, 33]
1417 2459 76.78 128.42 2 [17, 14]
2056 1207 22.57 74.77 9 [35, 47, 4, 10, 18, 48, 1, 19, 43]
1318 2092 31.66 47.14 7 [33, 32, 40, 53, 28, 52, 20]
2101 872 29.37 33.58 7 [14, 5, 42, 34, 28, 27, 40]
836 2253 21.71 47.25 1 [29]
543 1702 18.2 61.83 1 [21]
1052 1246 33.51 145.85 5 [5, 21, 8, 36, 11]
690 914 19.55 36.77 5 [43, 20, 53, 49, 23]
523 2125 13.99 55.61 1 [47]
2476 968 40.6 178.78 4 [4, 40, 48, 57]
2018 971 12.56 37.48 7 [12, 25, 46, 20, 30, 13, 19]
2419 632 11.72 23.33 2 [54, 29]
1635 2079 22.29 45.09 6 [41, 55, 7, 29, 34, 12]
2140 2053 14.05 25.46 1 [55]
617 909 11.41 29.66 6 [7, 26, 18, 49, 46, 54]
1346 1951 24.94 52.0 10 [18, 16, 40, 39, 41, 33, 49, 19, 58, 10]
793 1960 32.45 95.49 8 [56, 27, 46, 19, 26, 8, 52, 29]
1679 2462 10.02 23.04 5 [53, 33, 44, 16, 43]
2059 638 18.41 71.39 1 [10]
1102 788 13.04 64.96 9 [5, 53, 22, 48, 32, 33, 19, 9, 34]
2007 1247 16.41 52.41 10 [46, 14, 37, 23, 47, 42, 16, 20, 7, 56]
1538 1489 69.84 341.23 8 [33, 34, 30, 19, 18, 59, 57, 16]
675 1101 12.91 23.63 5 [7, 3, 41, 40, 18]
1487 1491 19.87 62.41 4 [21, 53, 17, 23]
2238 1956 40.72 147.5 6 [19, 5, 17, 4, 10, 22]
1617 927 22.28 55.42 9 [54, 56, 22, 29, 3, 38, 44, 15, 40]
2487 2266 61.29 300.74 7 [49, 2, 26, 20, 3, 45, 23]
1151 2372 10.85 19.32 4 [45, 43, 26, 5]
1800 1084 13.91 47.66 4 [37, 38, 48, 29]
962 1700 61.77 252.33 10 [13, 29, 45, 48, 38, 19, 55, 50, 37, 34]
1680 1959 17.64 51.03 5 [11, 14, 30, 35, 26]
1007 1718 54.51 178.64 8 [25, 16, 30, 1, 0, 18, 54, 22]
1621 2021 95.29 404.59 8 [48, 37, 6, 20, 39, 8, 21, 30]
1916 826 15.35 26.31 1 [21]
2003 1234 62.17 149.94 10 [2, 19, 39, 3, 23, 46, 33, 40, 17, 18]
1479 2166 99.08 376.46 9 [8, 2, 28, 56, 29, 19, 38, 21, 3]
2193 2433 10.63 29.79 7 [2, 38, 33, 8, 26, 58, 54]
1622 1541 20.77 42.98 10 [58, 12, 41, 15, 6, 0, 9, 14, 57, 48]
2329 2373 15.62 42.56 7 [57, 58, 23, 30, 0, 59, 22]
1539 947 11.7 29.35 9 [59, 49, 46, 12, 7, 5, 6, 27, 53]
1161 1642 25.03 58.13 8 [8, 1, 50, 33, 35, 31, 11, 9]
763 1561 19.35 23.18 7 [8, 45, 7, 12, 33, 26, 13]
741 1401 19.75 61.41 7 [34, 17, 14, 58, 49, 51, 38]
1940 2140 11.26 52.2 10 [56, 3, 52, 55, 13, 28, 19, 49, 50, 43]
620 1362 41.85 88.09 6 [46, 43, 57, 2, 28, 3]
1716 2163 10.26 31.57 5 [36, 33, 41, 20, 23]
1426 1568 15.51 38.95 6 [58, 23, 30, 11, 47, 14]
1342 2096 69.33 214.68 7 [13, 17, 3, 57, 24, 44, 50]
1677 522 10.01 42.46 1 [42]
940 1937 12.97 23.63 2 [32, 30]
1417 1356 15.58 30.69 4 [50, 59, 30, 17]
644 849 10.58 37.98 6 [54, 46, 36, 32, 30, 58]
1384 1199 14.57 27.18 10 [8, 58, 54, 37, 20, 30, 43, 51, 59, 57]
1989 2236 37.36 184.92 1 [38]
1395 1392 39.03 169.48 6 [24, 16, 20, 32, 19, 58]
2029 1602 14.73 40.32 7 [46, 19, 4, 42, 12, 22, 47]
1595 1000 11.78 48.73 10 [5, 28, 6, 29, 2, 11, 49, 19, 46, 7]
1740 500 11.56 41.19 8 [2, 6, 36, 27, 35, 48, 20, 40]
645 1927 26.48 118.39 5 [38, 39, 30, 7, 22]
1064 716 33.84 57.15 5 [27, 44, 14, 12, 50]
1548 1503 10.99 34.17 2 [50, 36]
2011 2304 26.52 44.76 4 [13, 58, 54, 22]
1568 2408 19.75 54.36 6 [26, 31, 32, 29, 9, 46]
1990 1447 10.58 21.5 8 [55, 39, 18, 20, 43, 14, 56, 42]
1711 894 12.12 30.6 6 [10, 40, 13, 41, 7, 44]
1219 1664 22.72 78.38 5 [56, 29, 14, 13, 9]
2066 2302 10.85 16.29 6 [31, 26, 14, 34, 54, 41]
1068 2140 15.55 45.79 10 [59, 51, 41, 22, 18, 24, 40, 15, 30, 32]
2452 1846 11.32 20.93 7 [17, 43, 3, 58, 49, 18, 4]
2116 1372 26.81 91.6 4 [2, 9, 59, 57]
1166 1837 10.41 24.52 7 [15, 44, 9, 39, 51, 16, 20]
1307 1195 12.09 12.71 4 [55, 18, 47, 54]
2467 1079 16.54 40.71 1 [23]
2306 2352 28.47 114.78 2 [51, 41]
1439 2365 13.57 55.36 7 [58, 4, 25, 56, 39, 44, 49]
848 933 10.4 21.45 4 [24, 13, 36, 42]
1477 2129 24.19 36.26 5 [29, 42, 26, 15, 36]
1024 2018 24.3 31.2 10 [49, 18, 55, 16, 56, 31, 24, 4, 2, 34]
1224 1586 73.66 119.72 5 [18, 37, 44, 36, 16]
1611 1399 61.14 243.57 10 [52, 35, 17, 55, 5, 45, 29, 41, 39, 57]
1572 1926 85.67 157.01 1 [41]
1761 716 19.86 92.06 4 [28, 19, 51, 32]
2075 2463 10.99 48.97 7 [43, 2, 44, 14, 7, 32, 23]
1827 2451 12.39 17.33 9 [18, 2, 12, 53, 44, 43, 54, 50, 42]
1646 1007 58.61 159.33 8 [26, 4, 25, 34, 54, 19, 32, 13]
991 1888 21.37 75.1 5 [22, 37, 32, 17, 48]
2151 1616 24.55 52.85 8 [31, 12, 48, 5, 0, 18, 39, 10]
857 2406 10.01 28.8 7 [56, 30, 51, 1, 28, 16, 15]
948 2051 36.53 93.88 4 [11, 14, 6, 56]
2232 963 24.95 108.49 1 [35]
979 1698 56.4 134.91 6 [11, 17, 53, 56, 23, 43]
995 795 61.15 232.65 8 [40, 27, 1, 19, 29, 0, 59, 17]
2282 1950 32.97 87.66 9 [17, 9, 26, 42, 21, 5, 36, 29, 22]
573 1908 40.27 44.37 7 [26, 49, 43, 10, 38, 9, 57]
1843 2440 14.84 70.45 1 [48]
855 1524 14.87 31.11 7 [16, 3, 12, 11, 0, 23, 59]
1610 2157 14.96 15.61 8 [15, 38, 6, 1, 41, 2, 37, 4]
674 1496 39.18 173.77 9 [22, 15, 46, 56, 37, 13, 9, 0, 12]
2400 2098 11.15 48.74 10 [51, 18, 0, 27, 43, 14, 47, 46, 45, 8]
2329 2474 15.65 46.78 9 [13, 7, 6, 0, 3, 17, 54, 25, 27]
2415 547 10.37 33.21 6 [38, 26, 4, 31, 0, 18]
2043 852 11.66 40.59 3 [51, 17, 9]
857 1432 11.06 26.99 4 [9, 51, 16, 47]
1425 869 31.11 116.88 9 [55, 10, 57, 30, 3, 18, 52, 4, 54]
1537 670 10.21 49.0 9 [41, 32, 30, 0, 15, 22, 3, 50, 19]
669 798 10.58 18.09 2 [33, 15]
1826 2329 55.73 264.68 5 [8, 29, 49, 51, 6]
2133 1299 11.26 45.73 3 [30, 48, 44]
2387 2320 50.14 176.74 1 [22]
1369 784 21.08 82.3 6 [57, 32, 50, 40, 34, 36]
1802 2015 12.93 22.16 10 [4, 22, 1, 19, 35, 53, 32, 23, 42, 56]
899 766 13.43 31.8 1 [7]
1086 608 33.29 130.2 5 [3, 1, 23, 17, 47]
2351 2313 45.76 171.36 7 [31, 34, 25, 15, 36, 26, 41]
1003 1708 19.19 20.1 8 [21, 42, 1, 22, 6, 18, 45, 25]
2262 1849 12.51 33.31 2 [6, 12]
2015 1726 10.75 43.33 5 [8, 39, 22, 26, 9]
1490 2404 14.23 51.03 4 [41, 21, 12, 24]
1654 606 43.92 140.19 4 [32, 47, 24, 34]
1956 2406 48.45 230.79 7 [3, 38, 59, 30, 13, 17, 22]
1720 2383 16.83 19.12 5 [2, 34, 11, 1, 17]
1999 1148 21.6 106.72 6 [43, 53, 26, 59, 19, 4]
2178 1325 14.13 39.36 8 [10, 14, 34, 23, 47, 28, 29, 5]
2044 707 25.18 82.58 1 [21]
1002 1424 10.43 47.15 10 [43, 31, 40, 47, 45, 34, 55, 17, 56, 2]
1762 2231 27.44 57.07 1 [44]
1013 1171 22.32 48.07 8 [17, 51, 28, 59, 52, 18, 55, 26]
1924 2245 18.62 53.08 9 [58, 10, 21, 45, 22, 32, 47, 59, 9]
1763 2378 12.31 39.22 9 [6, 40, 1, 36, 16, 27, 20, 23, 25]
1824 786 19.43 52.73 5 [56, 41, 54, 57, 18]
1429 758 30.52 141.65 8 [57, 1, 4, 31, 18, 19, 13, 33]
1613 1571 30.52 52.7 6 [34, 51, 14, 55, 25, 46]
1587 1923 17.29 30.72 3 [18, 22, 40]
790 2109 12.05 52.29 6 [35, 30, 59, 49, 57, 32]
1678 1381 14.59 37.82 6 [23, 42, 50, 45, 53, 21]
1864 936 13.05 41.84 6 [18, 19, 7, 24, 29, 21]
1305 1912 14.47 55.51 5 [5, 21, 22, 45, 6]
729 724 15.15 18.89 8 [18, 34, 50, 56, 21, 13, 15, 24]
1493 1095 13.76 36.45 6 [39, 48, 16, 23, 1, 37]
1447 1525 10.52 41.26 3 [43, 58, 33]
1883 1256 24.62 84.86 1 [9]
1275 1702 12.83 64.09 8 [22, 36, 58, 14, 38, 1, 37, 39]
2180 702 12.04 15.42 7 [27, 0, 30, 18, 33, 38, 17]
2352 763 16.89 17.32 3 [21, 58, 54]
1915 883 22.56 23.54 3 [3, 51, 32]
2233 854 15.17 55.83 3 [2, 9, 23]
1018 899 13.74 51.84 8 [40, 46, 51, 32, 29, 54, 19, 17]
551 2193 26.25 109.97 1 [17]
2409 951 11.25 48.59 6 [54, 25, 13, 23, 48, 6]
1324 2097 23.79 98.19 5 [10, 47, 38, 59, 25]
1995 611 12.35 33.62 10 [59, 39, 18, 11, 3, 15, 21, 43, 24, 51]
524 669 16.02 70.07 4 [24, 2, 25, 30]
2049 1895 22.67 39.63 9 [58, 35, 42, 44, 10, 13, 6, 45, 11]
879 1927 44.98 72.37 1 [55]
2469 1031 11.27 14.16 10 [16, 34, 17, 3, 47, 19, 54, 59, 22, 36]
724 1960 55.63 165.97 4 [0, 43, 58, 45]
1038 1563 18.38 57.76 2 [58, 8]
2216 1971 31.34 144.82 2 [45, 30]
1564 806 12.19 52.71 9 [33, 3, 39, 36, 35, 20, 41, 31, 12]
1416 983 13.25 18.69 1 [48]
953 1098 11.21 37.66 2 [23, 33]
2452 1883 12.23 14.51 6 [13, 0, 36, 14, 30, 29]
955 2199 14.9 43.73 9 [28, 23, 27, 46, 18, 17, 11, 2, 8]
1643 1700 14.25 21.27 5 [12, 55, 29, 16, 33]
967 527 32.93 68.67 9 [7, 10, 50, 39, 49, 58, 47, 8, 41]
1002 652 93.3 291.05 8 [18, 3, 38, 4, 7, 47, 36, 49]
2379 1138 22.01 78.84 10 [53, 57, 40, 23, 21, 36, 22, 49, 47, 52]
2064 1293 11.46 46.09 8 [26, 58, 57, 11, 6, 36, 19, 3]
1961 652 25.9 113.99 3 [43, 44, 26]
1391 702 12.73 25.71 1 [19]
1943 1767 18.11 52.36 7 [5, 52, 43, 21, 46, 19, 16]
560 2028 18.99 46.21 6 [29, 8, 53, 32, 35, 44]
797 1970 21.76 48.44 4 [23, 30, 31, 1]
1207 932 19.13 36.16 4 [6, 52, 36, 30]
1222 1738 17.39 67.63 1 [46]
1030 991 37.17 91.13 1 [52]
943 641 12.24 23.02 7 [37, 54, 1, 39, 42, 24, 40]
1802 2198 30.29 145.37 3 [26, 53, 29]
2108 2397 72.09 151.75 10 [24, 53, 55, 29, 25, 32, 42, 34, 27, 45]
900 1789 16.79 24.98 1 [54]
2354 1422 11.24 12.77 6 [10, 5, 46, 25, 49, 48]
1466 1703 67.21 217.55 9 [50, 8, 35, 9, 37, 12, 40, 17, 57]
539 1101 10.44 31.41 2 [21, 38]
1907 1542 15.57 30.32 7 [0, 35, 1, 56, 41, 14, 47]
788 2416 20.66 51.75 5 [58, 33, 59, 36, 11]
2290 2383 12.13 50.55 6 [58, 45, 49, 35, 51, 46]
1475 1172 39.31 113.18 3 [24, 56, 47]
701 899 11.52 37.1 7 [21, 20, 18, 43, 1, 39, 48]
1456 1483 10.46 50.04 2 [6, 54]
548 582 13.47 35.95 4 [37, 28, 34, 40]
504 1116 30.33 66.82 9 [59, 1, 44, 8, 55, 26, 11, 31, 0]
1131 799 72.41 355.0 3 [6, 41, 40]
1087 2155 13.24 48.44 3 [33, 36, 16]
1770 868 10.71 51.69 1 [16]
544 2382 13.37 55.79 9 [17, 54, 35, 28, 32, 58, 0, 16, 36]
1220 2237 10.61 34.75 9 [33, 8, 47, 11, 29, 18, 19, 31, 56]
2206 662 11.28 44.68 7 [23, 11, 55, 10, 48, 30, 59]
1108 1935 10.05 18.09 9 [34, 54, 21, 5, 16, 45, 2, 23, 32]
950 1510 27.7 78.41 9 [7, 14, 50, 59, 26, 20, 37, 3, 12]
1193 657 11.06 21.87 9 [21, 0, 53, 24, 23, 9, 39, 25, 2]
1558 1859 11.15 24.52 7 [19, 56, 34, 47, 48, 50, 37]
1395 2200 36.48 177.17 1 [40]
730 812 31.44 94.02 6 [17, 45, 59, 14, 19, 49]
750 1120 43.1 166.71 9 [27, 35, 39, 25, 45, 10, 8, 54, 52]
1043 2275 19.76 67.6 2 [47, 18]
1509 1863 10.45 30.28 9 [17, 1, 2, 29, 49, 28, 56, 40, 39]
1023 1322 10.9 17.4 6 [1, 33, 20, 54, 2, 22]
1473 829 11.71 22.82 2 [53, 27]
1116 1978 12.97 24.25 1 [8]
1409 661 11.83 40.0 7 [11, 7, 28, 36, 35, 47, 3]
1538 2068 14.28 49.98 1 [59]
780 1057 16.73 45.47 4 [16, 58, 47, 32]
2424 766 11.13 54.54 10 [26, 39, 15, 8, 40, 48, 49, 19, 16, 53]
2245 1098 14.7 23.71 1 [47]
971 1279 17.22 40.94 3 [38, 36, 37]
2197 2132 11.62 17.35 9 [33, 2, 42, 16, 23, 19, 26, 37, 51]
2301 900 14.21 45.16 6 [5, 22, 56, 49, 3, 37]
1399 687 48.53 154.68 10 [23, 1, 51, 42, 56, 32, 22, 19, 54, 4]
1016 1559 10.66 23.17 6 [37, 16, 32, 57, 21, 26]
1789 1919 30.76 44.51 7 [23, 55, 13, 6, 34, 24, 14]
850 2119 15.88 61.97 8 [58, 34, 29, 48, 44, 30, 28, 52]
1516 2323 14.99 51.9 3 [46, 50, 24]
1032 1965 14.28 48.62 3 [15, 4, 34]
827 1795 12.28 57.37 3 [26, 41, 46]
937 2003 12.24 55.49 3 [43, 47, 22]
2129 2100 38.92 164.15 7 [52, 43, 7, 40, 53, 1, 33]
1999 1378 11.45 38.69 2 [7, 36]
1967 2354 10.64 32.9 9 [50, 51, 56, 28, 14, 13, 59, 20, 44]
685 1229 33.98 43.35 5 [28, 38, 41, 32, 9]
1588 2135 12.47 35.3 1 [18]
2203 1059 11.65 21.88 2 [15, 38]
1636 1134 26.06 128.37 9 [1, 13, 48, 12, 40, 18, 20, 9, 16]
1382 1249 11.64 21.83 8 [12, 13, 31, 51, 16, 28, 40, 17]
2217 1768 22.93 37.96 8 [1, 12, 16, 34, 51, 0, 22, 17]
2265 1296 33.71 164.97 3 [1, 9, 14]
2190 604 12.95 41.0 6 [1, 28, 39, 12, 19, 15]
2008 1961 26.32 85.7 3 [50, 48, 6]
1671 1751 12.27 32.66 8 [11, 23, 1, 33, 27, 58, 35, 34]
2409 1339 14.23 42.29 9 [50, 42, 8, 5, 18, 17, 6, 53, 47]
1065 1957 21.06 101.48 3 [43, 44, 49]
2337 1349 28.41 57.21 3 [21, 53, 7]
749 1593 15.16 57.22 7 [13, 5, 33, 44, 8, 20, 26]
1719 715 23.04 109.49 7 [22, 33, 24, 41, 31, 43, 57]
2380 2442 28.89 48.17 1 [26]
1139 1075 14.1 54.41 2 [37, 40]