0 6
1 6
2 6
3 6
4 6
5 6
6 6
7 6
8 6
9 6
10 6
11 6
12 6
13 6
14 6
15 6
16 6
17 6
18 6
19 6
20 6
21 8
22 6
23 6
24 6
25 6
26 6
27 6
28 6
29 6
30 6
31 6
32 6
33 6
34 6
35 6
36 6
37 6
38 6
39 6
40 6
41 6
42 6
43 6
44 8
45 6
46 6
47 6
48 6
49 6
50 10
51 6
52 10
53 6
54 6
55 6
56 6
57 6
58 6
59 6
60 6
61 6
62 6
63 6
64 6
65 6
66 6
67 6
68 8
69 6
70 6
71 6
72 6
73 6
74 6
75 6
76 6
77 6
78 6
79 6
80 6
81 10
82 6
83 6
84 10
85 6
86 10
87 10
88 8
89 6
90 6
91 6
92 6
93 10
94 12
95 6
96 8
97 6
98 6
99 6
100 6
101 6
102 6
103 6
104 6
105 6
106 6
107 8
108 6
109 6
110 6
111 8
112 6
113 6
114 8
115 6
116 6
117 8
118 10
119 6
120 6
121 6
122 6
123 6
124 8
125 6
126 8
127 8
128 6
129 6
130 6
131 6
132 6
133 6
134 6
135 8
136 6
137 6
138 8
139 8
140 6
141 8
142 6
143 6
144 6
145 6
146 12
147 6
148 6
149 6
150 6
151 6
152 8
153 6
154 10
155 6
156 6
157 6
158 6
159 10
160 6
161 6
162 6
163 8
164 6
165 10
166 6
167 14
168 20
169 6
170 12
171 16
172 6
173 6
174 8
175 6
176 8
177 6
178 6
179 8
180 6
181 6
182 10
183 6
184 6
185 8
186 6
187 8
188 10
189 14
190 14
191 8
192 6
193 14
194 12
195 16
196 14
197 6
198 14
199 8
200 14
201 6
202 14
203 8
204 12
205 12
206 8
207 10
208 14
209 6
210 10
211 10
212 10
213 6
214 8
215 6
216 6
217 12
218 10
219 10
220 10
221 10
222 6
223 10
224 12
225 10
226 6
227 10
228 8
229 10
230 10
231 16
232 12
233 6
234 10
235 6
236 6
237 16
238 14
239 6
240 12
241 6
242 12
243 8
244 8
245 22
246 10
247 6
248 16
249 20
250 12
251 14
252 10
253 12
254 16
255 16
256 10
257 12
258 10
259 10
260 10
261 14
262 14
263 10
264 12
265 12
266 14
267 10
268 10
269 12
270 18
271 10
272 12
273 10
274 16
275 12
276 12
277 14
278 14
279 12
280 12
281 12
282 10
283 14
284 12
285 12
286 12
287 14
288 18
289 12
290 14
291 12
292 16
293 18
294 12
295 12
296 12
297 12
298 12
299 14
300 12
301 16
302 12
303 14
304 12
305 16
306 18
307 12
308 18
309 12
310 12
311 14
312 12
313 12
314 14
315 14
316 14
317 12
318 12
319 18
320 18
321 12
322 12
323 12
324 12
325 16
326 12
327 12
328 12
329 18
330 14
331 12
332 12
333 16
334 12
335 14
336 12
337 12
338 14
339 12
340 12
341 14
342 14
343 12
344 12
345 14
346 12
347 12
348 12
349 12
350 14
351 16
352 12
353 12
354 12
355 12
356 12
357 12
358 12
359 14
360 14
361 12
362 12
363 12
364 12
365 14
366 14
367 12
368 14
369 14
370 12
371 12
372 14
373 12
374 18
375 12
376 12
377 12
378 12
379 12
380 14
381 16
382 12
383 12
384 12
385 12
386 16
387 12
388 12
389 12
390 14
391 14
392 12
393 12
394 12
395 20
396 12
397 12
398 12
399 12
400 14
401 12
402 12
403 18
404 18
405 12
406 12
407 12
408 12
409 16
410 12
411 12
412 12
413 14
414 12
415 12
416 12
417 12
418 14
419 14
420 12
421 12
422 16
423 16
424 12
425 12
426 12
427 14
428 12
429 12
430 14
431 14
432 14
433 12
434 12
435 12
436 14
437 12
438 14
439 12
440 12
441 16
442 12
443 12
444 12
445 14
446 12
447 12
448 14
449 12
450 12
451 12
452 14
453 12
454 12
455 12
456 12
457 12
458 12
459 12
460 18
461 12
462 12
463 20
464 14
465 12
466 12
467 12
468 12
469 12
470 12
471 12
472 12
473 12
474 12
475 12
476 12
477 12
478 16
479 12
480 12
481 12
482 12
483 16
484 12
485 12
486 12
487 14
488 14
489 12
490 12
491 12
492 12
493 12
494 14
495 12
496 12
497 12
498 14
499 12
