0 6
1 6
2 14
3 10
4 12
5 10
6 14
7 6
8 22
9 14
10 18
11 12
12 20
13 10
14 6
15 12
16 16
17 6
18 6
19 6
20 22
21 16
22 12
23 14
24 14
25 16
26 18
27 20
28 14
29 8
30 12
31 6
32 20
33 20
34 12
35 10
36 8
37 16
38 6
39 6
40 6
41 6
42 10
43 20
44 12
45 6
46 18
47 18
48 6
49 10
50 22
51 20
52 12
53 8
54 6
55 12
56 6
57 12
58 6
59 6
60 20
61 20
62 6
63 22
64 22
65 10
66 10
67 6
68 16
69 10
70 16
71 6
72 6
73 14
74 16
75 14
76 8
77 6
78 16
79 18
80 20
81 16
82 22
83 16
84 18
85 16
86 8
87 12
88 6
89 6
90 6
91 18
92 14
93 22
94 18
95 18
96 6
97 12
98 14
99 6
100 10
101 12
102 12
103 6
104 8
105 6
106 8
107 6
108 8
109 22
110 14
111 14
112 22
113 10
114 12
115 8
116 10
117 14
118 22
119 14
120 8
121 8
122 8
123 10
124 20
125 6
126 14
127 16
128 10
129 16
130 22
131 6
132 20
133 6
134 22
135 14
136 12
137 12
138 22
139 14
140 10
141 16
142 10
143 6
144 10
145 8
146 22
147 22
148 20
149 6
150 6
151 22
152 12
153 16
154 16
155 6
156 14
157 14
158 20
159 14
160 22
161 6
162 14
163 6
164 16
165 8
166 8
167 8
168 18
169 22
170 20
171 10
172 18
173 20
174 14
175 20
176 18
177 18
178 20
179 16
180 8
181 12
182 8
183 6
184 22
185 18
186 8
187 10
188 14
189 20
190 22
191 6
192 14
193 22
194 20
195 8
196 10
197 10
198 22
199 18
200 16
201 6
202 12
203 18
204 16
205 18
206 14
207 6
208 22
209 20
210 6
211 8
212 8
213 18
214 22
215 10
216 6
217 18
218 22
219 18
220 8
221 6
222 18
223 6
224 22
225 12
226 6
227 8
228 6
229 12
230 18
231 22
232 14
233 10
234 12
235 14
236 8
237 22
238 16
239 8
240 20
241 22
242 22
243 6
244 14
245 20
246 6
247 6
248 20
249 16
250 6
251 20
252 14
253 18
254 8
255 10
256 18
257 22
258 8
259 6
260 6
261 12
262 12
263 14
264 12
265 16
266 18
267 18
268 16
269 8
270 12
271 6
272 6
273 6
274 8
275 20
276 16
277 22
278 14
279 10
280 6
281 14
282 6
283 12
284 22
285 6
286 20
287 20
288 18
289 20
290 20
291 6
292 6
293 18
294 14
295 6
296 6
297 24
298 16
299 18
300 16
301 14
302 12
303 10
304 14
305 26
306 20
307 8
308 22
309 18
310 6
311 10
312 16
313 8
314 12
315 18
316 26
317 6
318 18
319 18
320 22
321 12
322 10
323 8
324 6
325 26
326 8
327 8
328 6
329 12
330 22
331 14
332 16
333 22
334 12
335 26
336 10
337 12
338 22
339 6
340 6
341 12
342 14
343 18
344 6
345 18
346 6
347 14
348 8
349 18
350 8
351 12
352 8
353 18
354 6
355 10
356 16
357 6
358 6
359 18
360 12
361 6
362 14
363 16
364 10
365 20
366 26
367 6
368 14
369 18
370 6
371 16
372 18
373 6
374 6
375 6
376 26
377 8
378 18
379 30
380 30
381 12
382 14
383 10
384 18
385 12
386 24
387 6
388 12
389 16
390 14
391 10
392 22
393 8
394 26
395 16
396 14
397 12
398 18
399 26
400 22
401 8
402 10
403 26
404 24
405 28
406 22
407 18
408 14
409 24
410 16
411 14
412 32
413 6
414 22
415 6
416 10
417 16
418 16
419 20
420 18
421 6
422 16
423 12
424 24
425 10
426 8
427 16
428 14
429 28
430 12
431 24
432 22
433 20
434 6
435 10
436 24
437 10
438 28
439 12
440 8
441 24
442 6
443 8
444 28
445 14
446 28
447 20
448 28
449 10
450 12
451 18
452 18
453 20
454 14
455 20
456 12
457 30
458 10
459 22
460 12
461 8
462 22
463 28
464 36
465 18
466 8
467 14
468 10
469 16
470 22
471 16
472 8
473 10
474 28
475 30
476 22
477 6
478 22
479 28
480 36
481 16
482 34
483 36
484 38
485 26
486 22
487 16
488 18
489 20
490 34
491 28
492 14
493 36
494 42
495 14
496 36
497 24
498 42
499 30
