0 14
1 14
2 22
3 16
4 18
5 16
6 26
7 14
8 34
9 30
10 30
11 20
12 30
13 20
14 12
15 24
16 30
17 12
18 12
19 12
20 34
21 30
22 22
23 28
24 24
25 28
26 34
27 36
28 38
29 18
30 22
31 14
32 36
33 36
34 24
35 18
36 14
37 26
38 10
39 12
40 12
41 14
42 16
43 30
44 20
45 12
46 34
47 28
48 14
49 20
50 50
51 48
52 34
53 20
54 10
55 22
56 12
57 24
58 8
59 12
60 36
61 54
62 10
63 52
64 52
65 22
66 24
67 14
68 30
69 18
70 32
71 16
72 10
73 28
74 40
75 26
76 18
77 16
78 38
79 36
80 56
81 28
82 44
83 32
84 36
85 46
86 18
87 28
88 16
89 10
90 12
91 34
92 26
93 44
94 44
95 36
96 18
97 24
98 24
99 14
100 28
101 28
102 36
103 12
104 18
105 12
106 20
107 6
108 20
109 46
110 32
111 24
112 36
113 30
114 30
115 16
116 30
117 38
118 50
119 36
120 20
121 20
122 24
123 26
124 48
125 12
126 34
127 30
128 22
129 38
130 58
131 12
132 50
133 12
134 60
135 34
136 36
137 36
138 48
139 28
140 26
141 40
142 30
143 14
144 26
145 24
146 48
147 38
148 50
149 16
150 16
151 44
152 30
153 38
154 38
155 10
156 30
157 40
158 46
159 34
160 38
161 12
162 42
163 12
164 36
165 16
166 18
167 22
168 38
169 44
170 46
171 24
172 38
173 40
174 28
175 56
176 42
177 46
178 50
179 42
180 22
181 34
182 20
183 12
184 48
185 48
186 24
187 26
188 34
189 50
190 48
191 12
192 34
193 52
194 44
195 16
196 26
197 26
198 52
199 44
200 36
201 18
202 32
203 40
204 44
205 42
206 30
207 12
208 62
209 36
210 12
211 24
212 16
213 46
214 56
215 26
216 14
217 42
218 60
219 48
220 24
221 18
222 48
223 12
224 62
225 34
226 16
227 20
228 14
229 34
230 50
231 52
232 40
233 26
234 36
235 40
236 24
237 60
238 42
239 22
240 56
241 48
242 64
243 12
244 38
245 52
246 12
247 12
248 42
249 42
250 12
251 44
252 40
253 52
254 22
255 28
256 48
257 42
258 22
259 12
260 10
261 34
262 36
263 30
264 32
265 38
266 48
267 42
268 40
269 22
270 30
271 16
272 10
273 12
274 22
275 56
276 44
277 50
278 42
279 30
280 18
281 36
282 12
283 30
284 52
285 12
286 40
287 46
288 48
289 50
290 46
291 12
292 18
293 46
294 38
295 12
296 16
297 52
298 44
299 46
300 44
301 42
302 32
303 30
304 34
305 50
306 56
307 24
308 64
309 50
310 12
311 30
312 40
313 24
314 32
315 48
316 56
317 16
318 40
319 36
320 56
321 32
322 30
323 22
324 18
325 48
326 18
327 18
328 12
329 36
330 56
331 30
332 46
333 58
334 36
335 64
336 28
337 28
338 52
339 18
340 12
341 24
342 32
343 34
344 10
345 40
346 12
347 42
348 18
349 46
350 20
351 34
352 18
353 46
354 10
355 20
356 46
357 12
358 18
359 38
360 20
361 18
362 36
363 36
364 18
365 50
366 34
367 12
368 40
369 38
370 12
371 48
372 48
373 18
374 12
375 12
376 54
377 20
378 42
379 52
380 56
381 34
382 36
383 28
384 40
385 30
386 56
387 12
388 34
389 48
390 34
391 28
392 60
393 12
394 44
395 36
396 38
397 28
398 44
399 58
400 42
401 18
402 24
403 52
404 60
405 54
406 60
407 42
408 30
409 46
410 42
411 36
412 54
413 16
414 40
415 12
416 18
417 22
418 28
419 38
420 30
421 18
422 20
423 32
424 56
425 24
426 18
427 28
428 22
429 52
430 18
431 42
432 44
433 24
434 12
435 12
436 44
437 24
438 38
439 18
440 12
441 54
442 18
443 18
444 44
445 32
446 54
447 46
448 50
449 30
450 16
451 48
452 30
453 38
454 14
455 40
456 14
457 46
458 12
459 38
460 24
461 12
462 38
463 48
464 62
465 22
466 18
467 30
468 24
469 22
470 28
471 24
472 18
473 12
474 52
475 50
476 28
477 12
478 28
479 40
480 62
481 20
482 50
483 60
484 56
485 40
486 46
487 24
488 40
489 28
490 50
491 48
492 18
493 56
494 62
495 24
496 62
497 30
498 60
499 34
