0.0008907889623008162
0.001764641079875238
0.0021463360748548398
0.0021463360748548398
0.003684449161630199
0.004087488593310429
0.004792867062958729
0.004795185718138723
0.004795185718138723
0.004795185718138723
0.004795185718138723
0.004795185718138723
0.005346034107932566
0.005346034107932566
0.005428536605337224
0.006174069849715133
0.007594683747665583
0.007594683747665583
0.008241772410996101
0.008694698303750316
0.008694698303750316
0.008954667822501894
0.008954667822501894
0.008954667822501894
0.008954667822501894
0.009013082122574814
0.009096428511420184
0.00985012321263836
0.00985012321263836
0.009927785499361248
0.010069798018530623
0.010487173746251178
0.010487173746251178
0.010750951067379517
0.011040235817708351
0.011040235817708351
0.011040235817708351
0.011348462012689384
0.012180220465953863
0.012180220465953863
0.012496144302328817
0.013236001182045836
0.013236001182045836
0.013236001182045836
0.013236001182045836
0.013634279559110073
0.01378008378523574
0.014634918565961254
0.014634918565961254
0.014952931765883932
0.014952931765883932
0.015074031046347847
0.015250048942584095
0.015250048942584095
0.015390162809225028
0.015844032081115737
0.016498123708816512
0.01723731616982948
0.017840320528321487
0.017840320528321487
0.018283879814188192
0.018283879814188192
0.01892219628307581
0.020133632184444302
0.020330193876213664
0.02087123742770577
0.02087123742770577
0.02087123742770577
0.02245162892036226
0.022677630361399536
0.022677630361399536
0.022967887209924626
0.02319533441776399
0.02354511024014571
0.02358271338628881
0.0257940768202209
0.0257940768202209
0.02645141535259945
0.027472270639557393
0.027472270639557393
0.02772814423785007
0.02772814423785007
0.02872148448650083
0.028804807989457233
0.02890168353833411
0.028963590363049584
0.028963590363049584
0.0293704953265552
0.03035209912617922
0.030595427919532164
0.030595427919532164
0.030747016832259822
0.030879218189857144
0.030920371055802493
0.030920371055802493
0.031113892429179984
0.031436137330891976
0.03155075285977849
0.03155075285977849
0.032388638687922404
0.03299342763311521
0.03304877116338552
0.03435503887738745
0.03435503887738745
0.03435503887738745
0.03435503887738745
0.03444772047001043
0.03452289995378102
0.03452289995378102
0.034847003724331575
0.034847003724331575
0.036198242682308986
0.03704858678221607
0.039082680058522126
0.040968533960218795
0.04150874535330267
0.04167750063605176
0.04229909372383122
0.04229909372383122
0.04274251317486501
0.04274251317486501
0.04274251317486501
0.04274307309647598
0.04316115462094049
0.04316115462094049
0.043603762838327835
0.04476780861062907
0.045981653017769984
0.04726426171342216
0.04764751620239386
0.04764751620239386
0.048640946848355286
0.048640946848355286
0.049310718417707726
0.04953064319421077
0.04953064319421077
0.04972702247133305
0.04972702247133305
0.04972702247133305
0.05074361828541318
0.05131913816336858
0.05131913816336858
0.05141548043607811
0.0522640714625133
0.05256056456282229
0.05307606188846649
0.05314006125870639
0.0533524679919125
0.053810650684786784
0.053950984695280306
0.05503206912150466
0.05595876308937325
0.05624614448302962
0.05626180294527301
0.05626180294527301
0.0564930481677335
0.056823895650236225
0.05739449476746148
0.05796939736625414
0.058738989415061275
0.0589284857617409
0.0589284857617409
0.05943995508128522
0.05968880629196849
0.05968880629196849
0.059768929406673964
0.059768929406673964
0.06037744785544241
0.06092866656852968
0.061025944936435296
0.061162517110096376
0.061162517110096376
0.06174170077585844
0.06192520195437582
0.062457975908573764
0.06396852495698115
0.06563116161969378
0.06598363646577425
0.06682744468954452
0.06753023178002178
0.06815270775927579
0.06815270775927579
0.06847765584916757
0.06892414793426961
0.06912027944683638
0.06990072392467601
0.07044105869236791
0.07044105869236791
0.0710565344295596
0.07138427367198696
0.07143940207091914
0.07199956013527446
0.07252860371530054
0.07287836546066379
0.07332979468625457
0.07380556625580537
0.07414554282396967
0.07424326153186864
0.07444593280532842
0.07495508704902168
0.07516770569098971
0.07539677905976053
0.07569803810389936
0.07582345825365186
0.07625464141535074
0.07647528050528062
0.07720047708104538
0.07725258946027119
0.07741805829201875
0.07753711212236594
0.07905285623108789
0.0796282768574813
0.07996938881878692
0.08028304950363435
0.0808473675336558
0.0818456490498238
0.08190841251696188
0.08210126897611164
0.08230815389139776
0.08282919301150427
0.08379032590116299
0.08440950803859787
0.08510910193444848
0.08510910193444848
0.08717007114786514
0.08775046286697662
0.08811416534511338
0.08910238139321536
0.08980637781042011
0.0898655908293778
0.09003064254050215
0.09098430005544828
0.09127113480051485
0.09173976907838113
0.09210592037425275
0.09257316288039091
0.09406851332661147
0.09443735122340943
0.09778764497855567
0.09817539491583525
0.09859917676652814
0.09873017674949408
0.09950899968050994
0.09958359604183518
0.09992174882437801
0.100036929544389
0.10115344054506187
0.10176769718509007
0.10239147461910648
0.10282107655336192
0.10344361100351053
0.10384937458535229
0.1041462880627357
0.10459265818650101
0.10500230528616135
0.10500230528616135
0.10519466629587092
0.10557757908862643
0.10617454769431436
0.10673619729407453
0.10740922689759844
0.10757222662336868
0.10805162671314397
0.1084724480088197
0.10900823715563886
0.1095871648341467
0.10998973676671198
0.11029380085844347
0.11079344859174185
0.11093967623014842
0.11103112499321381
0.11218090211090863
0.11234336977160418
0.1135733250353817
0.1138250677924424
0.11434265460121135
0.11472199326216276
0.11504883122061929
0.1153317710838771
0.11566916279613883
0.1164440325815064
0.11697036327171745
0.11719235893182087
0.11895679829741065
0.11895679829741065
0.1194363109011394
0.11962045215383746
0.11967291754860152
0.12020786385787827
0.12038972028693003
0.12115588671043866
0.121411458296199
0.12192268784403572
0.12246075036347316
0.1229486726228821
0.1229486726228821
0.12375166668568117
0.12469190473788773
0.12499866976123254
0.12610148231588564
0.12619807746981776
0.12662146282415157
0.1267426772661769
0.1268562151664608
0.1273269523627356
0.1273269523627356
0.12753647866322648
0.12826001920531668
0.12848164163277087
0.12919277025064033
0.1293226782156928
0.1294058513844658
0.1297508876004412
0.13001325737861227
0.1305486831947201
0.13074250504197027
0.1307940750754805
0.13107559942674576
0.1311512080638542
0.1311512080638542
0.13153090542284235
0.13182947866905942
0.13219135449177224
0.13227202236928468
0.13231662044006837
0.13383748529640793
0.13383748529640793
0.13425255147971138
0.13459074670897914
0.13461985524309716
0.13474104460757785
0.13545980591739143
0.1354926144554476
0.13643355606933513
0.1368237157952687
0.13744646717742198
0.1376186302264327
0.13777413986168666
0.1380478607489033
0.1384799665889392
0.13860594894912479
0.1386648531381634
0.13910802495941615
0.13958618515029989
0.1399851661248727
0.1400549565859922
0.14176497523248852
0.14198469369847655
0.14202487569837596
0.14238074112264879
0.1427884477838126
0.1431989112827133
0.14419870797986162
0.14455631326719304
0.14495561555760508
0.1451129098423185
0.14563673929363513
0.14612416961889454
0.14637696276245904
0.14637696276245904
0.1465503631216657
0.14674058190956293
0.14690178180082342
0.14695901103797637
0.14725405394147634
0.14817327408781783
0.14891031197080798
0.15035979933395816
0.15048309225033896
0.15087529060611768
0.15106081000352906
0.15106081000352906
0.15183956052758357
0.15338364651690126
0.15364624240786554
0.1538060186287153
0.15391194173261552
0.15415525659547638
0.15474093041944928
0.15483062159062763
0.15509432835303652
0.1552686315108171
0.15643342103187916
0.15720210619164834
0.15783841210488594
0.15788845025518772
0.15814281625981358
0.15814281625981358
0.1582734348127646
0.15862298514913606
0.15878528864514532
0.15908630504218566
0.1593709851651895
0.16036890192018075
0.1606312246281309
0.16303369311541638
0.16313803195253349
0.16332171225964878
0.16384178202271374
0.16409446152094734
0.16437527725106188
0.16469830750127568
0.16523048198011242
0.16559548702445026
0.16727432275605186
0.167625061140272
0.17000961026218986
0.17035889318760603
0.1705542125712644
0.172730131309585
0.1730246560588845
0.1731095078881756
0.1733463159243097
0.17585286928074728
0.17638153374194845
0.17642421478164638
0.17673673513730123
0.17770714360197998
0.17780623118986666
0.17821332597463463
0.1786559928212169
0.17903662007412102
0.17970075996490786
0.17999394649390305
0.18011375593481035
0.18074637413593972
0.1813240170136474
0.1819054296675033
0.1834476853816468
0.18523188113722797
0.18523188113722797
0.1865097001258016
0.18712094044893252
0.1872622634624574
0.18786785269773917
0.18928536245503
0.18956573022669795
0.18996702621664685
0.19108878159472117
0.19121948521277385
0.1912772633441158
0.19202946635636864
0.1922321499478106
0.19234893695058147
0.19409325629074747
0.19454705977676198
0.19464978415341297
0.19487592456107122
0.19552637716525376
0.1955861659658474
0.19692681201757553
0.19751409540642512
0.1979987761270749
0.19814366127630398
0.19867993983467533
0.1992490128117888
0.19992560544708657
0.20007618857506776
0.20043065287884998
0.20435731205652896
0.20444144977935227
0.2047266555532311
0.20483529565405373
0.20586308581603918
0.20605399155039517
0.20629874112641602
0.20669669516430955
0.20702529526355043
0.20738218256473098
0.20750770139409402
0.20794612687592146
0.20860924608576492
0.20894580664608808
0.20963933423118025
0.2097945256241234
0.20986294842624673
0.21007024694728496
0.2103909913356678
0.21074255508684148
0.21110544199037676
0.21116136876891098
0.21150479006509865
0.21160997273033663
0.2120553734436273
0.21249193678722353
0.21262304386036263
0.2129104924288911
0.2132767640978217
0.21369395687893947
0.21398074769674785
0.2157863574322525
0.21585532712300642
0.21602938689844337
0.21632966183639302
0.217931906861843
0.21838726526327196
0.2207972718859107
0.22098161500711133
0.22155130991752217
0.2221404488167669
