0.0
0.0
0.0
0.0
0.0
0.0005101105176295029
0.000508238871453015
0.0005073028811295455
0.0005049551494971105
0.0005048699887053587
0.0005332097933016255
0.000525948970094392
0.0008282464873975437
0.0008272510532912891
0.0008188015430955486
0.0008187876094577495
0.000816276109020353
0.000815708099373702
0.0008156916874878517
0.0008136699462578667
0.0008123210340281739
0.0008110850125374602
0.0008486856965562728
0.0008475349463736848
0.000846726768290007
0.000845534233393952
0.0008420860372585492
0.0008410565736730602
0.0008385229129617144
0.00361960218651447
0.0035962053299577468
0.004940901746075976
0.005166661964881247
0.005150268564077409
0.005148029992543046
0.006188464759152801
0.006188141751765852
0.006235482337799025
0.006228643150469559
0.006376380451586283
0.006359346984180947
0.006650800342235974
0.007076921920792012
0.007318132998236582
0.007806980470318026
0.009179129675611741
0.009640937019427032
0.009636986274684789
0.009942847370257413
0.00994140096128504
0.010295567055249477
0.010241825307031216
0.010232054953710157
0.011622136382285597
0.013298765327919515
0.014111109509577946
0.014110707213544127
0.01436694826050644
0.01547365990537064
0.01594800846119948
0.01671320057751191
0.0170686022087424
0.01706275694078674
0.01891429246088361
0.018891338054387363
0.018875762116718042
0.01885543916920529
0.018851682570359962
0.0188221120717883
0.019077065590674458
0.019526539159741896
0.020726672410217972
0.02061014122878968
0.02219247961461679
0.022172060638152247
0.02215890343208382
0.022155803994123646
0.022578905626247647
0.022524306890727264
0.022493593319435123
0.02391782766399808
0.025887118828451294
0.026369518819673976
0.027544573717971477
0.027501082133947197
0.02749080816703764
0.029489798416837854
0.029543247977217302
0.03252492583860511
0.032514323156857206
0.032984407958008166
0.032935407341613376
0.032708727157870876
0.03299395620878165
0.033605645733129075
0.035005316621140925
0.03598243404997359
0.03684479530187834
0.038786810953939876
0.040861618510301456
0.04084837848387357
0.04113881710256706
0.04109022266587847
0.04099896574908024
0.04100606498192916
0.043265398168686686
0.04379338566596913
0.044028974482801964
0.04797160716774762
0.047998362630988
0.04794535543200751
0.04785748819341562
0.048565351954616975
0.04880237976668533
0.048768038834005156
0.04935033822405521
0.04947991708328314
0.04947009844876027
0.05036371791338967
0.05161504873216727
0.05172574519608486
0.05280628913567387
0.05275120961013646
0.05268774190522507
0.05271001049756607
0.05272296582916791
0.05652206629691692
0.05857035968327129
0.05883508920989122
0.05937656038268302
0.05927751576907758
0.05928774651930557
0.05967118503920166
0.059759868973934926
0.061653073417141435
0.06163158165880367
0.06301575471402909
0.06418807327962861
0.06527362282916493
0.06564237878935686
0.06552108939880585
0.0654009325391185
0.06612556627557398
0.06792349527272579
0.0687613405207661
0.06929191894725328
0.06928311304064705
0.07038954754711524
0.07000464679326768
0.07092967706391762
0.07392712044955774
0.07393130376486046
0.07557964172407583
0.0757162317229253
0.0758506318295733
0.0756585467284333
0.07560435188779568
0.07855139934174271
0.07862581182946504
0.0789665282688069
0.07922982828234348
0.08369479816362457
0.08381418574483501
0.08400658050341248
0.08395994477188617
0.08824422076046923
0.08786640114726463
0.0906652885764071
0.0920145270508349
0.09190644431777195
0.0919229257476033
0.09196100095238158
0.09211402704263605
0.0917608887662974
0.09274616731430774
0.09304966663623992
0.09333751946307534
0.09335340301787598
0.09423824906597922
0.09502142344417575
0.09504697635222337
0.09545506607620513
0.09696718912125823
0.10191211807523493
0.10204153717294284
0.10332244949190161
0.10437440175009027
0.10505074040948392
0.10570371919488109
0.10598663760692628
0.1073064693859499
0.10964961957096242
0.1096365193394171
0.11075570761869136
0.11265394420691033
0.11399090842741244
0.11518272724131673
0.11996499121512616
0.12020278854213817
0.12175762273571777
0.12234612648766063
0.12286952621515523
0.1257263764683081
0.1261728063319848
0.1276743426518686
0.12763577791163816
0.12818224164333303
0.1296051434100215
0.13039137992871286
0.1303727751802497
0.13116051465631529
0.13241638379081277
0.13628183882058165
0.13631682507488907
0.14371318659116838
0.1436796999934875
0.14551537686732907
0.14620964942119452
0.14635114643158254
0.14810296191829764
0.14831589463749573
0.15226598295714266
0.1521933257714959
0.15346234155513505
0.15371945320787073
0.15496217197235596
0.15547792443975106
0.1581144914114978
0.15914406784784563
0.1597314874575495
0.1600311687702598
0.16658615302399415
0.16783562673336305
0.16950494550973794
0.16989945345780155
0.17006082276891166
0.17010673170422397
0.17015186938906712
0.17023841062419864
0.1702333275681972
0.17085858781991659
0.17141881225498978
0.17207491329801905
0.17171215492235792
0.1738850314971907
0.18236368625009447
0.182744234950599
0.18275600461303154
0.18277392077484722
0.18302699655932264
0.18459368140139076
0.18370411323899327
0.18472965468009128
0.18541498343957574
0.18552467540699213
0.18757058262313475
0.19705036080877247
0.1972964911491708
0.1990395631226004
0.19981386579526839
0.20164151808129838
0.20245006508527186
0.20281959587469445
0.2035208812925401
0.20345084100287514
0.20359777841924287
0.20384752442588838
0.20399392794436022
0.2043750437074009
0.2062193001708813
0.2073337353120127
0.20878724646240188
0.21039519872831047
0.21081502134258334
0.21417274256002694
0.21566850879444543
0.21621607337525317
0.2162522706791482
0.21661435584224553
0.21718011323320663
0.2213348655727857
0.22198330723262572
0.22204545305708356
0.22250156021217338
0.22275034614539468
0.22346029637470866
0.22360672802220094
0.22463356548414115
0.22444844077613857
0.22474140471363802
0.22408215764230222
0.22655416054954203
0.23093439338740174
0.23120963232483926
0.23134023997828812
0.23149135320057046
0.23157082678435514
0.23582629510877462
0.23632281148542078
0.23653644319820077
0.2374635726396317
0.238453260221542
0.2393099394766347
0.23952737565686388
0.24005145973221687
0.24021945904762942
0.24007078733386789
0.23989487104290652
0.23976776317655757
0.24111694349198187
0.24135935321412405
0.24353854816189624
0.24368944968398032
0.24550072763153097
0.24566133887817032
0.24608571250405975
0.24874173583804893
0.249013273842417
0.24965333331367556
0.2503623344313286
0.2505396138682061
0.2505320396147628
0.2524672746862857
0.25251821780423667
0.25170230581862096
0.25235508662847195
0.2535311408469689
0.2540298886928427
0.2546484376727569
0.25480163888793894
0.2548883680203259
0.25556294163194504
0.25697438477973866
0.2574618880200802
0.2580369422479144
0.2579620648174845
0.2601618486067624
0.26032968761316067
0.2612223136540862
0.2606911638946918
0.2606739274253064
0.2616360861530177
0.263108503391978
0.26380214358349174
0.264881125823035
0.2652581581425163
0.265290333869844
0.2678040780444102
0.2678536600748702
0.26586034853932383
0.26631994048196106
0.2671951937859445
0.2675407378847223
0.26760088347292044
0.2775810264830857
0.27771891134641546
0.278589841510415
0.2792116435820883
0.27712751354418497
0.2772026465035462
0.27823809454004245
0.27842495291179103
0.27933757794409575
0.2795603053389881
0.28037550416239687
0.2801649561464298
0.28020951860807075
0.2815008704123503
0.28306326523381553
0.2826157693287633
0.28272883875037846
0.2824214506176902
0.283437503449685
0.2833335017934987
0.28337563908745267
0.28364147258187367
0.2843344670368261
0.28421667356450253
0.2842273847188177
0.2851911733498438
0.28579135719195803
0.28695552632524846
0.2876797669478208
0.2884146748720444
0.2910843499730893
0.2917530965767544
0.29405804792989143
0.29408182059668164
0.2963508250201855
0.2970130416368155
0.2976937553581248
0.2981381039304277
0.29851472549281133
0.29907248317664015
0.30037262895391714
0.2991874119405066
0.29895978843985327
0.3002055678675485
0.3012849083510618
0.3020620621624225
0.30129436555420896
0.30129831518871475
0.3021206363486184
0.30252420719988926
0.3034002804539613
0.3048612345851244
0.30493973409322084
0.3059467427251672
0.3068393301211827
0.3120683836838557
0.312029038652089
0.3130561161385581
0.3144396125703294
0.3154930411675093
0.31664145996283977
0.3174363837389981
0.3177457381351576
0.3185200699026909
0.31913434448155775
0.31917433010296437
0.3211768311807014
0.32244277303242086
0.32343531250257174
0.32412099944767825
0.32415145686745017
0.3248014790180309
0.32924718424481625
0.32961874148809056
0.3297777465260502
0.32992879459776314
0.3300927711400352
0.33060174521865493
0.330855090150058
0.3311004245935628
0.3313640595897013
0.33088781246138166
0.33164544657732586
0.33154395516013013
0.3316798233814109
0.33203765229915216
0.3328191238388515
0.33121210417073466
0.3308915164519912
0.33135488176373384
0.33157848695647874
0.332806531554108
0.3352846842366699
0.33580888884628846
0.33598936335069907
0.33719824407539045
0.33783628338224336
0.3386004195334571
0.33867049364025237
0.3395543789332468
0.34043649136731446
0.3404580490361826
0.3407571266781223
0.3412072793869533
0.3422184305800112
0.3422956264829241
0.34428817944249346
0.34559643564001286
0.34555555516001224
0.34656727466821646
0.34621523832686874
0.34667641762375645
0.3483097467046662
0.3499431391210095
0.35009301410685845
0.35076420140299924
0.35059711232791335
0.3514920371643969
0.3529038935496781
0.35246692164565785
0.35383057779329496
0.35373413305393864
0.35840529096916995
0.3587556731305125
0.35888305151831645
0.35946129649557157
0.3597245817530258
0.3606537410705285
0.3608206469413535
0.36163621315207095
0.36269638330936216
0.363710223682553
0.3638997031523612
0.3644063507157489
0.36950025420778576
0.3695289817625673
0.36981329079318426
0.3701224755977307
0.3700831919634894
0.3707663216124989
0.3709774894234792
0.37181201524224894
0.372411089158717
0.37371162014271575
0.3735307345359492
0.3743577655001121
