0
0
0
0
0
0
0
0
0
0
0
0
0
0
0
0
0
0
0
0
0
0
0
0
0
0
0
0
0
0
0
0
0
0
0
0
7.500662342632297e-05
7.500662342632297e-05
7.500662342632297e-05
7.500662342632297e-05
7.500662342632297e-05
7.500662342632297e-05
7.500662342632297e-05
7.500662342632297e-05
7.500662342632297e-05
7.500662342632297e-05
7.500662342632297e-05
7.500662342632297e-05
7.500662342632297e-05
7.500662342632297e-05
7.500662342632297e-05
7.500662342632297e-05
9.862632241433418e-05
9.862632241433418e-05
9.862632241433418e-05
9.862632241433418e-05
9.862632241433418e-05
0.00021162155111597742
0.00021162155111597742
0.00021162155111597742
0.00021162155111597742
0.00021162155111597742
0.00021162155111597742
0.00021162155111597742
0.00021162155111597742
0.00036728624982974547
0.00036728624982974547
0.0004735173020225728
0.0004735173020225728
0.0004735173020225728
0.0004735173020225728
0.0005039637775552373
0.0005039637775552373
0.0005039637775552373
0.0005039637775552373
0.0005039637775552373
0.0005039637775552373
0.0005039637775552373
0.0005039637775552373
0.0008634318384228395
0.0015650822030448827
0.0015650822030448827
0.0015650822030448827
0.0016821644511002007
0.0016821644511002007
0.0016821644511002007
0.0016821644511002007
0.0016821644511002007
0.0016821644511002007
0.002241956282292032
0.0028032828909063954
0.0028032828909063954
0.0028032828909063954
0.002989583758137976
0.002989583758137976
0.0036861721603700863
0.003922353974838697
0.003922353974838697
0.003922353974838697
0.003922353974838697
0.0040187828866090625
0.00410155537096692
0.00410155537096692
0.004225632901918854
0.004225632901918854
0.004225632901918854
0.004225632901918854
0.004499611954252222
0.004499611954252222
0.0050976479004986065
0.0054048437475119416
0.005577848647554666
0.005577848647554666
0.006342303588358679
0.006342303588358679
0.006342303588358679
0.00642523186574258
0.006654983448622188
0.006654983448622188
0.006654983448622188
0.006654983448622188
0.006735919488857042
0.007101231611258806
0.007307553843688263
0.007460103724990404
0.008003121607021754
0.008003121607021754
0.008098543112389346
0.008098543112389346
0.008318795991474774
0.008517363314571223
0.008640784160701262
0.008640784160701262
0.008871122643106383
0.008871122643106383
0.008871122643106383
0.008981838425677428
0.008981838425677428
0.009084715140518198
0.009084715140518198
0.009660735836309707
0.009660735836309707
0.009660735836309707
0.009660735836309707
0.01009474668744562
0.01009474668744562
0.01026904692543433
0.010670372189130568
0.010717334279497014
0.011238650409738921
0.011366142576933127
0.011510654195490504
0.011592814846948445
0.011993135394627947
0.011993135394627947
0.011993135394627947
0.012237744770201932
0.012237744770201932
0.012316220909180636
0.01265809081643234
0.012934497491695698
0.012934497491695698
0.013062196408505875
0.013062196408505875
0.013240120052098783
0.013240120052098783
0.013240120052098783
0.01354139658603606
0.01354139658603606
0.01354139658603606
0.01354139658603606
0.013978997264063712
0.014282912374640676
0.014282912374640676
0.014282912374640676
0.014282912374640676
0.014355924152222276
0.014368781690062636
0.014516018217089451
0.014516018217089451
0.014905393750192366
0.01512606650320403
0.01512606650320403
0.01512606650320403
0.015266179848082881
0.015512989592900666
0.01553783431339756
0.01598836432803456
0.016783047489636157
0.017055858670239735
0.01709169471241844
0.01709169471241844
0.017227042397620126
0.017927631583647997
0.018790588364371794
0.018790588364371794
0.018790588364371794
0.018790588364371794
0.018790588364371794
0.01905194553344918
0.01905194553344918
0.01905194553344918
0.01905194553344918
0.019444779020325313
0.019444779020325313
0.019579630260426313
0.019910036325960074
0.020009461966385627
0.02053544476837577
0.020702082625453467
0.020702082625453467
0.021391177369953687
0.021391177369953687
0.021627201618398546
0.021627201618398546
0.02170400112950085
0.0223574842811527
0.022666994249138348
0.022782916736242942
0.023299985082923868
0.023940777368664314
0.023940777368664314
0.024760281636698585
0.025076550631298426
0.025076550631298426
0.025459133323904367
0.02609321722057329
0.02631692957873283
0.026528275375333334
0.02701884670768485
0.027292615265842098
0.027292615265842098
0.027292615265842098
0.027292615265842098
0.02762813420773185
0.027804220667617025
0.027908590730824655
0.028104347259191188
0.029623887382897156
0.029678335311083142
0.030259487150302435
0.03117338925298179
0.03195236921584448
0.03195236921584448
0.03195236921584448
0.03195236921584448
0.03195236921584448
0.03243945902046991
0.032615737464579915
0.03292274893186723
0.03292274893186723
0.03292274893186723
0.0335740508837343
0.034351056499006945
0.03478371624127305
0.03539499594383164
0.03539499594383164
0.035771174660916456
0.0363741412195317
0.03713986395004339
0.03713986395004339
0.037610852697306366
0.03793637327715076
0.03837229971334409
0.03854350420749461
0.03866645928622484
0.039144168201745454
0.03926634698832495
0.039401437351314496
0.04027306683696983
0.042203276108151055
0.043171530233954564
0.04363930708827418
0.044289206923553204
0.044289206923553204
0.044289206923553204
0.044289206923553204
0.04486289341758993
0.045322463911258215
0.045862074284192283
0.045862074284192283
0.04600968979918825
0.046200208358201024
0.04656808924984388
0.046917403698151325
0.046917403698151325
0.047349871874591776
0.0476036036573918
0.0481940128690097
0.0490620702996904
0.04976000485528767
0.05008628472370816
0.05008628472370816
0.05073501470355545
0.05085727722795793
0.051547476249764766
0.051612481508433006
0.051612481508433006
0.051888463342341026
0.05204100686404183
0.05241301554854022
0.05263636594435374
0.05521149746044256
0.05521149746044256
0.055629914605476546
0.05576731562835914
0.056328193166361853
0.056328193166361853
0.056763670693289185
0.056763670693289185
0.05773644783999674
0.058521345744670744
0.05858518434248216
0.05858518434248216
0.05893521012988134
0.059174812865267205
0.05995996073469098
0.06020506455356132
0.06064067493835674
0.06106656095431104
0.061176624380422234
0.061702983866151626
0.062466696728454035
0.06255946587057026
0.06255946587057026
0.06328757445475769
0.06376658276408771
0.06421104595146007
0.06441731037854939
0.06441731037854939
0.06455771345776827
0.06455771345776827
0.06514727231848547
0.0655708538664002
0.06584280777589652
0.06594584012539557
0.06671636579753906
0.06678024302474382
0.06743493473928665
0.0682271852799619
0.07068655679060191
0.07116692306959853
0.07184070831897964
0.07250913408164227
0.07298762007328884
0.07331013814891327
0.07349201450820063
0.07349201450820063
0.07384422810018272
0.07384422810018272
0.07401865568456002
0.07401865568456002
0.07401865568456002
0.07408995036878063
0.07408995036878063
0.07457757579818043
0.07543516717053102
0.0757484762263121
0.0757484762263121
0.0759932116122737
0.07646701090801354
0.07663047273929202
0.07739205914528588
0.07749040557362473
0.07784454970134402
0.0783774497370665
0.07863665690886187
0.07941528941881652
0.08061037528790357
0.08130167089117613
0.08172877014119068
0.08216938798481813
0.08276364520038502
0.08331978563338405
0.0833755596924795
0.08349015235908225
0.08362168040550391
0.08379329214803417
0.08392811405526258
0.08392811405526258
0.08496880057729081
0.08728548358456036
0.0876433121299789
0.08799473512733545
0.08799473512733545
0.08818660132334917
0.08897223965880524
0.08906792642519178
0.09000387092615032
0.09026736310767872
0.09115412306072049
0.09176774843038205
0.09176774843038205
0.09196016524428506
0.09196016524428506
0.09196016524428506
0.09249517501243412
0.09273958274320973
0.09320074351175864
0.0933265994873627
0.09506031981783557
0.09521895910913437
0.09567925542107635
0.0962368314085297
0.0962368314085297
0.09678870177450535
0.09684466073271095
0.0978984333062386
0.09904276850777427
0.09904276850777427
0.09924431614324301
0.10119790988143197
0.10171412952235123
0.10251506375389625
0.10294348766908906
0.10425936252130137
0.10456482561806801
0.10501917849493034
0.10524827261939255
0.10557390696745217
0.10669484259955721
0.1072134145480012
0.10763538571399842
0.10788661295223781
0.10813503082095872
0.10847109208882767
0.10847109208882767
0.1086120851870085
0.10873431033177836
0.10906313157919353
0.10925124803223589
0.10968609776506016
0.11030696751467713
0.1105008078802894
0.11062083210492596
0.11211608487208125
0.11255934781207674
0.11300931535411773
0.11305591933349089
0.11333991314194772
0.11371841803623763
0.11371841803623763
0.11464147079247675
0.11482649534428688
0.11514135545367989
0.11567211276825935
0.11567211276825935
0.11602737717706114
0.11641851346242672
0.11641851346242672
0.11707304388513533
0.11737885828724104
0.11750060575865437
0.11887524286443779
0.11925963635292795
0.12059762448628235
0.12071259522844724
0.12071259522844724
0.12102341594951593
0.12145517612522687
0.12145517612522687
0.12152086211872827
0.12169315595744053
0.12227000395880641
0.12261513676208038
0.12383638070655775
0.12517680778162235
0.12595552184206898
0.12606451365653243
0.12635582605250748
0.12653868037236335
0.12653868037236335
0.1275857745078627
0.12764251796945048
0.12812302659473726
0.1282882300845768
0.1282882300845768
0.12853875427329436
0.1288075933642519
0.1291938531112361
0.12949026963651974
0.1300451672504149
0.13031153308069698
0.13031153308069698
0.13031153308069698
0.13031153308069698
0.13042115854752495
0.1306516450358885
0.1306516450358885
0.13128342898404174
0.13128342898404174
0.13128342898404174
0.13160626213481358
0.13183325684273542
0.13261691053170482
0.13261691053170482
0.13315618275467236
0.1334966290305345
0.13411729379999568
0.1345631277706919
