0 182 330 1.64 [2691, 2652] [182, 182]
1 161 332 1.41 [2056, 2057] [161, 161]
2 145 371 1.21 [3498, 3524, 3502, 3471, 3521, 3479] [145, 145, 145, 145, 145, 145]
3 130 373 1.21 [3209, 3223, 3215, 3213] [130, 130, 130, 130]
4 137 343 1.29 [5885, 5956, 5878, 6000, 5863] [137, 137, 137, 137, 137]
5 142 340 1.22 [11895, 11880, 12133, 12083] [142, 142, 142, 142]
6 164 349 1.7 [2737, 2746, 2726, 2705, 2739, 2714] [164, 164, 164, 164, 164, 164]
7 160 366 1.41 [2379, 2344] [160, 160]
8 174 365 1.12 [2942, 2979, 2953, 2972, 2952, 3006, 3003, 2945, 2947, 3000] [174, 174, 174, 174, 174, 174, 174, 174, 174, 174]
9 181 348 1.66 [2040, 2043, 2025, 2029, 2032, 2045] [181, 181, 181, 181, 181, 181]
10 173 317 1.17 [10487, 10427, 10336, 10354, 10492, 10539, 10362, 10358] [173, 173, 173, 173, 173, 173, 173, 173]
11 146 343 1.96 [5188, 5103, 5205, 5101, 5124] [146, 146, 146, 146, 146]
12 139 312 1.93 [2390, 2342, 2392, 2353, 2388, 2391, 2360, 2351, 2340] [139, 139, 139, 139, 139, 139, 139, 139, 139]
13 149 323 1.2 [2509, 2522, 2511, 2539] [149, 149, 149, 149]
14 149 328 1.45 [5190] [149]
15 137 350 1.85 [3224, 3237, 3259, 3232, 3219] [137, 137, 137, 137, 137]
16 168 323 1.07 [2028, 2048, 2024, 2029, 2053, 2033, 2051] [168, 168, 168, 168, 168, 168, 168]
17 131 319 1.22 [4459] [131]
18 171 319 1.97 [4127] [171]
19 142 348 1.97 [4702] [142]
20 138 337 1.41 [4810, 4874, 4908, 4846, 4900, 4836, 4856, 4806, 4902, 4882] [138, 138, 138, 138, 138, 138, 138, 138, 138, 138]
21 133 359 1.57 [16242, 16134, 16477, 16464, 16329, 16168, 16383] [133, 133, 133, 133, 133, 130, 130]
22 180 373 1.78 [2870, 2903, 2861, 2865, 2852] [180, 180, 180, 180, 180]
23 164 317 1.98 [2954, 3012, 2961, 2989, 2971, 2994] [164, 164, 164, 164, 164, 164]
24 134 348 1.01 [7852, 7887, 7810, 7784, 7826, 7868] [134, 134, 134, 134, 134, 134]
25 158 368 1.4 [2638, 2627, 2648, 2654, 2610, 2625, 2632] [158, 158, 158, 158, 158, 158, 158]
26 166 348 1.78 [4863, 4873, 4923, 4845, 4887, 4913, 4943, 4859] [166, 166, 166, 166, 166, 166, 166, 166]
27 156 327 1.91 [2986, 3024, 3033, 3029, 3032, 3028, 3041, 3017, 3034] [156, 156, 156, 156, 156, 156, 156, 156, 156]
28 132 345 1.53 [5186, 5160, 5205, 5201, 5229, 5173] [132, 132, 132, 132, 132, 132]
29 177 371 1.94 [4959, 4978, 5058] [177, 177, 177]
30 126 320 1.18 [14012, 14209, 14168, 14041, 13954] [126, 126, 126, 126, 126]
31 134 344 1.14 [2660, 2629] [134, 134]
32 157 316 1.4 [3667, 3659, 3605, 3658, 3608, 3674, 3664, 3625, 3644] [157, 157, 157, 157, 157, 157, 157, 157, 157]
33 160 364 1.45 [2402, 2425, 2381, 2383, 2384, 2427, 2390, 2379, 2426] [160, 160, 160, 160, 160, 160, 160, 160, 160]
34 153 362 1.86 [3608, 3599, 3559, 3624, 3568] [153, 153, 153, 153, 153]
35 171 337 1.87 [6609, 6571, 6596, 6669] [171, 171, 171, 171]
36 155 323 1.25 [3063, 3064, 3047] [155, 155, 155]
37 177 348 1.34 [2329, 2338, 2351, 2374, 2365, 2328, 2376] [177, 177, 177, 177, 177, 177, 177]
38 129 333 1.51 [4562] [129]
39 180 346 1.57 [13546, 13423] [180, 180]
40 163 367 1.94 [3476] [163]
41 168 333 1.83 [10227, 10286] [168, 168]
42 163 349 1.97 [2347, 2346, 2375, 2383] [163, 163, 163, 163]
43 159 368 1.79 [3409, 3358, 3389, 3349, 3384, 3351, 3424, 3346, 3370] [159, 159, 159, 159, 159, 159, 159, 159, 159]
44 126 343 1.27 [7651, 7623, 7670, 7727, 7724] [126, 126, 126, 125, 125]
45 180 319 1.37 [5658] [180]
46 172 333 1.64 [2364, 2390, 2340, 2338, 2376, 2385, 2351, 2362] [172, 172, 172, 172, 172, 172, 172, 172]
47 159 370 1.77 [2238, 2227, 2236, 2225, 2231, 2234, 2217, 2203] [159, 159, 159, 159, 159, 159, 159, 159]
48 146 324 1.15 [3485, 3421] [146, 146]
49 179 356 1.21 [2433, 2414, 2422, 2418] [179, 179, 179, 179]
50 187 339 1.99 [17968, 18102, 17917, 18080, 17946, 18094, 18154, 18072, 18043, 17850] [187, 187, 187, 187, 185, 185, 185, 185, 186, 186]
51 145 317 1.1 [2048, 2046, 2030, 2064, 2028, 2031, 2050, 2068, 2039] [145, 145, 145, 145, 145, 145, 145, 145, 145]
52 133 329 2.0 [14496, 14236, 14260, 14408, 14544] [130, 130, 131, 131, 131]
53 144 370 1.09 [2460, 2498, 2468] [144, 144, 144]
54 157 356 1.75 [3043] [157]
55 170 314 1.32 [3483, 3463, 3495, 3462, 3492] [170, 170, 170, 170, 170]
56 144 317 1.04 [2074] [144]
57 179 350 1.46 [3295, 3360, 3345, 3365, 3325] [179, 179, 179, 179, 179]
58 180 320 1.4 [2060] [180]
59 172 312 1.82 [4028] [172]
60 145 324 1.11 [3722, 3792, 3721, 3787, 3731, 3776, 3803, 3786, 3783] [145, 145, 145, 145, 145, 145, 145, 145, 145]
61 127 340 1.35 [3460, 3519, 3502, 3529, 3465, 3538, 3539, 3476, 3478] [127, 127, 127, 127, 127, 127, 127, 127, 127]
62 162 368 1.5 [10689] [162]
63 180 370 1.9 [2194, 2200, 2176, 2196, 2217, 2210, 2199, 2197, 2178, 2175] [180, 180, 180, 180, 180, 180, 180, 180, 180, 180]
64 140 347 1.93 [2124, 2119, 2118, 2111, 2104, 2128, 2096, 2103, 2105, 2078] [140, 140, 140, 140, 140, 140, 140, 140, 140, 140]
65 183 349 1.37 [4776, 4706, 4766, 4778] [183, 183, 183, 183]
66 134 333 1.79 [2129, 2124, 2144, 2116] [134, 134, 134, 134]
67 174 312 1.11 [4998, 4996] [174, 174]
68 185 345 1.91 [2544, 2547, 2582, 2580, 2551, 2549, 2591] [185, 185, 185, 186, 186, 186, 186]
69 147 373 1.07 [3336, 3396, 3382, 3361] [147, 147, 147, 147]
70 154 352 1.67 [2322, 2319, 2365, 2327, 2347, 2331, 2353] [154, 154, 154, 154, 154, 154, 154]
71 162 317 1.26 [3691, 3687] [162, 162]
72 127 339 1.79 [2252] [127]
73 184 320 1.03 [3143, 3147, 3180, 3186, 3172, 3149] [184, 184, 184, 184, 184, 184]
74 186 351 1.23 [2504, 2517, 2543, 2536, 2541, 2549, 2500] [186, 186, 186, 186, 186, 186, 186]
75 158 341 1.34 [5947, 5888, 5845, 5971, 5927, 5893] [158, 158, 158, 158, 158, 158]
76 155 333 1.08 [2661, 2667, 2711] [155, 155, 155]
77 139 326 1.03 [4570, 4559] [139, 139]
78 127 373 1.14 [2541, 2565, 2551, 2588, 2590, 2571, 2548] [127, 127, 127, 127, 127, 127, 127]
79 178 317 1.08 [2868, 2867, 2878, 2845, 2884, 2898, 2892, 2853] [178, 178, 178, 178, 178, 178, 178, 178]
80 161 342 1.88 [2880, 2818, 2831, 2816, 2881, 2854, 2879, 2819, 2841] [161, 161, 161, 161, 161, 161, 161, 161, 161]
81 183 332 1.83 [12695, 12600, 12658, 12632, 12668, 12684, 12742] [183, 183, 183, 183, 183, 180, 181]
82 167 347 1.08 [2233, 2241, 2236, 2219, 2223, 2206, 2245, 2244, 2218, 2229] [167, 167, 167, 167, 167, 167, 167, 167, 167, 167]
83 178 326 1.82 [2531, 2503, 2526, 2513, 2505, 2499, 2486] [178, 178, 178, 178, 178, 178, 178]
84 133 322 1.14 [3962, 3953, 3983, 3978, 3946, 3944, 3948, 3965] [133, 133, 130, 130, 131, 131, 131, 131]
85 159 318 1.25 [4290, 4262, 4354, 4263, 4324, 4343, 4295] [159, 159, 159, 159, 159, 159, 159]
86 133 338 1.98 [2077, 2082, 2114] [130, 131, 131]
87 133 344 1.56 [3613, 3672, 3681, 3642, 3615] [131, 131, 131, 131, 132]
88 183 328 1.05 [16727, 16557] [181, 181]
89 147 370 1.73 [2892] [147]
90 146 360 1.89 [15994] [146]
91 169 367 1.53 [2166, 2142, 2145, 2152, 2169, 2176, 2170, 2172] [169, 169, 169, 169, 169, 169, 169, 169]
92 152 335 1.68 [6962, 7119, 7081, 7058, 7061, 6983] [152, 152, 152, 152, 152, 152]
93 187 349 2.0 [6282, 6383, 6251, 6376, 6347, 6331, 6279, 6303, 6321, 6248] [187, 186, 186, 188, 188, 188, 188, 188, 188, 188]
94 187 312 1.98 [2075, 2077, 2085, 2070, 2071, 2062, 2089, 2078] [187, 185, 186, 186, 188, 188, 188, 188]
95 139 361 1.8 [2174, 2189, 2168, 2195, 2185, 2182, 2194, 2162] [139, 139, 139, 139, 139, 139, 139, 139]
96 186 362 1.61 [2220, 2223] [188, 188]
97 162 334 1.15 [3334, 3372, 3374, 3383, 3386] [162, 162, 162, 162, 162]
98 184 347 1.79 [8736, 8754, 8646, 8703, 8689, 8682] [184, 184, 184, 184, 184, 184]
99 177 346 1.25 [10980, 11228] [177, 177]
100 143 373 1.48 [2315, 2331, 2324, 2314] [143, 143, 143, 143]
101 148 349 1.34 [2567, 2560, 2536, 2549, 2545] [148, 148, 148, 148, 148]
102 165 321 1.88 [2345, 2363, 2384, 2337, 2375] [165, 165, 165, 165, 165]
103 171 346 1.38 [3644] [171]
104 176 349 1.04 [2700, 2721, 2741] [176, 176, 176]
105 168 315 1.26 [4994] [168]
106 152 374 1.74 [2120, 2086, 2115] [152, 152, 152]
107 186 328 1.79 [6416] [188]
108 142 325 1.94 [2550, 2553, 2565] [142, 142, 142]
109 143 329 1.32 [3917, 3904, 3874, 3885, 3872, 3869, 3879, 3938, 3866, 3956] [143, 143, 143, 143, 143, 143, 143, 143, 143, 143]
110 170 360 1.06 [2074, 2093, 2062, 2084, 2059, 2094] [170, 170, 170, 170, 170, 170]
111 168 314 1.26 [11902, 11997, 12056, 12116, 12041, 12145] [168, 168, 168, 168, 165, 165]
112 178 343 1.76 [4207, 4193, 4261, 4273, 4282, 4198, 4210, 4189, 4205, 4278] [178, 178, 178, 178, 178, 178, 178, 178, 178, 178]
113 170 369 1.69 [5289, 5316, 5283, 5318] [170, 170, 170, 170]
114 130 349 1.59 [4342, 4336, 4292, 4252, 4253] [132, 132, 132, 132, 132]
115 179 358 1.24 [8141, 8185, 8101] [179, 179, 179]
116 147 319 1.4 [5903, 5900, 5944, 5949] [147, 147, 147, 147]
117 173 351 1.38 [5551, 5535, 5489, 5574, 5519, 5539] [173, 173, 170, 170, 170, 170]
118 181 314 1.54 [3520, 3507, 3550, 3511, 3495, 3540, 3498, 3534, 3544, 3494] [181, 181, 181, 181, 181, 181, 181, 181, 180, 182]
119 161 318 1.66 [2206, 2211, 2234, 2236, 2243, 2247] [161, 161, 161, 161, 161, 161]
120 147 327 1.18 [4154, 4102, 4092] [147, 147, 147]
121 156 343 1.3 [2625, 2652, 2644] [156, 156, 156]
122 165 351 1.65 [15366, 15152, 15454] [165, 165, 165]
123 156 365 1.81 [3259, 3222, 3269, 3283] [156, 156, 156, 156]
124 187 316 1.38 [2699, 2678, 2731, 2729, 2680, 2706, 2687, 2681, 2735] [188, 188, 188, 188, 188, 188, 188, 188, 188]
125 141 350 1.8 [2495] [141]
126 181 311 1.83 [2508, 2505, 2535, 2524, 2512, 2559] [181, 182, 182, 182, 182, 182]
127 126 342 1.86 [4923, 4931, 4959, 4980, 4972, 4988, 5039] [125, 125, 125, 125, 125, 125, 125]
128 171 350 1.71 [2551, 2555, 2529, 2505] [171, 171, 171, 171]
129 144 355 1.27 [2743, 2737, 2764, 2771, 2762, 2730, 2761] [144, 144, 144, 144, 144, 144, 144]
130 128 353 1.5 [2164, 2148, 2140, 2166, 2159, 2173, 2151, 2154, 2147, 2146] [128, 128, 128, 128, 128, 128, 128, 128, 128, 128]
131 152 370 1.62 [7551] [152]
132 127 363 1.58 [2109, 2139, 2149, 2135, 2151, 2115, 2147, 2113, 2135] [127, 127, 127, 127, 127, 127, 127, 127, 127]
133 178 340 1.44 [2359] [178]
134 176 327 1.53 [2962, 2950, 3012, 2987, 2966, 2981, 3014, 2998, 2946, 2977] [176, 176, 176, 176, 176, 176, 176, 176, 176, 176]
135 131 370 1.44 [3916, 3953, 3882, 3874, 3943, 3902] [132, 132, 132, 132, 132, 132]
136 148 349 1.47 [7250, 7239, 7227, 7168, 7233] [148, 148, 148, 148, 148]
137 170 340 1.79 [3303, 3298, 3310, 3343, 3327] [170, 170, 170, 170, 170]
138 179 365 1.65 [9943, 9874, 9793, 9809, 9833, 10021, 9984, 9882, 9821, 9891] [179, 179, 179, 179, 175, 175, 175, 175, 175, 175]
139 165 325 1.15 [2632, 2672, 2641, 2670, 2645, 2686] [165, 165, 165, 166, 166, 166]
140 164 338 2.0 [4291, 4335, 4333, 4279] [164, 164, 164, 164]
141 165 374 1.52 [5993, 5934, 5954, 5998, 5944, 6070, 5956] [166, 166, 166, 166, 166, 166, 166]
142 140 337 1.4 [6001, 5917, 5983, 5998] [140, 140, 140, 140]
143 171 331 1.85 [2625, 2630] [171, 171]
144 174 338 1.69 [2712, 2726, 2751, 2739] [174, 174, 174, 174]
145 134 354 1.83 [6712, 6810, 6838] [134, 134, 134]
146 126 354 1.79 [9248, 9214, 9184, 9309, 9138, 9316, 9256, 9112, 9199, 9267] [125, 125, 125, 125, 127, 127, 128, 128, 128, 128]
147 167 358 1.12 [2008, 2018, 2031, 2037, 2034, 2010, 2020, 2015, 2015, 2049] [167, 167, 167, 167, 167, 167, 167, 167, 167, 167]
148 128 314 1.94 [2539, 2570, 2577, 2548, 2575, 2536, 2554, 2549, 2543] [128, 128, 128, 128, 128, 128, 128, 128, 128]
149 151 328 1.12 [2450, 2447] [151, 151]
150 160 356 1.1 [2087, 2083] [160, 160]
151 129 314 1.48 [4001, 4014, 4029, 3989, 3991, 4042, 4066, 4067, 4059, 4047] [129, 129, 129, 129, 129, 129, 129, 129, 129, 129]
152 184 339 1.47 [9493, 9481, 9404, 9524, 9318] [184, 184, 182, 182, 182]
153 155 323 1.91 [5205, 5210, 5270, 5266, 5292, 5314, 5199] [155, 155, 155, 155, 155, 155, 155]
154 170 340 1.92 [9751, 9683, 9771, 9670, 9727, 9824, 9791] [171, 171, 171, 171, 172, 172, 172]
155 146 337 1.86 [13578] [146]
156 140 333 1.05 [2580, 2565, 2588, 2561, 2567, 2556] [140, 140, 140, 140, 140, 140]
157 137 361 1.6 [2681, 2730, 2695, 2732, 2727, 2710] [137, 137, 137, 137, 137, 137]
158 135 345 1.15 [2447, 2450, 2468, 2449, 2454, 2448, 2426, 2455, 2460] [135, 135, 135, 135, 135, 135, 135, 135, 135]
159 133 345 1.63 [2971, 2944, 2989, 2987, 2996, 2955] [131, 132, 132, 132, 132, 132]
160 169 361 1.14 [3512, 3447, 3493, 3506, 3460, 3473, 3503, 3500, 3485, 3470] [169, 169, 169, 169, 169, 169, 169, 169, 169, 169]
161 145 352 1.63 [5622] [145]
162 147 357 1.7 [4780, 4778, 4859, 4832, 4804, 4863] [147, 147, 147, 147, 147, 147]
163 173 335 1.19 [4794] [170]
164 140 360 1.05 [2239, 2215, 2233, 2208, 2218, 2225, 2248] [140, 140, 140, 140, 140, 140, 140]
165 132 368 1.73 [11502, 11536, 11616] [129, 129, 129]
166 154 340 1.13 [2653, 2696, 2666] [154, 154, 154]
167 125 336 1.29 [9538, 9340, 9324] [128, 129, 134]
168 133 312 1.03 [3090, 3043, 3047, 3079, 3039, 3081, 3064, 3062] [134, 125, 126, 127, 135, 135, 135, 135]
169 136 357 1.03 [2092, 2053, 2066, 2055, 2065, 2102, 2067, 2054, 2069, 2058] [136, 136, 136, 136, 136, 136, 136, 136, 136, 136]
170 133 321 1.16 [7659, 7722, 7700, 7710, 7789, 7637, 7792, 7799, 7741] [135, 135, 135, 135, 135, 135, 135, 135, 136]
171 129 318 1.22 [2563, 2559, 2565, 2560] [129, 132, 135, 136]
172 174 315 1.38 [4710, 4747, 4702, 4725, 4737, 4731, 4690, 4721] [174, 174, 174, 174, 174, 174, 174, 174]
173 149 334 1.67 [5156, 5125, 5137, 5116, 5089, 5148, 5076, 5081, 5123] [149, 149, 149, 149, 149, 149, 149, 149, 149]
174 178 346 1.97 [4830, 4806, 4866, 4892, 4784, 4870] [178, 178, 175, 175, 175, 175]
175 167 355 1.32 [2414, 2419, 2407, 2369, 2422, 2389, 2405, 2375, 2406] [167, 167, 167, 167, 167, 167, 167, 167, 167]
176 154 313 1.74 [15354, 15117, 15192, 15154, 15236, 15336, 15229, 15292] [154, 154, 154, 154, 150, 150, 150, 150]
177 177 351 1.51 [3399, 3365, 3401, 3425, 3411, 3372, 3356, 3420] [177, 177, 177, 177, 177, 177, 177, 177]
178 176 334 1.49 [5741, 5710, 5691, 5762, 5675, 5750, 5720, 5769, 5672] [176, 176, 176, 176, 176, 176, 176, 176, 176]
179 166 325 1.3 [2149, 2147, 2175, 2141, 2137, 2181, 2158] [166, 166, 166, 167, 167, 167, 167]
180 161 330 1.99 [2612, 2609, 2606] [161, 161, 161]
181 151 369 1.3 [3304, 3265, 3308, 3319, 3297] [151, 151, 151, 151, 151]
182 126 340 1.77 [8428, 8338, 8435] [136, 136, 136]
183 144 374 1.32 [2210] [144]
184 164 322 1.6 [2346, 2362, 2342, 2347, 2333, 2348, 2371, 2375, 2360, 2329] [164, 164, 164, 164, 164, 164, 164, 164, 164, 164]
185 180 326 1.74 [5619, 5564, 5580, 5603, 5539, 5571, 5578, 5576] [182, 182, 182, 182, 182, 182, 182, 182]
186 156 325 1.56 [4907, 4952, 4915] [156, 156, 156]
187 170 367 1.27 [6800, 6879, 6777, 6822] [172, 172, 172, 172]
188 168 325 1.59 [10062, 10041, 10208, 10078, 10258, 10070] [167, 167, 169, 169, 169, 169]
189 173 312 1.95 [3377, 3416, 3391, 3366, 3443, 3418, 3380, 3370, 3444] [172, 172, 172, 174, 174, 150, 150, 150, 150]
190 134 346 1.66 [2034, 2045, 2078, 2072, 2043, 2039, 2079, 2053, 2069, 2031] [125, 136, 136, 136, 136, 136, 136, 136, 136, 136]
191 179 360 1.15 [3455] [175]
192 136 366 1.54 [2531, 2525, 2519, 2492, 2488, 2546] [136, 136, 136, 136, 136, 136]
193 130 357 1.14 [11452, 11448, 11410, 11438, 11557, 11429, 11424, 11576, 11405, 11552] [137, 137, 137, 138, 138, 138, 138, 139, 139, 139]
194 178 373 1.43 [2340, 2322, 2375, 2364, 2324, 2353, 2357, 2345, 2342] [175, 175, 175, 175, 176, 176, 176, 177, 177]
195 175 346 1.8 [4991, 4983, 5033] [177, 183, 188]
196 128 328 1.29 [2679, 2700, 2718, 2708] [136, 138, 139, 139]
197 143 348 1.64 [3231, 3254, 3304, 3258] [143, 143, 143, 143]
198 125 317 1.29 [2311, 2283, 2303, 2317, 2325, 2300, 2284, 2291, 2278, 2316] [139, 139, 139, 139, 140, 140, 140, 140, 140, 140]
199 187 324 1.38 [3345, 3284, 3340, 3315, 3295, 3318, 3330, 3306] [189, 189, 189, 189, 189, 189, 189, 189]
200 182 326 1.06 [4098, 4183, 4181, 4127, 4147, 4149, 4113] [177, 189, 189, 189, 189, 189, 189]
201 158 361 1.27 [2108, 2132] [158, 158]
202 179 374 1.97 [9035, 9204, 9196, 9136, 9106] [189, 189, 189, 189, 190]
203 143 332 1.92 [11212, 11254, 11408, 11469, 11315, 11347, 11202, 11357] [143, 143, 141, 141, 141, 141, 141, 141]
204 129 313 1.83 [2035, 2074, 2047, 2071, 2038, 2042, 2051] [140, 140, 140, 141, 141, 141, 141]
205 125 358 1.58 [2245, 2249, 2236, 2267, 2233, 2257, 2237, 2275] [141, 141, 141, 141, 142, 142, 142, 142]
206 140 345 1.38 [2039, 2050, 2053, 2048, 2026, 2054] [142, 142, 142, 142, 142, 142]
207 186 370 1.79 [6599] [190]
208 132 353 1.91 [2033, 2004, 2041, 2009, 2037, 2031, 2013, 2021, 2049, 2025] [142, 142, 142, 142, 142, 142, 143, 143, 144, 144]
209 160 314 1.1 [2444, 2489, 2492, 2432, 2461, 2479, 2487, 2477, 2484] [160, 160, 160, 160, 160, 160, 160, 160, 160]
210 134 366 1.33 [2335] [144]
211 125 363 1.26 [2587, 2595, 2599] [144, 144, 144]
212 129 316 1.93 [2225, 2230, 2244] [144, 144, 144]
213 156 353 1.77 [2238, 2261, 2253, 2276, 2259, 2272, 2241, 2264] [156, 156, 156, 156, 156, 156, 156, 156]
214 156 320 1.73 [2524, 2515, 2535, 2558, 2504, 2522, 2510, 2526, 2521, 2551] [156, 156, 156, 156, 156, 156, 155, 155, 155, 155]
215 157 348 1.89 [2013, 2020, 2010, 2046] [157, 157, 157, 157]
216 145 318 1.79 [2969, 2964] [145, 145]
217 168 335 1.33 [2137, 2089, 2138, 2100, 2135, 2111, 2132, 2094] [168, 150, 150, 150, 150, 150, 150, 151]
218 178 314 1.03 [5294, 5266, 5366, 5362, 5310, 5345, 5281, 5371, 5288, 5279] [190, 190, 190, 190, 190, 190, 190, 190, 190, 190]
219 165 329 1.67 [2473, 2422, 2458, 2456, 2454, 2468, 2441, 2469] [151, 151, 151, 151, 151, 151, 151, 151]
220 186 347 1.32 [6814, 6775, 6769] [190, 190, 190]
221 138 314 1.05 [2987, 3043] [144, 144]
222 151 349 1.47 [3927, 3965, 3909, 3989, 3973, 3970, 4000, 3935] [151, 151, 151, 151, 151, 151, 151, 151]
223 128 313 1.18 [2730] [144]
224 166 345 1.68 [2433, 2467, 2421, 2454, 2447, 2428, 2469, 2473, 2431, 2458] [151, 151, 151, 151, 151, 151, 151, 151, 151, 152]
225 166 345 1.23 [2979, 3016, 2995, 2965, 2968] [152, 152, 152, 152, 152]
226 157 311 1.86 [5945, 5918] [157, 157]
227 127 350 1.79 [2814, 2809, 2832] [144, 144, 144]
228 140 338 1.85 [5604, 5694] [144, 144]
229 133 360 1.39 [2368, 2356, 2362, 2367, 2396] [144, 144, 144, 144, 144]
230 178 331 1.26 [3574, 3598, 3582, 3649, 3576, 3585, 3623, 3577] [191, 191, 191, 191, 191, 191, 191, 191]
231 128 326 1.42 [2553, 2551, 2526, 2566, 2522, 2516, 2527, 2508, 2560, 2523] [144, 145, 145, 145, 145, 146, 146, 146, 146, 146]
232 131 324 1.65 [3764, 3756, 3835, 3748, 3809, 3790] [146, 146, 147, 147, 147, 147]
233 159 358 1.11 [2520, 2505, 2512, 2524] [159, 159, 159, 159]
234 138 364 1.16 [4492, 4520, 4548, 4530, 4511] [148, 148, 148, 148, 148]
235 148 353 1.48 [3553, 3543, 3560, 3527, 3488, 3548] [148, 148, 148, 148, 148, 148]
236 157 313 1.81 [5368, 5426, 5330] [157, 157, 157]
237 129 316 1.06 [4458, 4441, 4474, 4434, 4491, 4423, 4443, 4509, 4452, 4469] [149, 149, 149, 149, 149, 149, 149, 152, 152, 152]
238 171 363 1.9 [2867, 2860, 2886, 2855, 2843, 2831, 2884] [173, 152, 152, 153, 153, 153, 153]
239 153 312 1.13 [2281, 2331, 2316] [153, 153, 153]
240 178 344 1.6 [14898, 15045, 14781, 15088, 14762, 15009, 15033, 14769, 15082] [191, 191, 191, 191, 192, 192, 192, 192, 192]
241 162 352 1.73 [2444, 2413, 2436, 2433, 2434, 2424, 2451, 2456, 2423, 2414] [162, 162, 162, 162, 162, 162, 162, 162, 162, 162]
242 181 326 1.28 [5072, 5093, 5087, 5104, 5068, 5028, 5049, 5045, 5064, 5039] [192, 192, 192, 193, 193, 193, 193, 193, 193, 193]
243 154 313 1.16 [6228] [153]
244 156 327 1.66 [2130, 2158, 2173, 2131, 2149, 2144] [155, 155, 155, 155, 155, 155]
245 129 371 1.87 [2490, 2455, 2511, 2465, 2507, 2479, 2480, 2453, 2486] [146, 148, 149, 152, 153, 153, 153, 153, 153]
246 170 322 1.2 [3924] [153]
247 159 357 1.39 [4569] [159]
248 132 313 1.32 [5948, 5889, 5987, 5972, 5980, 5963, 5936] [153, 153, 153, 153, 153, 153, 155]
249 181 365 1.67 [2334, 2370, 2332, 2372, 2320, 2333, 2338] [184, 179, 189, 193, 193, 193, 193]
250 146 314 1.68 [2361] [154]
251 133 343 1.02 [3474, 3420, 3475, 3448, 3451, 3400, 3478, 3404] [155, 155, 155, 157, 157, 157, 157, 157]
252 155 315 1.79 [2242, 2291, 2256, 2255, 2271, 2258] [157, 157, 158, 158, 158, 158]
253 149 327 1.7 [3188, 3244, 3215, 3226, 3219, 3195, 3192, 3202] [158, 158, 158, 158, 158, 158, 158, 158]
254 153 370 1.07 [3558, 3551, 3516] [158, 159, 160]
255 173 336 1.89 [2111, 2132, 2096, 2103] [171, 153, 160, 160]
256 158 313 1.31 [3104, 3092, 3125, 3111, 3103, 3085, 3081, 3102] [160, 160, 160, 160, 160, 160, 160, 160]
257 185 332 1.55 [6452, 6487, 6503, 6425, 6447, 6444, 6495, 6457, 6422, 6436] [193, 193, 193, 193, 193, 193, 193, 194, 194, 194]
258 166 357 1.74 [2417, 2378, 2409] [160, 160, 160]
259 176 318 1.89 [2207] [180]
260 187 370 1.68 [2556] [193]
261 128 373 1.64 [2894, 2846, 2859, 2899, 2895] [160, 161, 161, 161, 161]
262 145 329 1.76 [2235, 2196, 2245, 2226, 2235] [160, 161, 161, 161, 161]
263 168 315 1.63 [3613, 3634, 3612, 3697, 3610, 3672] [161, 161, 161, 161, 161, 161]
264 187 368 1.7 [3148, 3078, 3076, 3099, 3088] [193, 194, 194, 194, 194]
265 158 347 1.48 [3759, 3691, 3771, 3737, 3716, 3773, 3725] [161, 162, 162, 162, 162, 162, 162]
266 141 326 1.93 [2298, 2300, 2311, 2299, 2292, 2322, 2326, 2304] [162, 162, 162, 162, 162, 163, 163, 163]
267 172 319 1.49 [3830, 3806, 3792, 3856, 3798, 3847, 3803, 3827] [163, 163, 163, 163, 163, 163, 163, 163]
268 157 347 1.03 [2281, 2291, 2293, 2275, 2285, 2264, 2297] [163, 163, 163, 163, 163, 163, 163]
269 143 366 1.24 [9293, 9397, 9305] [163, 163, 163]
270 136 352 1.6 [5262, 5161, 5270, 5249, 5234] [164, 164, 164, 194, 194]
271 178 354 1.93 [7429, 7405] [194, 194]
272 127 366 1.2 [3545] [164]
273 177 339 1.02 [4029] [194]
274 141 332 1.16 [15154, 15254, 15273] [194, 194, 195]
275 173 316 1.48 [3142, 3201, 3189, 3215, 3190, 3184, 3160, 3168, 3151] [195, 195, 195, 195, 195, 195, 195, 195, 195]
276 157 360 1.56 [3589, 3519, 3582, 3550, 3521, 3540, 3537] [195, 195, 195, 195, 195, 195, 195]
277 160 370 1.67 [4849, 4899, 4855, 4871, 4859, 4879, 4867, 4943, 4861, 4913] [195, 195, 195, 195, 195, 196, 196, 196, 196, 196]
278 126 370 1.76 [3448, 3388, 3450, 3398, 3429, 3373] [195, 196, 196, 196, 196, 196]
279 147 351 1.53 [2881, 2929, 2868, 2907] [196, 196, 196, 196]
280 153 351 1.92 [3387, 3424] [196, 196]
281 169 323 1.36 [2496, 2548, 2512, 2536, 2486, 2538] [196, 196, 196, 196, 196, 196]
282 176 361 1.63 [13002] [196]
283 149 370 1.56 [2674, 2684, 2680, 2658, 2662] [196, 197, 197, 197, 197]
284 127 347 1.41 [3404, 3430, 3411, 3439, 3451, 3402, 3440, 3394, 3392, 3409] [197, 197, 197, 197, 197, 197, 197, 197, 197, 197]
285 165 369 1.14 [5263] [197]
286 164 359 1.3 [2589, 2619, 2573, 2597, 2587, 2575, 2569, 2567, 2622] [197, 197, 197, 197, 197, 197, 197, 197, 197]
287 150 358 1.1 [2907, 2947, 2910, 2917, 2953, 2934, 2961, 2968, 2963] [197, 197, 197, 197, 197, 197, 197, 197, 198]
288 176 323 1.93 [2037, 2014, 2025, 2015, 2017, 2039, 2058, 2024] [183, 191, 198, 198, 198, 198, 198, 198]
289 143 340 1.18 [8451, 8392, 8289, 8385, 8437, 8327, 8410, 8347, 8454] [198, 198, 198, 198, 198, 198, 198, 198, 198]
290 173 370 1.17 [7155, 7073, 7102, 7126, 7067, 6994, 7038, 7082, 7085] [198, 199, 199, 199, 199, 199, 199, 199, 199]
291 173 337 1.72 [3296] [199]
292 168 316 1.02 [2164, 2153] [163, 199]
293 129 346 1.07 [4774, 4863, 4867, 4840, 4778, 4782, 4776, 4764] [199, 199, 199, 199, 199, 199, 199, 200]
294 137 317 1.09 [2049, 2046, 2088, 2050, 2068, 2043] [200, 200, 200, 200, 200, 200]
295 187 335 1.96 [7772] [200]
296 181 334 1.02 [4159, 4207] [200, 200]
297 132 343 1.22 [2745, 2737, 2777, 2740, 2748, 2788, 2751, 2793, 2750] [200, 200, 200, 200, 200, 200, 200, 200, 200]
298 125 359 1.52 [2152, 2164, 2187, 2179, 2155, 2151, 2145] [200, 200, 200, 200, 200, 200, 200]
299 180 360 1.44 [3237, 3278, 3235, 3265, 3271, 3257, 3248, 3236] [200, 200, 200, 200, 200, 201, 201, 201]
300 184 368 1.07 [11858, 11804, 11809, 11818, 12024, 11823, 12019] [201, 201, 201, 201, 201, 201, 201]
301 179 343 1.2 [2876, 2871, 2875, 2905, 2913, 2862] [200, 201, 202, 202, 202, 202]
302 174 363 1.7 [2767, 2722, 2777, 2779, 2776] [202, 202, 202, 202, 202]
303 165 351 1.5 [2608, 2567, 2587, 2570] [201, 202, 202, 202]
304 154 352 1.9 [5629, 5587, 5574, 5532, 5604, 5569] [202, 202, 202, 202, 202, 202]
305 134 372 1.07 [18797, 18681, 18936, 18712, 18905, 18512, 18928, 18735, 18527, 18574] [202, 203, 203, 203, 203, 203, 204, 204, 204, 204]
306 165 327 1.46 [5358, 5338, 5286, 5347, 5310, 5273, 5295, 5319, 5303] [202, 204, 204, 204, 204, 205, 205, 205, 205]
307 156 363 1.71 [6568, 6420, 6469] [205, 205, 205]
308 159 374 1.71 [3412, 3422, 3394, 3379, 3368, 3384, 3365, 3398, 3439, 3391] [202, 203, 205, 205, 205, 205, 205, 205, 205, 205]
309 148 355 1.38 [2722, 2690, 2706, 2704, 2709, 2700, 2699, 2720] [205, 205, 205, 205, 205, 205, 205, 205]
310 130 318 1.66 [7782] [206]
311 126 351 1.48 [5070, 5110, 5152, 5097] [205, 206, 206, 206]
312 137 355 1.33 [4385, 4355, 4339, 4349, 4373, 4394, 4392] [206, 206, 206, 206, 206, 206, 206]
313 140 363 1.38 [3796, 3743, 3766] [206, 206, 206]
314 155 317 1.45 [16192, 16286, 16367, 16347, 16307] [206, 207, 207, 207, 207]
315 143 311 1.03 [2137, 2131, 2129, 2143, 2153, 2159, 2122, 2123] [206, 206, 206, 206, 206, 207, 207, 207]
316 133 355 1.74 [2223, 2204, 2199, 2180, 2221, 2212, 2185, 2210, 2213, 2180] [207, 207, 207, 207, 207, 207, 207, 207, 207, 208]
317 173 327 1.79 [5305, 5396] [208, 208]
318 178 345 1.08 [6823, 6734, 6773, 6720, 6790, 6759, 6751] [208, 208, 208, 208, 208, 208, 208]
319 128 355 1.67 [19215, 18972, 18933, 19003, 18941, 18988] [208, 209, 209, 209, 209, 210]
320 137 340 1.16 [4888, 4842, 4836, 4846, 4800, 4868, 4890, 4798, 4804, 4886] [208, 209, 209, 210, 210, 210, 210, 210, 210, 210]
321 167 359 1.01 [6557, 6530, 6481, 6503, 6546] [210, 210, 210, 210, 210]
322 186 349 1.34 [4482, 4486, 4501, 4420] [211, 211, 211, 211]
323 171 361 1.02 [3554, 3527, 3503] [211, 211, 211]
324 145 317 1.22 [6489, 6574] [211, 211]
325 151 317 1.8 [14650, 14595, 14728, 14553, 14758, 14783, 14692, 14680, 14541, 14637] [211, 211, 211, 212, 212, 212, 212, 212, 212, 213]
326 177 369 1.85 [5382, 5355] [213, 213]
327 128 369 1.97 [9165, 9272] [213, 213]
328 168 340 1.68 [4502] [213]
329 157 339 1.93 [2051, 2090, 2092, 2054, 2096] [208, 211, 213, 213, 213]
330 164 344 1.66 [4194, 4236, 4201, 4165, 4174, 4154, 4243, 4238, 4158, 4210] [213, 213, 213, 213, 213, 213, 213, 213, 214, 214]
331 147 323 1.41 [3484, 3413, 3414, 3423, 3477, 3436] [214, 214, 214, 214, 214, 214]
332 125 368 1.74 [2509, 2543, 2542, 2540, 2521, 2541, 2525] [214, 214, 214, 214, 214, 214, 214]
333 161 373 1.07 [12774, 12747, 12715, 12805, 12969, 12990, 12811, 12974, 12758, 12731] [214, 214, 214, 215, 215, 215, 215, 215, 215, 215]
334 182 332 1.98 [2307, 2276, 2309, 2275, 2279] [214, 214, 214, 214, 214]
335 129 364 1.82 [3038, 3082, 3065, 3047, 3057, 3036, 3096, 3100, 3061, 3046] [215, 215, 216, 216, 216, 216, 216, 216, 216, 216]
336 155 368 1.23 [4583, 4657, 4596, 4630] [216, 216, 216, 216]
337 140 347 1.4 [2067, 2051, 2058, 2070, 2054] [216, 216, 216, 216, 216]
338 174 359 1.19 [7547, 7663, 7694, 7678, 7610, 7516, 7550, 7559, 7603, 7622] [216, 216, 216, 216, 216, 217, 217, 217, 217, 217]
339 155 337 1.66 [5145, 5149] [217, 217]
340 149 312 1.46 [10591] [217]
341 178 317 1.6 [4318, 4347, 4327, 4308] [216, 217, 217, 217]
342 178 353 1.47 [6879, 6885, 6925, 6836, 6908] [217, 217, 217, 218, 218]
343 154 349 1.49 [7565, 7602, 7618, 7627, 7640, 7562] [218, 218, 218, 218, 218, 218]
344 138 316 1.41 [16352] [218]
345 163 335 1.69 [2061, 2058, 2074, 2069, 2037, 2054, 2045, 2032] [217, 218, 218, 218, 218, 218, 218, 218]
346 150 313 1.88 [9655] [219]
347 168 373 1.26 [4937, 5033, 4961, 4998, 4939, 4953] [219, 219, 219, 219, 219, 219]
348 133 360 1.73 [4689, 4714] [219, 219]
349 140 330 1.46 [3542, 3588, 3568, 3579, 3630, 3587, 3618, 3606] [219, 219, 219, 219, 219, 219, 219, 219]
350 145 351 1.99 [2752, 2731, 2759] [218, 219, 219]
351 165 373 1.89 [3194, 3197, 3206, 3154, 3156] [219, 219, 220, 220, 220]
352 153 343 1.72 [4656, 4590, 4604] [220, 220, 220]
353 143 315 1.09 [2388, 2443, 2423, 2408, 2429, 2387, 2416, 2389] [220, 220, 220, 220, 220, 220, 220, 220]
354 142 372 1.28 [8951] [220]
355 128 313 1.01 [2582, 2598, 2573] [220, 220, 220]
356 153 373 1.84 [2578, 2548, 2563, 2545, 2591, 2562, 2558] [220, 220, 220, 220, 220, 220, 220]
357 134 374 1.65 [2764] [220]
358 157 340 1.71 [2665, 2668] [220, 220]
359 129 326 1.74 [6741, 6730, 6783, 6719, 6856, 6792] [220, 221, 221, 221, 221, 221]
360 159 362 1.92 [16273, 16134, 16373, 16000] [221, 221, 221, 222]
361 170 317 1.02 [3370, 3399] [222, 222]
362 184 324 1.32 [3824, 3851, 3848, 3864, 3818, 3872] [222, 222, 222, 222, 222, 222]
363 185 371 1.89 [3156, 3181, 3155, 3190, 3160, 3131, 3163] [222, 222, 222, 222, 222, 222, 222]
364 179 322 1.8 [4191, 4269, 4201] [222, 222, 222]
365 136 319 1.65 [4221, 4216, 4219, 4312, 4288, 4225, 4293, 4228, 4253] [222, 223, 223, 223, 223, 223, 223, 223, 223]
366 132 319 1.34 [16795, 16879, 17032, 17046, 17053, 17116] [223, 223, 223, 224, 224, 224]
367 179 337 1.86 [2199] [220]
368 165 314 1.91 [4692, 4794, 4790, 4716, 4772, 4678] [223, 224, 224, 224, 224, 224]
369 186 314 1.08 [2376, 2352, 2347, 2348, 2360, 2383, 2373, 2350] [223, 223, 224, 224, 224, 224, 224, 224]
370 187 372 1.37 [3627] [224]
371 162 333 1.29 [10790, 10932, 10830, 10812, 10727, 10776, 10941] [225, 225, 225, 225, 225, 225, 225]
372 159 362 1.11 [3384, 3452, 3404, 3453, 3391, 3447, 3426, 3397] [225, 225, 225, 225, 225, 225, 226, 226]
373 157 355 1.2 [6992, 7050] [226, 226]
374 158 341 1.37 [2260, 2295] [221, 226]
375 146 337 1.73 [2190] [226]
376 152 355 1.97 [2489, 2481, 2528, 2491, 2526, 2493, 2513, 2515, 2486, 2520] [226, 226, 226, 226, 226, 226, 226, 226, 226, 226]
377 182 335 1.31 [3231, 3225, 3202] [226, 226, 226]
378 150 314 1.98 [3743, 3740, 3760, 3706, 3755, 3794, 3718, 3719] [226, 226, 226, 226, 226, 226, 226, 226]
379 148 349 1.85 [6001, 6028, 5978, 5998, 5988, 6043, 5991, 6026, 6070] [227, 227, 227, 227, 227, 227, 227, 227, 227]
380 149 313 1.6 [12649, 12811, 12623, 12571, 12634, 12592, 12753, 12535, 12727, 12639] [227, 227, 227, 228, 228, 228, 228, 228, 228, 228]
381 145 350 1.42 [2657, 2636, 2630, 2638, 2654] [226, 226, 228, 229, 229]
382 179 354 1.26 [5500, 5469, 5478, 5496, 5494] [229, 229, 229, 229, 229]
383 183 341 1.28 [2026, 2029, 2055, 2068] [229, 229, 229, 229]
384 178 353 1.62 [5628, 5637, 5675, 5635, 5630, 5710] [229, 229, 229, 229, 229, 229]
385 136 355 1.81 [3486, 3536, 3553, 3502] [229, 229, 229, 229]
386 178 331 1.59 [3293, 3299, 3274, 3335, 3290, 3285, 3256, 3324, 3322] [229, 229, 230, 230, 230, 230, 230, 230, 230]
387 129 313 1.03 [4389] [230]
388 143 351 1.12 [3674, 3629, 3665, 3664, 3676] [230, 230, 230, 230, 230]
389 184 342 1.93 [3562, 3565, 3603, 3592, 3569, 3553, 3589] [230, 230, 230, 230, 230, 230, 230]
390 132 364 1.07 [10404, 10319, 10387, 10456, 10434] [230, 230, 231, 231, 231]
391 186 332 1.34 [4402, 4440, 4442, 4415] [230, 231, 231, 231]
392 163 319 1.28 [2033, 2011, 2048, 2019, 2037, 2007, 2015, 2036, 2042, 2004] [231, 231, 231, 231, 231, 231, 231, 231, 231, 231]
393 140 356 1.56 [7866] [231]
394 133 356 1.35 [2594, 2595, 2605, 2584, 2610, 2608, 2550, 2587] [231, 231, 231, 231, 231, 231, 231, 231]
395 131 340 1.74 [2022, 2050, 2019, 2048, 2053, 2065] [219, 231, 232, 232, 232, 232]
396 184 363 1.96 [3953, 3991, 3954, 3972, 3961, 4010] [232, 232, 232, 232, 232, 232]
397 176 351 1.33 [2719, 2683, 2686, 2695] [232, 232, 232, 232]
398 139 323 1.02 [2642, 2685, 2641, 2664, 2624, 2639, 2657, 2662] [232, 232, 232, 232, 232, 232, 232, 232]
399 126 321 1.97 [2417, 2397, 2368, 2363, 2382, 2390, 2406, 2412, 2374, 2362] [232, 232, 232, 232, 232, 232, 232, 232, 232, 232]
400 126 336 1.03 [3041, 3037, 3061, 3084, 3060, 3036, 3027] [232, 232, 233, 233, 233, 233, 233]
401 140 322 1.99 [4367, 4316] [233, 233]
402 164 359 1.42 [3486, 3506, 3442] [233, 233, 233]
403 169 326 1.46 [15734, 15872, 16089, 15780, 16036, 15859, 15971, 15754, 16023] [233, 233, 233, 234, 234, 234, 234, 234, 235]
404 165 318 1.33 [3123, 3173, 3180, 3149, 3153, 3132, 3158, 3131, 3146, 3151] [233, 233, 233, 234, 234, 234, 234, 235, 235, 235]
405 176 358 1.99 [3214, 3194, 3228, 3262, 3224, 3206, 3212, 3200, 3190] [235, 235, 235, 235, 235, 235, 235, 235, 235]
406 166 321 1.89 [2742, 2753, 2752, 2790, 2805, 2754, 2761, 2777, 2793, 2781] [235, 235, 235, 235, 235, 235, 235, 235, 235, 235]
407 187 365 1.64 [11579, 11574, 11451, 11546, 11532, 11409, 11631, 11394] [236, 236, 236, 236, 236, 236, 236, 236]
408 179 318 1.81 [2399, 2412, 2387, 2418] [235, 235, 235, 235]
409 131 321 1.92 [2147, 2119, 2106, 2135, 2132, 2110, 2137, 2138] [232, 237, 237, 237, 237, 237, 237, 237]
410 170 330 1.21 [3331, 3343, 3360, 3387, 3394, 3351, 3401] [237, 237, 237, 237, 237, 237, 237]
411 171 328 1.34 [3859, 3831, 3884, 3834, 3891] [237, 237, 237, 237, 237]
412 140 356 1.55 [2377, 2400, 2362, 2387, 2355, 2398, 2356, 2379, 2353, 2406] [237, 237, 237, 237, 237, 237, 237, 237, 237, 237]
413 159 363 1.23 [10938, 10942] [237, 238]
414 142 351 1.16 [6156, 6153, 6126, 6138, 6118, 6103, 6108] [238, 238, 238, 238, 238, 238, 238]
415 151 334 1.64 [3758] [237]
416 171 314 1.77 [3453, 3498] [238, 238]
417 130 356 1.6 [6840, 6948, 6942] [238, 238, 238]
418 135 352 1.87 [8250, 8294, 8139, 8305, 8162] [238, 239, 239, 239, 239]
419 177 330 1.09 [2024, 2055, 2018, 2052, 2050, 2039, 2036, 2061] [238, 239, 239, 239, 239, 239, 239, 239]
420 132 345 1.42 [4788, 4867, 4762, 4796, 4863] [239, 239, 239, 239, 239]
421 167 315 1.8 [2056, 2067] [239, 239]
422 131 346 1.37 [6312, 6349, 6352] [239, 239, 240]
423 153 339 1.07 [3487, 3460, 3463, 3444, 3461] [239, 240, 240, 240, 240]
424 155 366 1.24 [4334, 4300, 4284, 4365, 4320, 4290, 4363, 4343, 4375] [240, 240, 240, 240, 240, 240, 240, 240, 240]
425 140 343 1.37 [2075, 2079, 2066] [240, 240, 240]
426 167 311 1.02 [3969, 3959] [240, 240]
427 126 319 1.11 [7508, 7428, 7532, 7446] [240, 240, 240, 241]
428 135 348 1.41 [3488, 3552, 3513] [241, 241, 241]
429 158 355 1.66 [4524, 4556, 4511, 4526, 4509, 4597, 4517, 4599] [241, 241, 241, 241, 241, 241, 241, 241]
430 171 348 1.82 [18154, 18357] [241, 242]
431 125 318 1.92 [3321, 3337, 3272, 3264, 3316, 3284, 3332] [241, 241, 241, 242, 242, 242, 242]
432 143 326 1.26 [2381, 2396, 2408, 2390, 2368, 2415, 2388] [241, 242, 242, 242, 242, 242, 242]
433 147 319 1.55 [2796, 2862, 2810, 2802, 2851] [242, 242, 242, 242, 242]
434 149 367 1.12 [2363] [242]
435 156 344 1.56 [10534] [242]
436 138 340 1.56 [2166, 2151, 2147, 2167, 2163, 2183, 2155, 2155] [242, 242, 242, 242, 242, 243, 243, 243]
437 147 366 1.54 [2172, 2148, 2127] [243, 243, 243]
438 181 335 1.63 [12995, 13113, 13145, 12904, 12920, 13129, 13000, 13059, 13150] [243, 243, 243, 243, 243, 243, 244, 244, 244]
439 128 314 1.4 [14589, 14698] [244, 244]
440 168 357 1.09 [2335] [244]
441 146 360 1.13 [2802, 2859, 2808, 2857, 2862, 2826, 2845, 2840, 2833] [244, 244, 244, 244, 244, 244, 244, 245, 245]
442 173 334 1.49 [2693, 2665] [245, 245]
443 156 362 1.39 [4937, 5039] [245, 245]
444 167 371 1.78 [8514, 8528, 8602, 8676, 8507, 8634, 8560] [245, 245, 245, 245, 245, 245, 245]
445 173 323 1.81 [5451, 5440, 5501, 5411, 5402] [245, 245, 246, 246, 246]
446 144 361 1.59 [4774, 4754, 4750, 4809, 4823, 4776, 4768, 4798, 4784, 4851] [246, 246, 246, 246, 246, 246, 246, 246, 246, 246]
447 147 335 1.54 [2492, 2530, 2519, 2522, 2523, 2495, 2537] [246, 246, 246, 246, 246, 246, 246]
448 135 314 1.68 [2074, 2038, 2042, 2048, 2040, 2046, 2054, 2061, 2027] [246, 246, 246, 246, 246, 246, 247, 247, 247]
449 184 354 1.86 [4318, 4332, 4334, 4320] [247, 247, 247, 247]
450 177 334 1.94 [18494, 18570] [247, 247]
451 163 370 1.63 [2288, 2284, 2328, 2276, 2278, 2306, 2324] [247, 247, 247, 247, 247, 247, 247]
452 141 315 1.14 [4042, 4072, 4107, 4058] [247, 248, 248, 248]
453 153 347 1.56 [6808, 6771, 6858, 6827, 6746, 6743] [248, 248, 248, 248, 248, 248]
454 127 357 1.67 [3993, 4021] [248, 248]
455 163 340 1.61 [5450, 5461, 5394, 5388, 5425, 5419] [248, 248, 248, 248, 248, 248]
456 159 328 1.91 [8261, 8241] [249, 249]
457 151 364 1.3 [2674, 2689, 2705, 2679, 2716, 2671, 2709, 2694] [249, 249, 249, 249, 249, 249, 249, 249]
458 160 318 1.07 [14659] [249]
459 179 328 1.32 [2955, 2953, 2979, 2928, 2961, 2976] [249, 249, 249, 249, 249, 249]
460 151 366 1.85 [7788, 7855, 7778, 7759] [249, 249, 250, 250]
461 176 360 1.42 [3359] [249]
462 173 317 1.6 [3354, 3369, 3308, 3336, 3349, 3346] [250, 250, 250, 250, 250, 250]
463 142 321 1.99 [2135, 2103, 2100, 2091, 2127, 2122, 2085, 2091, 2115] [248, 249, 250, 250, 250, 250, 250, 250, 250]
464 150 328 1.39 [6066, 6019, 6016, 6056, 6104, 6099, 6064, 6081, 6041, 6076] [250, 250, 250, 250, 250, 250, 250, 251, 251, 251]
465 143 347 1.29 [3216, 3171, 3187] [251, 251, 251]
466 187 359 1.18 [2156, 2187] [251, 251]
467 172 331 1.11 [2247, 2281, 2286, 2265, 2258] [251, 251, 251, 251, 251]
468 173 370 1.4 [2784, 2813, 2769] [251, 251, 251]
469 167 362 1.5 [3213, 3240, 3200] [251, 251, 251]
470 164 344 1.12 [2532, 2525, 2488, 2490] [251, 251, 251, 251]
471 165 325 1.46 [4865, 4953, 4939] [251, 251, 251]
472 134 319 1.5 [2068, 2034] [251, 251]
473 152 362 1.58 [3497] [251]
474 169 334 1.98 [3364, 3354, 3368, 3358, 3343, 3377, 3404, 3340] [252, 252, 252, 252, 252, 252, 252, 252]
475 150 313 1.38 [4261, 4288, 4249, 4235, 4276, 4302, 4253, 4286] [252, 252, 252, 252, 252, 252, 252, 252]
476 147 370 1.47 [5986, 6011, 5979, 5956, 6050] [252, 252, 252, 252, 252]
477 127 323 1.51 [8245] [253]
478 137 311 1.62 [2075, 2098, 2091, 2081, 2063] [251, 252, 252, 253, 253]
479 125 329 1.25 [8157, 8050, 8153, 8140, 8004, 8010, 8044] [253, 253, 253, 253, 253, 253, 253]
480 176 319 1.97 [2534, 2512, 2529, 2553, 2532, 2558, 2520, 2550, 2527, 2546] [253, 253, 253, 253, 253, 253, 253, 253, 253, 253]
481 158 340 1.56 [3091, 3095, 3071] [254, 254, 254]
482 174 350 1.97 [6559, 6473, 6584, 6562, 6476, 6497, 6603, 6573, 6557, 6549] [254, 254, 254, 254, 254, 254, 254, 254, 254, 254]
483 157 343 1.87 [2873, 2904, 2889, 2929, 2932, 2934, 2886, 2914, 2907, 2872] [254, 254, 254, 254, 254, 254, 255, 255, 255, 255]
484 162 325 1.12 [2427, 2449, 2460, 2458, 2459, 2468, 2423, 2418, 2454, 2439] [255, 255, 255, 255, 255, 255, 255, 255, 255, 255]
485 129 336 1.6 [4120, 4073, 4076, 4064, 4128, 4090, 4048] [255, 255, 255, 255, 255, 255, 255]
486 182 342 1.22 [2379, 2384, 2367, 2394, 2376, 2342, 2345] [255, 255, 255, 255, 255, 255, 255]
487 152 363 1.48 [8562, 8583, 8715] [255, 256, 256]
488 170 321 1.43 [2709, 2711, 2679, 2699, 2668, 2720] [255, 255, 256, 256, 256, 256]
489 130 318 1.2 [3870, 3910, 3904, 3923] [256, 256, 256, 256]
490 162 330 1.12 [2901, 2874, 2924, 2911, 2862, 2906, 2896, 2871, 2886, 2908] [256, 256, 256, 256, 256, 256, 256, 256, 256, 256]
491 164 338 1.27 [2726, 2684, 2680, 2689, 2706, 2719, 2729, 2679] [256, 256, 256, 256, 256, 256, 256, 256]
492 152 338 1.64 [2863, 2823] [257, 257]
493 184 368 1.1 [6822, 6847, 6867, 6791, 6763, 6811, 6724, 6808, 6861, 6769] [257, 257, 257, 257, 257, 257, 257, 257, 257, 257]
494 153 359 1.9 [3570, 3541, 3594, 3586, 3610, 3533, 3536, 3564, 3577, 3532] [257, 257, 257, 257, 257, 257, 258, 258, 258, 258]
495 174 371 2.0 [2601, 2612, 2582] [258, 258, 258]
496 126 347 1.39 [2758, 2767, 2754, 2764, 2760, 2765, 2773, 2785, 2800, 2774] [258, 258, 258, 258, 258, 258, 258, 258, 258, 258]
497 173 319 1.74 [2131, 2114, 2118, 2115, 2136, 2133] [258, 258, 258, 258, 258, 258]
498 145 339 1.9 [3982, 4028, 3998, 4032, 4005, 3992, 4018, 4051, 4020, 4066] [258, 258, 258, 258, 258, 258, 258, 258, 259, 259]
499 169 368 1.46 [2603, 2634, 2649, 2635, 2637] [259, 259, 259, 259, 259]
