0 182 330 1.64 [2691, 2652] [125, 126]
1 161 332 1.41 [2056, 2057] [128, 127]
2 145 371 1.21 [3498, 3524, 3502, 3471, 3521, 3479] [129, 130, 131, 134, 133, 132]
3 130 373 1.21 [3209, 3223, 3215, 3213] [138, 136, 137, 135]
4 137 343 1.29 [5885, 5956, 5878, 6000, 5863] [139, 140, 141, 142, 143]
5 142 340 1.22 [11895, 11880, 12133, 12083] [144, 147, 146, 145]
6 164 349 1.7 [2737, 2746, 2726, 2705, 2739, 2714] [148, 149, 150, 153, 152, 151]
7 160 366 1.41 [2379, 2344] [154, 155]
8 174 365 1.12 [2942, 2979, 2953, 2972, 2952, 3006, 3003, 2945, 2947, 3000] [165, 157, 158, 159, 160, 161, 162, 163, 164, 156]
9 181 348 1.66 [2040, 2043, 2025, 2029, 2032, 2045] [166, 167, 171, 169, 170, 168]
10 173 317 1.17 [10487, 10427, 10336, 10354, 10492, 10539, 10362, 10358] [172, 173, 179, 175, 176, 177, 178, 174]
11 146 343 1.96 [5188, 5103, 5205, 5101, 5124] [180, 181, 182, 184, 183]
12 139 312 1.93 [2390, 2342, 2392, 2353, 2388, 2391, 2360, 2351, 2340] [185, 186, 187, 188, 189, 190, 191, 192, 193]
13 149 323 1.2 [2509, 2522, 2511, 2539] [197, 195, 196, 194]
14 149 328 1.45 [5190] [198]
15 137 350 1.85 [3224, 3237, 3259, 3232, 3219] [199, 200, 201, 202, 203]
16 168 323 1.07 [2028, 2048, 2024, 2029, 2053, 2033, 2051] [204, 205, 210, 207, 208, 209, 206]
17 131 319 1.22 [4459] [211]
18 171 319 1.97 [4127] [212]
19 142 348 1.97 [4702] [213]
20 138 337 1.41 [4810, 4874, 4908, 4846, 4900, 4836, 4856, 4806, 4902, 4882] [214, 215, 216, 217, 218, 219, 220, 223, 222, 221]
21 133 359 1.57 [16242, 16134, 16477, 16464, 16329, 16168, 16383] [224, 230, 226, 227, 228, 229, 225]
22 180 373 1.78 [2870, 2903, 2861, 2865, 2852] [231, 232, 233, 234, 235]
23 164 317 1.98 [2954, 3012, 2961, 2989, 2971, 2994] [241, 237, 238, 239, 240, 236]
24 134 348 1.01 [7852, 7887, 7810, 7784, 7826, 7868] [242, 243, 244, 247, 246, 245]
25 158 368 1.4 [2638, 2627, 2648, 2654, 2610, 2625, 2632] [248, 249, 250, 251, 254, 253, 252]
26 166 348 1.78 [4863, 4873, 4923, 4845, 4887, 4913, 4943, 4859] [255, 256, 257, 262, 259, 260, 261, 258]
27 156 327 1.91 [2986, 3024, 3033, 3029, 3032, 3028, 3041, 3017, 3034] [271, 264, 265, 266, 267, 268, 269, 270, 263]
28 132 345 1.53 [5186, 5160, 5205, 5201, 5229, 5173] [272, 277, 274, 275, 276, 273]
29 177 371 1.94 [4959, 4978, 5058] [280, 279, 278]
30 126 320 1.18 [14012, 14209, 14168, 14041, 13954] [281, 282, 283, 284, 285]
31 134 344 1.14 [2660, 2629] [286, 287]
32 157 316 1.4 [3667, 3659, 3605, 3658, 3608, 3674, 3664, 3625, 3644] [288, 289, 296, 291, 292, 293, 294, 295, 290]
33 160 364 1.45 [2402, 2425, 2381, 2383, 2384, 2427, 2390, 2379, 2426] [297, 298, 299, 300, 301, 302, 303, 305, 304]
34 153 362 1.86 [3608, 3599, 3559, 3624, 3568] [306, 307, 310, 309, 308]
35 171 337 1.87 [6609, 6571, 6596, 6669] [311, 314, 313, 312]
36 155 323 1.25 [3063, 3064, 3047] [315, 316, 317]
37 177 348 1.34 [2329, 2338, 2351, 2374, 2365, 2328, 2376] [318, 319, 320, 321, 322, 324, 323]
38 129 333 1.51 [4562] [325]
39 180 346 1.57 [13546, 13423] [326, 327]
40 163 367 1.94 [3476] [328]
41 168 333 1.83 [10227, 10286] [330, 329]
42 163 349 1.97 [2347, 2346, 2375, 2383] [331, 334, 333, 332]
43 159 368 1.79 [3409, 3358, 3389, 3349, 3384, 3351, 3424, 3346, 3370] [335, 336, 337, 338, 339, 340, 341, 343, 342]
44 126 343 1.27 [7651, 7623, 7670, 7727, 7724] [344, 348, 346, 347, 345]
45 180 319 1.37 [5658] [349]
46 172 333 1.64 [2364, 2390, 2340, 2338, 2376, 2385, 2351, 2362] [350, 351, 352, 357, 354, 355, 356, 353]
47 159 370 1.77 [2238, 2227, 2236, 2225, 2231, 2234, 2217, 2203] [358, 359, 360, 361, 362, 363, 364, 365]
48 146 324 1.15 [3485, 3421] [366, 367]
49 179 356 1.21 [2433, 2414, 2422, 2418] [368, 371, 370, 369]
50 187 339 1.99 [17968, 18102, 17917, 18080, 17946, 18094, 18154, 18072, 18043, 17850] [127, 128, 166, 167, 168, 372, 373, 170, 374, 169]
51 145 317 1.1 [2048, 2046, 2030, 2064, 2028, 2031, 2050, 2068, 2039] [204, 205, 206, 207, 244, 209, 210, 247, 208]
52 133 329 2.0 [14496, 14236, 14260, 14408, 14544] [364, 359, 171, 358, 318]
53 144 370 1.09 [2460, 2498, 2468] [210, 209, 204]
54 157 356 1.75 [3043] [365]
55 170 314 1.32 [3483, 3463, 3495, 3462, 3492] [155, 319, 320, 322, 324]
56 144 317 1.04 [2074] [246]
57 179 350 1.46 [3295, 3360, 3345, 3365, 3325] [321, 350, 352, 356, 357]
58 180 320 1.4 [2060] [323]
59 172 312 1.82 [4028] [360]
60 145 324 1.11 [3722, 3792, 3721, 3787, 3731, 3776, 3803, 3786, 3783] [158, 159, 157, 160, 163, 164, 165, 286, 287]
61 127 340 1.35 [3460, 3519, 3502, 3529, 3465, 3538, 3539, 3476, 3478] [371, 297, 299, 300, 369, 303, 305, 154, 301]
62 162 368 1.5 [10689] [361]
63 180 370 1.9 [2194, 2200, 2176, 2196, 2217, 2210, 2199, 2197, 2178, 2175] [370, 298, 302, 353, 354, 355, 362, 363, 351, 304]
64 140 347 1.93 [2124, 2119, 2118, 2111, 2104, 2128, 2096, 2103, 2105, 2078] [194, 195, 196, 197, 249, 254, 252, 248, 253, 368]
65 183 349 1.37 [4776, 4706, 4766, 4778] [126, 125, 250, 251]
66 134 333 1.79 [2129, 2124, 2144, 2116] [156, 161, 162, 317]
67 174 312 1.11 [4998, 4996] [367, 366]
68 185 345 1.91 [2544, 2547, 2582, 2580, 2551, 2549, 2591] [186, 188, 191, 193, 334, 331, 192]
69 147 373 1.07 [3336, 3396, 3382, 3361] [207, 206, 205, 208]
70 154 352 1.67 [2322, 2319, 2365, 2327, 2347, 2331, 2353] [135, 132, 136, 137, 138, 315, 316]
71 162 317 1.26 [3691, 3687] [134, 129]
72 127 339 1.79 [2252] [131]
73 184 320 1.03 [3143, 3147, 3180, 3186, 3172, 3149] [247, 243, 244, 245, 246, 242]
74 186 351 1.23 [2504, 2517, 2543, 2536, 2541, 2549, 2500] [158, 204, 209, 210, 286, 287, 163]
75 158 341 1.34 [5947, 5888, 5845, 5971, 5927, 5893] [148, 149, 150, 152, 153, 151]
76 155 333 1.08 [2661, 2667, 2711] [245, 243, 242]
77 139 326 1.03 [4570, 4559] [246, 244]
78 127 373 1.14 [2541, 2565, 2551, 2588, 2590, 2571, 2548] [242, 206, 207, 208, 243, 247, 205]
79 178 317 1.08 [2868, 2867, 2878, 2845, 2884, 2898, 2892, 2853] [205, 206, 207, 242, 244, 245, 246, 208]
80 161 342 1.88 [2880, 2818, 2831, 2816, 2881, 2854, 2879, 2819, 2841] [185, 233, 189, 235, 332, 333, 187, 231, 190]
81 183 332 1.83 [12695, 12600, 12658, 12632, 12668, 12684, 12742] [241, 239, 236, 237, 238, 232, 234]
82 167 347 1.08 [2233, 2241, 2236, 2219, 2223, 2206, 2245, 2244, 2218, 2229] [205, 206, 207, 208, 243, 157, 244, 245, 246, 247]
83 178 326 1.82 [2531, 2503, 2526, 2513, 2505, 2499, 2486] [130, 133, 290, 292, 295, 296, 288]
84 133 322 1.14 [3962, 3953, 3983, 3978, 3946, 3944, 3948, 3965] [157, 159, 160, 164, 165, 163, 366, 367]
85 159 318 1.25 [4290, 4262, 4354, 4263, 4324, 4343, 4295] [129, 286, 211, 287, 319, 323, 134]
86 133 338 1.98 [2077, 2082, 2114] [294, 291, 289]
87 133 344 1.56 [3613, 3672, 3681, 3642, 3615] [353, 362, 363, 368, 293]
88 183 328 1.05 [16727, 16557] [204, 210]
89 147 370 1.73 [2892] [351]
90 146 360 1.89 [15994] [240]
91 169 367 1.53 [2166, 2142, 2145, 2152, 2169, 2176, 2170, 2172] [155, 158, 209, 211, 320, 322, 323, 324]
92 152 335 1.68 [6962, 7119, 7081, 7058, 7061, 6983] [263, 264, 271, 270, 266, 265]
93 187 349 2.0 [6282, 6383, 6251, 6376, 6347, 6331, 6279, 6303, 6321, 6248] [338, 200, 201, 202, 203, 267, 268, 269, 199, 336]
94 187 312 1.98 [2075, 2077, 2085, 2070, 2071, 2062, 2089, 2078] [370, 298, 302, 304, 354, 355, 196, 197]
95 139 361 1.8 [2174, 2189, 2168, 2195, 2185, 2182, 2194, 2162] [135, 156, 161, 162, 315, 316, 317, 137]
96 186 362 1.61 [2220, 2223] [301, 154]
97 162 334 1.15 [3334, 3372, 3374, 3383, 3386] [247, 206, 207, 208, 205]
98 184 347 1.79 [8736, 8754, 8646, 8703, 8689, 8682] [342, 340, 335, 339, 337, 343]
99 177 346 1.25 [10980, 11228] [325, 341]
100 143 373 1.48 [2315, 2331, 2324, 2314] [165, 155, 319, 164]
101 148 349 1.34 [2567, 2560, 2536, 2549, 2545] [159, 160, 157, 366, 367]
102 165 321 1.88 [2345, 2363, 2384, 2337, 2375] [248, 195, 252, 249, 194]
103 171 346 1.38 [3644] [299]
104 176 349 1.04 [2700, 2721, 2741] [246, 245, 244]
105 168 315 1.26 [4994] [371]
106 152 374 1.74 [2120, 2086, 2115] [321, 352, 357]
107 186 328 1.79 [6416] [328]
108 142 325 1.94 [2550, 2553, 2565] [214, 253, 254]
109 143 329 1.32 [3917, 3904, 3874, 3885, 3872, 3869, 3879, 3938, 3866, 3956] [155, 297, 300, 303, 305, 320, 322, 324, 323, 369]
110 170 360 1.06 [2074, 2093, 2062, 2084, 2059, 2094] [242, 243, 244, 245, 207, 246]
111 168 314 1.26 [11902, 11997, 12056, 12116, 12041, 12145] [223, 306, 307, 308, 309, 310]
112 178 343 1.76 [4207, 4193, 4261, 4273, 4282, 4198, 4210, 4189, 4205, 4278] [186, 188, 215, 216, 217, 219, 218, 220, 221, 331]
113 170 369 1.69 [5289, 5316, 5283, 5318] [191, 222, 192, 334]
114 130 349 1.59 [4342, 4336, 4292, 4252, 4253] [189, 190, 193, 365, 198]
115 179 358 1.24 [8141, 8185, 8101] [136, 138, 356]
116 147 319 1.4 [5903, 5900, 5944, 5949] [291, 349, 350, 131]
117 173 351 1.38 [5551, 5535, 5489, 5574, 5519, 5539] [132, 143, 139, 289, 141, 294]
118 181 314 1.54 [3520, 3507, 3550, 3511, 3495, 3540, 3498, 3534, 3544, 3494] [125, 126, 140, 142, 156, 161, 162, 250, 317, 251]
119 161 318 1.66 [2206, 2211, 2234, 2236, 2243, 2247] [303, 299, 300, 301, 305, 154]
120 147 327 1.18 [4154, 4102, 4092] [163, 208, 205]
121 156 343 1.3 [2625, 2652, 2644] [207, 206, 163]
122 165 351 1.65 [15366, 15152, 15454] [212, 255, 213]
123 156 365 1.81 [3259, 3222, 3269, 3283] [187, 332, 333, 185]
124 187 316 1.38 [2699, 2678, 2731, 2729, 2680, 2706, 2687, 2681, 2735] [129, 134, 157, 159, 160, 366, 286, 287, 367]
125 141 350 1.8 [2495] [315]
126 181 311 1.83 [2508, 2505, 2535, 2524, 2512, 2559] [130, 288, 292, 295, 296, 133]
127 126 342 1.86 [4923, 4931, 4959, 4980, 4972, 4988, 5039] [261, 257, 258, 259, 260, 262, 256]
128 171 350 1.71 [2551, 2555, 2529, 2505] [135, 137, 316, 352]
129 144 355 1.27 [2743, 2737, 2764, 2771, 2762, 2730, 2761] [205, 208, 242, 243, 245, 163, 247]
130 128 353 1.5 [2164, 2148, 2140, 2166, 2159, 2173, 2151, 2154, 2147, 2146] [211, 134, 159, 158, 164, 165, 287, 319, 286, 129]
131 152 370 1.62 [7551] [280]
132 127 363 1.58 [2109, 2139, 2149, 2135, 2151, 2115, 2147, 2113, 2135] [319, 209, 211, 297, 320, 322, 324, 369, 158]
133 178 340 1.44 [2359] [160]
134 176 327 1.53 [2962, 2950, 3012, 2987, 2966, 2981, 3014, 2998, 2946, 2977] [154, 303, 299, 301, 321, 357, 369, 371, 300, 297]
135 131 370 1.44 [3916, 3953, 3882, 3874, 3943, 3902] [175, 179, 305, 321, 174, 357]
136 148 349 1.47 [7250, 7239, 7227, 7168, 7233] [272, 275, 274, 277, 273]
137 170 340 1.79 [3303, 3298, 3310, 3343, 3327] [231, 304, 235, 290, 233]
138 179 365 1.65 [9943, 9874, 9793, 9809, 9833, 10021, 9984, 9882, 9821, 9891] [180, 181, 313, 183, 184, 276, 278, 279, 360, 182]
139 165 325 1.15 [2632, 2672, 2641, 2670, 2645, 2686] [208, 242, 243, 244, 246, 247]
140 164 338 2.0 [4291, 4335, 4333, 4279] [302, 354, 355, 370]
141 165 374 1.52 [5993, 5934, 5954, 5998, 5944, 6070, 5956] [249, 195, 196, 197, 248, 298, 194]
142 140 337 1.4 [6001, 5917, 5983, 5998] [253, 351, 293, 252]
143 171 331 1.85 [2625, 2630] [344, 348]
144 174 338 1.69 [2712, 2726, 2751, 2739] [137, 135, 316, 142]
145 134 354 1.83 [6712, 6810, 6838] [214, 254, 314]
146 126 354 1.79 [9248, 9214, 9184, 9309, 9138, 9316, 9256, 9112, 9199, 9267] [311, 312, 345, 346, 347, 353, 362, 332, 363, 368]
147 167 358 1.12 [2008, 2018, 2031, 2037, 2034, 2010, 2020, 2015, 2015, 2049] [163, 205, 206, 207, 242, 243, 244, 245, 246, 247]
148 128 314 1.94 [2539, 2570, 2577, 2548, 2575, 2536, 2554, 2549, 2543] [288, 133, 149, 150, 151, 295, 296, 130, 153]
149 151 328 1.12 [2450, 2447] [246, 244]
150 160 356 1.1 [2087, 2083] [246, 244]
151 129 314 1.48 [4001, 4014, 4029, 3989, 3991, 4042, 4066, 4067, 4059, 4047] [140, 156, 161, 162, 172, 173, 176, 177, 178, 352]
152 184 339 1.47 [9493, 9481, 9404, 9524, 9318] [185, 187, 292, 333, 148]
153 155 323 1.91 [5205, 5210, 5270, 5266, 5292, 5314, 5199] [152, 219, 220, 231, 233, 235, 186]
154 170 340 1.92 [9751, 9683, 9771, 9670, 9727, 9824, 9791] [188, 215, 216, 193, 217, 218, 221]
155 146 337 1.86 [13578] [331]
156 140 333 1.05 [2580, 2565, 2588, 2561, 2567, 2556] [205, 206, 208, 244, 246, 243]
157 137 361 1.6 [2681, 2730, 2695, 2732, 2727, 2710] [320, 209, 301, 322, 371, 154]
158 135 345 1.15 [2447, 2450, 2468, 2449, 2454, 2448, 2426, 2455, 2460] [163, 205, 207, 242, 244, 245, 208, 246, 247]
159 133 345 1.63 [2971, 2944, 2989, 2987, 2996, 2955] [125, 137, 250, 251, 317, 126]
160 169 361 1.14 [3512, 3447, 3493, 3506, 3460, 3473, 3503, 3500, 3485, 3470] [163, 205, 206, 207, 242, 243, 244, 245, 246, 247]
161 145 352 1.63 [5622] [198]
162 147 357 1.7 [4780, 4778, 4859, 4832, 4804, 4863] [189, 315, 290, 304, 365, 190]
163 173 335 1.19 [4794] [210]
164 140 360 1.05 [2239, 2215, 2233, 2208, 2218, 2225, 2248] [204, 206, 208, 245, 244, 246, 243]
165 132 368 1.73 [11502, 11536, 11616] [268, 269, 267]
166 154 340 1.13 [2653, 2696, 2666] [247, 246, 244]
167 125 336 1.29 [9538, 9340, 9324] [344, 348, 130]
168 133 312 1.03 [3090, 3043, 3047, 3079, 3039, 3081, 3064, 3062] [163, 204, 205, 207, 208, 242, 244, 246]
169 136 357 1.03 [2092, 2053, 2066, 2055, 2065, 2102, 2067, 2054, 2069, 2058] [163, 208, 207, 242, 243, 244, 245, 246, 247, 206]
170 133 321 1.16 [7659, 7722, 7700, 7710, 7789, 7637, 7792, 7799, 7741] [134, 155, 158, 164, 211, 129, 323, 324, 165]
171 129 318 1.22 [2563, 2559, 2565, 2560] [243, 205, 206, 204]
172 174 315 1.38 [4710, 4747, 4702, 4725, 4737, 4731, 4690, 4721] [174, 175, 179, 297, 299, 321, 300, 357]
173 149 334 1.67 [5156, 5125, 5137, 5116, 5089, 5148, 5076, 5081, 5123] [133, 149, 150, 151, 153, 288, 294, 295, 296]
174 178 346 1.97 [4830, 4806, 4866, 4892, 4784, 4870] [257, 258, 261, 259, 260, 262]
175 167 355 1.32 [2414, 2419, 2407, 2369, 2422, 2389, 2405, 2375, 2406] [204, 163, 206, 207, 366, 245, 367, 247, 157]
176 154 313 1.74 [15354, 15117, 15192, 15154, 15236, 15336, 15229, 15292] [199, 256, 201, 202, 203, 336, 338, 200]
177 177 351 1.51 [3399, 3365, 3401, 3425, 3411, 3372, 3356, 3420] [154, 209, 301, 303, 305, 369, 319, 371]
178 176 334 1.49 [5741, 5710, 5691, 5762, 5675, 5750, 5720, 5769, 5672] [132, 139, 141, 143, 289, 291, 349, 350, 131]
179 166 325 1.3 [2149, 2147, 2175, 2141, 2137, 2181, 2158] [160, 205, 208, 242, 163, 243, 366]
180 161 330 1.99 [2612, 2609, 2606] [147, 142, 316]
181 151 369 1.3 [3304, 3265, 3308, 3319, 3297] [157, 286, 160, 367, 159]
182 126 340 1.77 [8428, 8338, 8435] [263, 265, 328]
183 144 374 1.32 [2210] [207]
184 164 322 1.6 [2346, 2362, 2342, 2347, 2333, 2348, 2371, 2375, 2360, 2329] [155, 159, 164, 165, 286, 287, 323, 324, 366, 211]
185 180 326 1.74 [5619, 5564, 5580, 5603, 5539, 5571, 5578, 5576] [144, 145, 146, 191, 277, 222, 334, 192]
186 156 325 1.56 [4907, 4952, 4915] [293, 252, 135]
187 170 367 1.27 [6800, 6879, 6777, 6822] [125, 126, 320, 251]
188 168 325 1.59 [10062, 10041, 10208, 10078, 10258, 10070] [264, 266, 270, 271, 370, 302]
189 173 312 1.95 [3377, 3416, 3391, 3366, 3443, 3418, 3380, 3370, 3444] [194, 195, 196, 351, 248, 249, 253, 298, 197]
190 134 346 1.66 [2034, 2045, 2078, 2072, 2043, 2039, 2079, 2053, 2069, 2031] [129, 134, 155, 157, 158, 160, 286, 287, 367, 159]
191 179 360 1.15 [3455] [246]
192 136 366 1.54 [2531, 2525, 2519, 2492, 2488, 2546] [158, 160, 287, 134, 129, 367]
193 130 357 1.14 [11452, 11448, 11410, 11438, 11557, 11429, 11424, 11576, 11405, 11552] [154, 209, 303, 319, 305, 322, 324, 369, 366, 301]
194 178 373 1.43 [2340, 2322, 2375, 2364, 2324, 2353, 2357, 2345, 2342] [163, 208, 206, 207, 210, 242, 245, 247, 204]
195 175 346 1.8 [4991, 4983, 5033] [272, 274, 273]
196 128 328 1.29 [2679, 2700, 2718, 2708] [204, 205, 210, 243]
197 143 348 1.64 [3231, 3254, 3304, 3258] [356, 138, 140, 136]
198 125 317 1.29 [2311, 2283, 2303, 2317, 2325, 2300, 2284, 2291, 2278, 2316] [163, 245, 205, 206, 210, 243, 244, 246, 207, 204]
199 187 324 1.38 [3345, 3284, 3340, 3315, 3295, 3318, 3330, 3306] [129, 134, 157, 164, 165, 211, 286, 287]
200 182 326 1.06 [4098, 4183, 4181, 4127, 4147, 4149, 4113] [206, 205, 210, 243, 244, 246, 204]
201 158 361 1.27 [2108, 2132] [205, 243]
202 179 374 1.97 [9035, 9204, 9196, 9136, 9106] [343, 330, 354, 355, 329]
203 143 332 1.92 [11212, 11254, 11408, 11469, 11315, 11347, 11202, 11357] [361, 280, 335, 337, 339, 340, 342, 275]
204 129 313 1.83 [2035, 2074, 2047, 2071, 2038, 2042, 2051] [137, 174, 179, 250, 300, 317, 371]
205 125 358 1.58 [2245, 2249, 2236, 2267, 2233, 2257, 2237, 2275] [155, 157, 158, 159, 211, 323, 367, 160]
206 140 345 1.38 [2039, 2050, 2053, 2048, 2026, 2054] [205, 208, 210, 243, 242, 247]
207 186 370 1.79 [6599] [152]
208 132 353 1.91 [2033, 2004, 2041, 2009, 2037, 2031, 2013, 2021, 2049, 2025] [250, 357, 161, 321, 173, 352, 175, 156, 162, 172]
209 160 314 1.1 [2444, 2489, 2492, 2432, 2461, 2479, 2487, 2477, 2484] [163, 205, 207, 208, 210, 243, 244, 245, 247]
210 134 366 1.33 [2335] [210]
211 125 363 1.26 [2587, 2595, 2599] [204, 242, 163]
212 129 316 1.93 [2225, 2230, 2244] [177, 178, 176]
213 156 353 1.77 [2238, 2261, 2253, 2276, 2259, 2272, 2241, 2264] [137, 174, 179, 297, 299, 300, 317, 371]
214 156 320 1.73 [2524, 2515, 2535, 2558, 2504, 2522, 2510, 2526, 2521, 2551] [156, 161, 317, 172, 321, 175, 250, 352, 162, 173]
215 157 348 1.89 [2013, 2020, 2010, 2046] [297, 299, 179, 357]
216 145 318 1.79 [2969, 2964] [178, 176]
217 168 335 1.33 [2137, 2089, 2138, 2100, 2135, 2111, 2132, 2094] [158, 159, 160, 164, 206, 243, 287, 323]
218 178 314 1.03 [5294, 5266, 5366, 5362, 5310, 5345, 5281, 5371, 5288, 5279] [129, 207, 155, 157, 165, 244, 286, 323, 367, 134]
219 165 329 1.67 [2473, 2422, 2458, 2456, 2454, 2468, 2441, 2469] [137, 287, 297, 300, 322, 371, 159, 174]
220 186 347 1.32 [6814, 6775, 6769] [140, 177, 136]
221 138 314 1.05 [2987, 3043] [245, 210]
222 151 349 1.47 [3927, 3965, 3909, 3989, 3973, 3970, 4000, 3935] [126, 156, 125, 162, 172, 173, 251, 352]
223 128 313 1.18 [2730] [205]
224 166 345 1.68 [2433, 2467, 2421, 2454, 2447, 2428, 2469, 2473, 2431, 2458] [164, 179, 211, 250, 299, 320, 357, 371, 322, 161]
225 166 345 1.23 [2979, 3016, 2995, 2965, 2968] [158, 208, 242, 160, 247]
226 157 311 1.86 [5945, 5918] [285, 281]
227 127 350 1.79 [2814, 2809, 2832] [138, 317, 356]
228 140 338 1.85 [5604, 5694] [283, 284]
229 133 360 1.39 [2368, 2356, 2362, 2367, 2396] [163, 210, 206, 245, 204]
230 178 331 1.26 [3574, 3598, 3582, 3649, 3576, 3585, 3623, 3577] [208, 158, 160, 165, 247, 286, 367, 155]
231 128 326 1.42 [2553, 2551, 2526, 2566, 2522, 2516, 2527, 2508, 2560, 2523] [129, 134, 157, 165, 206, 242, 323, 163, 160, 158]
232 131 324 1.65 [3764, 3756, 3835, 3748, 3809, 3790] [142, 176, 282, 178, 316, 147]
233 159 358 1.11 [2520, 2505, 2512, 2524] [205, 204, 243, 246]
234 138 364 1.16 [4492, 4520, 4548, 4530, 4511] [210, 134, 207, 245, 129]
235 148 353 1.48 [3553, 3543, 3560, 3527, 3488, 3548] [137, 174, 175, 300, 299, 321]
236 157 313 1.81 [5368, 5426, 5330] [189, 365, 290]
237 129 316 1.06 [4458, 4441, 4474, 4434, 4491, 4423, 4443, 4509, 4452, 4469] [155, 157, 204, 243, 246, 208, 247, 286, 323, 367]
238 171 363 1.9 [2867, 2860, 2886, 2855, 2843, 2831, 2884] [138, 142, 147, 282, 316, 325, 356]
239 153 312 1.13 [2281, 2331, 2316] [158, 205, 244]
240 178 344 1.6 [14898, 15045, 14781, 15088, 14762, 15009, 15033, 14769, 15082] [214, 186, 219, 254, 220, 314, 326, 327, 231]
241 162 352 1.73 [2444, 2413, 2436, 2433, 2434, 2424, 2451, 2456, 2423, 2414] [161, 162, 172, 179, 250, 251, 297, 320, 357, 371]
242 181 326 1.28 [5072, 5093, 5087, 5104, 5068, 5028, 5049, 5045, 5064, 5039] [159, 211, 164, 287, 322, 155, 160, 369, 323, 165]
243 154 313 1.16 [6228] [242]
244 156 327 1.66 [2130, 2158, 2173, 2131, 2149, 2144] [209, 286, 366, 319, 324, 303]
245 129 371 1.87 [2490, 2455, 2511, 2465, 2507, 2479, 2480, 2453, 2486] [136, 125, 140, 161, 173, 177, 352, 126, 156]
246 170 322 1.2 [3924] [206]
247 159 357 1.39 [4569] [321]
248 132 313 1.32 [5948, 5889, 5987, 5972, 5980, 5963, 5936] [137, 357, 172, 175, 250, 251, 162]
249 181 365 1.67 [2334, 2370, 2332, 2372, 2320, 2333, 2338] [320, 174, 297, 300, 301, 305, 154]
250 146 314 1.68 [2361] [299]
251 133 343 1.02 [3474, 3420, 3475, 3448, 3451, 3400, 3478, 3404] [129, 134, 157, 158, 163, 245, 367, 207]
252 155 315 1.79 [2242, 2291, 2256, 2255, 2271, 2258] [179, 320, 303, 371, 297, 174]
253 149 327 1.7 [3188, 3244, 3215, 3226, 3219, 3195, 3192, 3202] [161, 140, 156, 173, 177, 317, 352, 136]
254 153 370 1.07 [3558, 3551, 3516] [205, 210, 244]
255 173 336 1.89 [2111, 2132, 2096, 2103] [299, 250, 300, 321]
256 158 313 1.31 [3104, 3092, 3125, 3111, 3103, 3085, 3081, 3102] [154, 204, 209, 247, 319, 324, 286, 366]
257 185 332 1.55 [6452, 6487, 6503, 6425, 6447, 6444, 6495, 6457, 6422, 6436] [190, 198, 304, 306, 307, 308, 309, 315, 310, 341]
258 166 357 1.74 [2417, 2378, 2409] [179, 301, 305]
259 176 318 1.89 [2207] [172]
260 187 370 1.68 [2556] [369]
261 128 373 1.64 [2894, 2846, 2859, 2899, 2895] [162, 174, 371, 320, 297]
262 145 329 1.76 [2235, 2196, 2245, 2226, 2235] [209, 287, 303, 159, 319]
263 168 315 1.63 [3613, 3634, 3612, 3697, 3610, 3672] [125, 126, 178, 176, 352, 317]
264 187 368 1.7 [3148, 3078, 3076, 3099, 3088] [136, 137, 156, 177, 173]
265 158 347 1.48 [3759, 3691, 3771, 3737, 3716, 3773, 3725] [321, 179, 300, 301, 303, 305, 154]
266 141 326 1.93 [2298, 2300, 2311, 2299, 2292, 2322, 2326, 2304] [140, 161, 172, 175, 299, 251, 282, 250]
267 172 319 1.49 [3830, 3806, 3792, 3856, 3798, 3847, 3803, 3827] [162, 174, 322, 320, 357, 369, 371, 297]
268 157 347 1.03 [2281, 2291, 2293, 2275, 2285, 2264, 2297] [163, 129, 165, 206, 208, 243, 246]
269 143 366 1.24 [9293, 9397, 9305] [316, 147, 142]
270 136 352 1.6 [5262, 5161, 5270, 5249, 5234] [139, 132, 223, 289, 141]
271 178 354 1.93 [7429, 7405] [233, 235]
272 127 366 1.2 [3545] [134]
273 177 339 1.02 [4029] [158]
274 141 332 1.16 [15154, 15254, 15273] [293, 135, 131]
275 173 316 1.48 [3142, 3201, 3189, 3215, 3190, 3184, 3160, 3168, 3151] [323, 164, 209, 211, 287, 319, 324, 366, 159]
276 157 360 1.56 [3589, 3519, 3582, 3550, 3521, 3540, 3537] [125, 301, 300, 179, 321, 357, 162]
277 160 370 1.67 [4849, 4899, 4855, 4871, 4859, 4879, 4867, 4943, 4861, 4913] [143, 194, 195, 196, 197, 248, 249, 253, 298, 351]
278 126 370 1.76 [3448, 3388, 3450, 3398, 3429, 3373] [252, 138, 325, 356, 348, 282]
279 147 351 1.53 [2881, 2929, 2868, 2907] [164, 211, 160, 324]
280 153 351 1.92 [3387, 3424] [291, 349]
281 169 323 1.36 [2496, 2548, 2512, 2536, 2486, 2538] [155, 157, 207, 245, 165, 367]
282 176 361 1.63 [13002] [258]
283 149 370 1.56 [2674, 2684, 2680, 2658, 2662] [209, 286, 287, 319, 366]
284 127 347 1.41 [3404, 3430, 3411, 3439, 3451, 3402, 3440, 3394, 3392, 3409] [303, 134, 154, 155, 157, 158, 164, 165, 367, 129]
285 165 369 1.14 [5263] [210]
286 164 359 1.3 [2589, 2619, 2573, 2597, 2587, 2575, 2569, 2567, 2622] [163, 204, 207, 206, 208, 242, 243, 247, 205]
287 150 358 1.1 [2907, 2947, 2910, 2917, 2953, 2934, 2961, 2968, 2963] [211, 163, 206, 208, 242, 244, 245, 246, 159]
288 176 323 1.93 [2037, 2014, 2025, 2015, 2017, 2039, 2058, 2024] [174, 297, 305, 320, 322, 369, 161, 371]
289 143 340 1.18 [8451, 8392, 8289, 8385, 8437, 8327, 8410, 8347, 8454] [160, 209, 154, 286, 287, 319, 323, 324, 366]
290 173 370 1.17 [7155, 7073, 7102, 7126, 7067, 6994, 7038, 7082, 7085] [129, 155, 157, 159, 165, 158, 211, 303, 367]
291 173 337 1.72 [3296] [178]
292 168 316 1.02 [2164, 2153] [204, 247]
293 129 346 1.07 [4774, 4863, 4867, 4840, 4778, 4782, 4776, 4764] [126, 134, 164, 207, 243, 297, 305, 320]
294 137 317 1.09 [2049, 2046, 2088, 2050, 2068, 2043] [204, 247, 210, 245, 246, 205]
295 187 335 1.96 [7772] [260]
296 181 334 1.02 [4159, 4207] [156, 173]
297 132 343 1.22 [2745, 2737, 2777, 2740, 2748, 2788, 2751, 2793, 2750] [136, 140, 163, 175, 206, 208, 242, 317, 371]
298 125 359 1.52 [2152, 2164, 2187, 2179, 2155, 2151, 2145] [251, 174, 176, 177, 250, 352, 137]
299 180 360 1.44 [3237, 3278, 3235, 3265, 3271, 3257, 3248, 3236] [161, 172, 299, 321, 322, 350, 369, 130]
300 184 368 1.07 [11858, 11804, 11809, 11818, 12024, 11823, 12019] [138, 282, 252, 325, 344, 348, 176]
301 179 343 1.2 [2876, 2871, 2875, 2905, 2913, 2862] [162, 245, 205, 244, 357, 177]
302 174 363 1.7 [2767, 2722, 2777, 2779, 2776] [137, 125, 179, 317, 352]
303 165 351 1.5 [2608, 2567, 2587, 2570] [140, 175, 300, 174]
304 154 352 1.9 [5629, 5587, 5574, 5532, 5604, 5569] [257, 259, 222, 192, 261, 262]
305 134 372 1.07 [18797, 18681, 18936, 18712, 18905, 18512, 18928, 18735, 18527, 18574] [130, 136, 156, 173, 178, 126, 250, 251, 350, 356]
306 165 327 1.46 [5358, 5338, 5286, 5347, 5310, 5273, 5295, 5319, 5303] [349, 125, 140, 147, 291, 352, 317, 142, 316]
307 156 363 1.71 [6568, 6420, 6469] [191, 150, 334]
308 159 374 1.71 [3412, 3422, 3394, 3379, 3368, 3384, 3365, 3398, 3439, 3391] [289, 141, 161, 172, 137, 177, 299, 223, 295, 132]
309 148 355 1.38 [2722, 2690, 2706, 2704, 2709, 2700, 2699, 2720] [134, 210, 164, 247, 301, 305, 371, 204]
310 130 318 1.66 [7782] [153]
311 126 351 1.48 [5070, 5110, 5152, 5097] [296, 151, 294, 139]
312 137 355 1.33 [4385, 4355, 4339, 4349, 4373, 4394, 4392] [297, 320, 175, 321, 322, 357, 369]
313 140 363 1.38 [3796, 3743, 3766] [162, 179, 300]
314 155 317 1.45 [16192, 16286, 16367, 16347, 16307] [278, 183, 184, 279, 181]
315 143 311 1.03 [2137, 2131, 2129, 2143, 2153, 2159, 2122, 2123] [155, 129, 163, 206, 208, 242, 246, 367]
316 133 355 1.74 [2223, 2204, 2199, 2180, 2221, 2212, 2185, 2210, 2213, 2180] [159, 174, 209, 366, 301, 303, 324, 319, 371, 211]
317 173 327 1.79 [5305, 5396] [149, 133]
318 178 345 1.08 [6823, 6734, 6773, 6720, 6790, 6759, 6751] [154, 157, 165, 301, 305, 323, 287]
319 128 355 1.67 [19215, 18972, 18933, 19003, 18941, 18988] [180, 182, 236, 234, 276, 232]
320 137 340 1.16 [4888, 4842, 4836, 4846, 4800, 4868, 4890, 4798, 4804, 4886] [158, 160, 164, 174, 134, 207, 286, 303, 367, 371]
321 167 359 1.01 [6557, 6530, 6481, 6503, 6546] [162, 175, 321, 300, 179]
322 186 349 1.34 [4482, 4486, 4501, 4420] [159, 209, 320, 211]
323 171 361 1.02 [3554, 3527, 3503] [155, 245, 129]
324 145 317 1.22 [6489, 6574] [297, 357]
325 151 317 1.8 [14650, 14595, 14728, 14553, 14758, 14783, 14692, 14680, 14541, 14637] [224, 229, 230, 237, 238, 239, 241, 311, 312, 360]
326 177 369 1.85 [5382, 5355] [288, 274]
327 128 369 1.97 [9165, 9272] [345, 313]
328 168 340 1.68 [4502] [298]
329 157 339 1.93 [2051, 2090, 2092, 2054, 2096] [177, 322, 344, 369, 142]
330 164 344 1.66 [4194, 4236, 4201, 4165, 4174, 4154, 4243, 4238, 4158, 4210] [131, 194, 195, 135, 196, 197, 248, 249, 293, 143]
331 147 323 1.41 [3484, 3413, 3414, 3423, 3477, 3436] [147, 161, 316, 319, 324, 366]
332 125 368 1.74 [2509, 2543, 2542, 2540, 2521, 2541, 2525] [317, 138, 252, 325, 348, 369, 132]
333 161 373 1.07 [12774, 12747, 12715, 12805, 12969, 12990, 12811, 12974, 12758, 12731] [141, 223, 344, 289, 291, 294, 295, 349, 351, 253]
334 182 332 1.98 [2307, 2276, 2309, 2275, 2279] [142, 299, 176, 282, 172]
335 129 364 1.82 [3038, 3082, 3065, 3047, 3057, 3036, 3096, 3100, 3061, 3046] [195, 139, 147, 151, 196, 252, 296, 316, 325, 132]
336 155 368 1.23 [4583, 4657, 4596, 4630] [204, 206, 242, 163]
337 140 347 1.4 [2067, 2051, 2058, 2070, 2054] [208, 205, 210, 243, 247]
338 174 359 1.19 [7547, 7663, 7694, 7678, 7610, 7516, 7550, 7559, 7603, 7622] [125, 137, 140, 177, 197, 194, 248, 249, 298, 352]
339 155 337 1.66 [5145, 5149] [341, 190]
340 149 312 1.46 [10591] [272]
341 178 317 1.6 [4318, 4347, 4327, 4308] [138, 135, 143, 348]
342 178 353 1.47 [6879, 6885, 6925, 6836, 6908] [304, 306, 310, 198, 315]
343 154 349 1.49 [7565, 7602, 7618, 7627, 7640, 7562] [151, 273, 307, 277, 308, 309]
344 138 316 1.41 [16352] [144]
345 163 335 1.69 [2061, 2058, 2074, 2069, 2037, 2054, 2045, 2032] [160, 164, 174, 319, 155, 366, 324, 322]
346 150 313 1.88 [9655] [347]
347 168 373 1.26 [4937, 5033, 4961, 4998, 4939, 4953] [176, 161, 282, 317, 371, 142]
348 133 360 1.73 [4689, 4714] [196, 296]
349 140 330 1.46 [3542, 3588, 3568, 3579, 3630, 3587, 3618, 3606] [131, 159, 172, 209, 293, 303, 305, 320]
350 145 351 1.99 [2752, 2731, 2759] [132, 139, 195]
351 165 373 1.89 [3194, 3197, 3206, 3154, 3156] [132, 143, 252, 350, 325]
352 153 343 1.72 [4656, 4590, 4604] [190, 195, 341]
353 143 315 1.09 [2388, 2443, 2423, 2408, 2429, 2387, 2416, 2389] [158, 208, 210, 244, 246, 247, 286, 129]
354 142 372 1.28 [8951] [147]
355 128 313 1.01 [2582, 2598, 2573] [211, 369, 367]
356 153 373 1.84 [2578, 2548, 2563, 2545, 2591, 2562, 2558] [131, 172, 175, 293, 299, 316, 348]
357 134 374 1.65 [2764] [301]
358 157 340 1.71 [2665, 2668] [322, 174]
359 129 326 1.74 [6741, 6730, 6783, 6719, 6856, 6792] [185, 146, 148, 333, 145, 187]
360 159 362 1.92 [16273, 16134, 16373, 16000] [171, 225, 228, 226]
361 170 317 1.02 [3370, 3399] [287, 154]
362 184 324 1.32 [3824, 3851, 3848, 3864, 3818, 3872] [179, 162, 300, 319, 321, 134]
363 185 371 1.89 [3156, 3181, 3155, 3190, 3160, 3131, 3163] [135, 139, 197, 248, 249, 296, 298]
364 179 322 1.8 [4191, 4269, 4201] [304, 306, 315]
365 136 319 1.65 [4221, 4216, 4219, 4312, 4288, 4225, 4293, 4228, 4253] [130, 131, 132, 310, 194, 293, 325, 143, 198]
366 132 319 1.34 [16795, 16879, 17032, 17046, 17053, 17116] [365, 284, 290, 292, 283, 189]
367 179 337 1.86 [2199] [357]
368 165 314 1.91 [4692, 4794, 4790, 4716, 4772, 4678] [274, 149, 273, 277, 288, 133]
369 186 314 1.08 [2376, 2352, 2347, 2348, 2360, 2383, 2373, 2350] [157, 164, 160, 165, 243, 245, 323, 324]
370 187 372 1.37 [3627] [297]
371 162 333 1.29 [10790, 10932, 10830, 10812, 10727, 10776, 10941] [139, 190, 253, 295, 341, 351, 296]
372 159 362 1.11 [3384, 3452, 3404, 3453, 3391, 3447, 3426, 3397] [205, 155, 207, 286, 299, 366, 369, 129]
373 157 355 1.2 [6992, 7050] [356, 138]
374 158 341 1.37 [2260, 2295] [158, 242]
375 146 337 1.73 [2190] [211]
376 152 355 1.97 [2489, 2481, 2528, 2491, 2526, 2493, 2513, 2515, 2486, 2520] [142, 161, 176, 178, 282, 316, 317, 350, 352, 348]
377 182 335 1.31 [3231, 3225, 3202] [301, 320, 303]
378 150 314 1.98 [3743, 3740, 3760, 3706, 3755, 3794, 3718, 3719] [198, 304, 151, 196, 307, 308, 309, 315]
379 148 349 1.85 [6001, 6028, 5978, 5998, 5988, 6043, 5991, 6026, 6070] [192, 257, 222, 259, 261, 262, 281, 285, 152]
380 149 313 1.6 [12649, 12811, 12623, 12571, 12634, 12592, 12753, 12535, 12727, 12639] [263, 265, 328, 332, 346, 353, 362, 266, 363, 368]
381 145 350 1.42 [2657, 2636, 2630, 2638, 2654] [174, 209, 305, 322, 175]
382 179 354 1.26 [5500, 5469, 5478, 5496, 5494] [140, 177, 252, 357, 159]
383 183 341 1.28 [2026, 2029, 2055, 2068] [206, 244, 246, 163]
384 178 353 1.62 [5628, 5637, 5675, 5635, 5630, 5710] [298, 197, 294, 306, 310, 195]
385 136 355 1.81 [3486, 3536, 3553, 3502] [291, 223, 249, 141]
386 178 331 1.59 [3293, 3299, 3274, 3335, 3290, 3285, 3256, 3324, 3322] [125, 136, 321, 162, 172, 299, 371, 137, 300]
387 129 313 1.03 [4389] [154]
388 143 351 1.12 [3674, 3629, 3665, 3664, 3676] [164, 210, 247, 324, 367]
389 184 342 1.93 [3562, 3565, 3603, 3592, 3569, 3553, 3589] [143, 194, 309, 289, 249, 349, 248]
390 132 364 1.07 [10404, 10319, 10387, 10456, 10434] [135, 348, 282, 316, 142]
391 186 332 1.34 [4402, 4440, 4442, 4415] [179, 287, 323, 160]
392 163 319 1.28 [2033, 2011, 2048, 2019, 2037, 2007, 2015, 2036, 2042, 2004] [157, 134, 165, 204, 208, 211, 245, 297, 319, 366]
393 140 356 1.56 [7866] [150]
394 133 356 1.35 [2594, 2595, 2605, 2584, 2610, 2608, 2550, 2587] [126, 158, 161, 173, 250, 251, 175, 317]
395 131 340 1.74 [2022, 2050, 2019, 2048, 2053, 2065] [178, 176, 156, 305, 322, 174]
396 184 363 1.96 [3953, 3991, 3954, 3972, 3961, 4010] [151, 149, 307, 308, 334, 133]
397 176 351 1.33 [2719, 2683, 2686, 2695] [301, 350, 369, 320]
398 139 323 1.02 [2642, 2685, 2641, 2664, 2624, 2639, 2657, 2662] [130, 155, 206, 209, 242, 243, 303, 352]
399 126 321 1.97 [2417, 2397, 2368, 2363, 2382, 2390, 2406, 2412, 2374, 2362] [125, 131, 178, 137, 172, 176, 293, 325, 344, 132]
400 126 336 1.03 [3041, 3037, 3061, 3084, 3060, 3036, 3027] [299, 157, 163, 165, 286, 297, 129]
401 140 322 1.99 [4367, 4316] [191, 133]
402 164 359 1.42 [3486, 3506, 3442] [136, 317, 156]
403 169 326 1.46 [15734, 15872, 16089, 15780, 16036, 15859, 15971, 15754, 16023] [153, 260, 235, 264, 270, 271, 302, 370, 233]
404 165 318 1.33 [3123, 3173, 3180, 3149, 3153, 3132, 3158, 3131, 3146, 3151] [305, 141, 161, 173, 211, 223, 251, 300, 319, 126]
405 176 358 1.99 [3214, 3194, 3228, 3262, 3224, 3206, 3212, 3200, 3190] [132, 143, 194, 198, 248, 291, 304, 315, 196]
406 166 321 1.89 [2742, 2753, 2752, 2790, 2805, 2754, 2761, 2777, 2793, 2781] [352, 131, 138, 325, 252, 344, 350, 356, 130, 147]
407 187 365 1.64 [11579, 11574, 11451, 11546, 11532, 11409, 11631, 11394] [145, 146, 148, 185, 187, 281, 333, 285]
408 179 318 1.81 [2399, 2412, 2387, 2418] [322, 162, 321, 175]
409 131 321 1.92 [2147, 2119, 2106, 2135, 2132, 2110, 2137, 2138] [140, 174, 177, 179, 250, 301, 357, 371]
410 170 330 1.21 [3331, 3343, 3360, 3387, 3394, 3351, 3401] [154, 164, 204, 208, 324, 366, 134]
411 171 328 1.34 [3859, 3831, 3884, 3834, 3891] [125, 293, 176, 320, 369]
412 140 356 1.55 [2377, 2400, 2362, 2387, 2355, 2398, 2356, 2379, 2353, 2406] [137, 158, 159, 172, 178, 209, 287, 303, 323, 367]
413 159 363 1.23 [10938, 10942] [310, 306]
414 142 351 1.16 [6156, 6153, 6126, 6138, 6118, 6103, 6108] [141, 223, 289, 309, 349, 294, 350]
415 151 334 1.64 [3758] [147]
416 171 314 1.77 [3453, 3498] [344, 130]
417 130 356 1.6 [6840, 6948, 6942] [334, 288, 277]
418 135 352 1.87 [8250, 8294, 8139, 8305, 8162] [257, 259, 152, 261, 262]
419 177 330 1.09 [2024, 2055, 2018, 2052, 2050, 2039, 2036, 2061] [160, 205, 207, 210, 244, 245, 246, 247]
420 132 345 1.42 [4788, 4867, 4762, 4796, 4863] [138, 252, 250, 299, 356]
421 167 315 1.8 [2056, 2067] [297, 175]
422 131 346 1.37 [6312, 6349, 6352] [291, 249, 248]
423 153 339 1.07 [3487, 3460, 3463, 3444, 3461] [126, 155, 161, 321, 317]
424 155 366 1.24 [4334, 4300, 4284, 4365, 4320, 4290, 4363, 4343, 4375] [131, 136, 322, 162, 173, 177, 325, 140, 194]
425 140 343 1.37 [2075, 2079, 2066] [251, 286, 156]
426 167 311 1.02 [3969, 3959] [197, 352]
427 126 319 1.11 [7508, 7428, 7532, 7446] [196, 304, 315, 298]
428 135 348 1.41 [3488, 3552, 3513] [371, 357, 301]
429 158 355 1.66 [4524, 4556, 4511, 4526, 4509, 4597, 4517, 4599] [341, 139, 143, 195, 295, 307, 351, 132]
430 171 348 1.82 [18154, 18357] [359, 227]
431 125 318 1.92 [3321, 3337, 3272, 3264, 3316, 3284, 3332] [190, 198, 274, 273, 296, 308, 253]
432 143 326 1.26 [2381, 2396, 2408, 2390, 2368, 2415, 2388] [174, 157, 165, 206, 242, 300, 129]
433 147 319 1.55 [2796, 2862, 2810, 2802, 2851] [172, 178, 179, 305, 319]
434 149 367 1.12 [2363] [211]
435 156 344 1.56 [10534] [191]
436 138 340 1.56 [2166, 2151, 2147, 2167, 2163, 2183, 2155, 2155] [137, 209, 287, 293, 303, 366, 367, 164]
437 147 366 1.54 [2172, 2148, 2127] [154, 175, 160]
438 181 335 1.63 [12995, 13113, 13145, 12904, 12920, 13129, 13000, 13059, 13150] [188, 193, 215, 216, 217, 267, 268, 269, 329]
439 128 314 1.4 [14589, 14698] [222, 192]
440 168 357 1.09 [2335] [207]
441 146 360 1.13 [2802, 2859, 2808, 2857, 2862, 2826, 2845, 2840, 2833] [297, 149, 156, 159, 163, 176, 251, 324, 125]
442 173 334 1.49 [2693, 2665] [323, 158]
443 156 362 1.39 [4937, 5039] [344, 151]
444 167 371 1.78 [8514, 8528, 8602, 8676, 8507, 8634, 8560] [149, 150, 272, 273, 288, 334, 274]
445 173 323 1.81 [5451, 5440, 5501, 5411, 5402] [133, 277, 307, 308, 198]
446 144 361 1.59 [4774, 4754, 4750, 4809, 4823, 4776, 4768, 4798, 4784, 4851] [135, 130, 190, 194, 197, 253, 289, 296, 349, 309]
447 147 335 1.54 [2492, 2530, 2519, 2522, 2523, 2495, 2537] [286, 142, 147, 282, 320, 369, 134]
448 135 314 1.68 [2074, 2038, 2042, 2048, 2040, 2046, 2054, 2061, 2027] [126, 348, 161, 174, 293, 300, 316, 317, 137]
449 184 354 1.86 [4318, 4332, 4334, 4320] [294, 195, 341, 151]
450 177 334 1.94 [18494, 18570] [364, 358]
451 163 370 1.63 [2288, 2284, 2328, 2276, 2278, 2306, 2324] [179, 172, 178, 223, 252, 321, 138]
452 141 315 1.14 [4042, 4072, 4107, 4058] [325, 141, 295, 131]
453 153 347 1.56 [6808, 6771, 6858, 6827, 6746, 6743] [133, 196, 304, 309, 315, 143]
454 127 357 1.67 [3993, 4021] [139, 351]
455 163 340 1.61 [5450, 5461, 5394, 5388, 5425, 5419] [132, 248, 306, 291, 298, 249]
456 159 328 1.91 [8261, 8241] [346, 332]
457 151 364 1.3 [2674, 2689, 2705, 2679, 2716, 2671, 2709, 2694] [305, 243, 245, 247, 299, 352, 356, 175]
458 160 318 1.07 [14659] [350]
459 179 328 1.32 [2955, 2953, 2979, 2928, 2961, 2976] [301, 177, 211, 210, 250, 140]
460 151 366 1.85 [7788, 7855, 7778, 7759] [144, 278, 292, 365]
461 176 360 1.42 [3359] [173]
462 173 317 1.6 [3354, 3369, 3308, 3336, 3349, 3346] [137, 136, 357, 293, 125, 176]
463 142 321 1.99 [2135, 2103, 2100, 2091, 2127, 2122, 2085, 2091, 2115] [142, 147, 156, 251, 282, 316, 317, 348, 161]
464 150 328 1.39 [6066, 6019, 6016, 6056, 6104, 6099, 6064, 6081, 6041, 6076] [138, 295, 178, 190, 197, 223, 252, 296, 310, 172]
465 143 347 1.29 [3216, 3171, 3187] [303, 319, 371]
466 187 359 1.18 [2156, 2187] [204, 244]
467 172 331 1.11 [2247, 2281, 2286, 2265, 2258] [129, 157, 165, 205, 208]
468 173 370 1.4 [2784, 2813, 2769] [366, 209, 164]
469 167 362 1.5 [3213, 3240, 3200] [154, 287, 162]
470 164 344 1.12 [2532, 2525, 2488, 2490] [155, 322, 160, 367]
471 165 325 1.46 [4865, 4953, 4939] [141, 356, 126]
472 134 319 1.5 [2068, 2034] [206, 242]
473 152 362 1.58 [3497] [300]
474 169 334 1.98 [3364, 3354, 3368, 3358, 3343, 3377, 3404, 3340] [151, 194, 253, 248, 289, 349, 351, 139]
475 150 313 1.38 [4261, 4288, 4249, 4235, 4276, 4302, 4253, 4286] [174, 297, 348, 320, 344, 352, 369, 299]
476 147 370 1.47 [5986, 6011, 5979, 5956, 6050] [130, 131, 135, 325, 195]
477 127 323 1.51 [8245] [277]
478 137 311 1.62 [2075, 2098, 2091, 2081, 2063] [159, 321, 323, 324, 158]
479 125 329 1.25 [8157, 8050, 8153, 8140, 8004, 8010, 8044] [142, 147, 282, 294, 140, 316, 341]
480 176 319 1.97 [2534, 2512, 2529, 2553, 2532, 2558, 2520, 2550, 2527, 2546] [289, 137, 161, 176, 177, 249, 253, 293, 317, 125]
481 158 340 1.56 [3091, 3095, 3071] [175, 179, 156]
482 174 350 1.97 [6559, 6473, 6584, 6562, 6476, 6497, 6603, 6573, 6557, 6549] [181, 184, 189, 191, 272, 279, 283, 284, 290, 183]
483 157 343 1.87 [2873, 2904, 2889, 2929, 2932, 2934, 2886, 2914, 2907, 2872] [249, 194, 223, 291, 293, 298, 306, 349, 351, 132]
484 162 325 1.12 [2427, 2449, 2460, 2458, 2459, 2468, 2423, 2418, 2454, 2439] [173, 207, 246, 250, 251, 286, 301, 305, 322, 134]
485 129 336 1.6 [4120, 4073, 4076, 4064, 4128, 4090, 4048] [141, 151, 161, 177, 308, 317, 344]
486 182 342 1.22 [2379, 2384, 2367, 2394, 2376, 2342, 2345] [136, 157, 163, 129, 165, 245, 371]
487 152 363 1.48 [8562, 8583, 8715] [198, 307, 133]
488 170 321 1.43 [2709, 2711, 2679, 2699, 2668, 2720] [164, 209, 162, 211, 303, 357]
489 130 318 1.2 [3870, 3910, 3904, 3923] [154, 319, 321, 366]
490 162 330 1.12 [2901, 2874, 2924, 2911, 2862, 2906, 2896, 2871, 2886, 2908] [155, 159, 160, 204, 208, 287, 300, 323, 324, 367]
491 164 338 1.27 [2726, 2684, 2680, 2689, 2706, 2719, 2729, 2679] [305, 158, 179, 243, 247, 250, 251, 175]
492 152 338 1.64 [2863, 2823] [252, 173]
493 184 368 1.1 [6822, 6847, 6867, 6791, 6763, 6811, 6724, 6808, 6861, 6769] [139, 190, 196, 197, 248, 295, 304, 310, 315, 296]
494 153 359 1.9 [3570, 3541, 3594, 3586, 3610, 3533, 3536, 3564, 3577, 3532] [132, 306, 253, 289, 291, 298, 309, 349, 351, 194]
495 174 371 2.0 [2601, 2612, 2582] [348, 356, 138]
496 126 347 1.39 [2758, 2767, 2754, 2764, 2760, 2765, 2773, 2785, 2800, 2774] [206, 369, 136, 156, 176, 286, 301, 352, 125, 126]
497 173 319 1.74 [2131, 2114, 2118, 2115, 2136, 2133] [174, 297, 299, 320, 322, 371]
498 145 339 1.9 [3982, 4028, 3998, 4032, 4005, 3992, 4018, 4051, 4020, 4066] [298, 151, 195, 249, 277, 294, 308, 309, 341, 143]
499 169 368 1.46 [2603, 2634, 2649, 2635, 2637] [172, 137, 178, 357, 134]
