0 182 330 1.64 [2691, 2652] [182, 330]
1 161 332 1.41 [2056, 2057] [161, 332]
2 145 371 1.21 [3498, 3524, 3502, 3471, 3521, 3479] [145, 146, 147, 372, 370, 371]
3 130 373 1.21 [3209, 3223, 3215, 3213] [130, 131, 374, 373]
4 137 343 1.29 [5885, 5956, 5878, 6000, 5863] [137, 135, 136, 340, 343]
5 142 340 1.22 [11895, 11880, 12133, 12083] [142, 140, 341, 340]
6 164 349 1.7 [2737, 2746, 2726, 2705, 2739, 2714] [164, 160, 162, 346, 345, 349]
7 160 366 1.41 [2379, 2344] [160, 366]
8 174 365 1.12 [2942, 2979, 2953, 2972, 2952, 3006, 3003, 2945, 2947, 3000] [174, 170, 171, 172, 173, 366, 369, 368, 367, 365]
9 181 348 1.66 [2040, 2043, 2025, 2029, 2032, 2045] [181, 180, 183, 346, 347, 348]
10 173 317 1.17 [10487, 10427, 10336, 10354, 10492, 10539, 10362, 10358] [173, 174, 171, 172, 318, 316, 315, 317]
11 146 343 1.96 [5188, 5103, 5205, 5101, 5124] [146, 148, 149, 342, 343]
12 139 312 1.93 [2390, 2342, 2392, 2353, 2388, 2391, 2360, 2351, 2340] [139, 138, 136, 137, 135, 313, 311, 310, 312]
13 149 323 1.2 [2509, 2522, 2511, 2539] [149, 145, 320, 323]
14 149 328 1.45 [5190] [149]
15 137 350 1.85 [3224, 3237, 3259, 3232, 3219] [137, 138, 139, 351, 350]
16 168 323 1.07 [2028, 2048, 2024, 2029, 2053, 2033, 2051] [168, 165, 166, 167, 322, 321, 323]
17 131 319 1.22 [4459] [131]
18 171 319 1.97 [4127] [171]
19 142 348 1.97 [4702] [142]
20 138 337 1.41 [4810, 4874, 4908, 4846, 4900, 4836, 4856, 4806, 4902, 4882] [138, 139, 136, 135, 137, 339, 338, 336, 335, 337]
21 133 359 1.57 [16242, 16134, 16477, 16464, 16329, 16168, 16383] [133, 132, 134, 130, 356, 355, 359]
22 180 373 1.78 [2870, 2903, 2861, 2865, 2852] [180, 184, 183, 374, 373]
23 164 317 1.98 [2954, 3012, 2961, 2989, 2971, 2994] [164, 163, 161, 315, 319, 317]
24 134 348 1.01 [7852, 7887, 7810, 7784, 7826, 7868] [134, 131, 132, 349, 347, 348]
25 158 368 1.4 [2638, 2627, 2648, 2654, 2610, 2625, 2632] [158, 155, 156, 157, 365, 367, 368]
26 166 348 1.78 [4863, 4873, 4923, 4845, 4887, 4913, 4943, 4859] [166, 169, 168, 167, 347, 346, 345, 348]
27 156 327 1.91 [2986, 3024, 3033, 3029, 3032, 3028, 3041, 3017, 3034] [156, 159, 155, 158, 157, 328, 326, 325, 327]
28 132 345 1.53 [5186, 5160, 5205, 5201, 5229, 5173] [132, 131, 133, 349, 346, 345]
29 177 371 1.94 [4959, 4978, 5058] [177, 175, 371]
30 126 320 1.18 [14012, 14209, 14168, 14041, 13954] [126, 125, 127, 324, 320]
31 134 344 1.14 [2660, 2629] [134, 344]
32 157 316 1.4 [3667, 3659, 3605, 3658, 3608, 3674, 3664, 3625, 3644] [157, 159, 156, 155, 158, 315, 318, 319, 316]
33 160 364 1.45 [2402, 2425, 2381, 2383, 2384, 2427, 2390, 2379, 2426] [160, 162, 163, 161, 164, 362, 361, 360, 364]
34 153 362 1.86 [3608, 3599, 3559, 3624, 3568] [153, 150, 151, 363, 362]
35 171 337 1.87 [6609, 6571, 6596, 6669] [171, 170, 336, 337]
36 155 323 1.25 [3063, 3064, 3047] [155, 159, 323]
37 177 348 1.34 [2329, 2338, 2351, 2374, 2365, 2328, 2376] [177, 176, 178, 179, 347, 345, 348]
38 129 333 1.51 [4562] [129]
39 180 346 1.57 [13546, 13423] [180, 346]
40 163 367 1.94 [3476] [163]
41 168 333 1.83 [10227, 10286] [168, 333]
42 163 349 1.97 [2347, 2346, 2375, 2383] [163, 162, 345, 349]
43 159 368 1.79 [3409, 3358, 3389, 3349, 3384, 3351, 3424, 3346, 3370] [159, 156, 158, 157, 155, 367, 366, 369, 368]
44 126 343 1.27 [7651, 7623, 7670, 7727, 7724] [126, 128, 129, 344, 343]
45 180 319 1.37 [5658] [180]
46 172 333 1.64 [2364, 2390, 2340, 2338, 2376, 2385, 2351, 2362] [172, 170, 174, 173, 332, 334, 331, 333]
47 159 370 1.77 [2238, 2227, 2236, 2225, 2231, 2234, 2217, 2203] [159, 156, 158, 157, 374, 373, 372, 370]
48 146 324 1.15 [3485, 3421] [146, 324]
49 179 356 1.21 [2433, 2414, 2422, 2418] [179, 176, 357, 356]
50 187 339 1.99 [17968, 18102, 17917, 18080, 17946, 18094, 18154, 18072, 18043, 17850] [187, 185, 186, 188, 189, 337, 336, 335, 338, 339]
51 145 317 1.1 [2048, 2046, 2030, 2064, 2028, 2031, 2050, 2068, 2039] [145, 147, 148, 146, 149, 316, 318, 319, 317]
52 133 329 2.0 [14496, 14236, 14260, 14408, 14544] [133, 130, 131, 325, 329]
53 144 370 1.09 [2460, 2498, 2468] [144, 141, 370]
54 157 356 1.75 [3043] [157]
55 170 314 1.32 [3483, 3463, 3495, 3462, 3492] [170, 172, 174, 312, 314]
56 144 317 1.04 [2074] [144]
57 179 350 1.46 [3295, 3360, 3345, 3365, 3325] [179, 178, 176, 352, 350]
58 180 320 1.4 [2060] [180]
59 172 312 1.82 [4028] [172]
60 145 324 1.11 [3722, 3792, 3721, 3787, 3731, 3776, 3803, 3786, 3783] [145, 147, 148, 146, 149, 323, 322, 321, 324]
61 127 340 1.35 [3460, 3519, 3502, 3529, 3465, 3538, 3539, 3476, 3478] [127, 128, 129, 125, 126, 341, 344, 342, 340]
62 162 368 1.5 [10689] [162]
63 180 370 1.9 [2194, 2200, 2176, 2196, 2217, 2210, 2199, 2197, 2178, 2175] [180, 181, 182, 184, 183, 371, 374, 373, 372, 370]
64 140 347 1.93 [2124, 2119, 2118, 2111, 2104, 2128, 2096, 2103, 2105, 2078] [140, 143, 141, 144, 142, 346, 349, 345, 348, 347]
65 183 349 1.37 [4776, 4706, 4766, 4778] [183, 181, 347, 349]
66 134 333 1.79 [2129, 2124, 2144, 2116] [134, 132, 331, 333]
67 174 312 1.11 [4998, 4996] [174, 312]
68 185 345 1.91 [2544, 2547, 2582, 2580, 2551, 2549, 2591] [185, 186, 189, 187, 347, 348, 345]
69 147 373 1.07 [3336, 3396, 3382, 3361] [147, 145, 372, 373]
70 154 352 1.67 [2322, 2319, 2365, 2327, 2347, 2331, 2353] [154, 152, 151, 150, 354, 353, 352]
71 162 317 1.26 [3691, 3687] [162, 317]
72 127 339 1.79 [2252] [127]
73 184 320 1.03 [3143, 3147, 3180, 3186, 3172, 3149] [184, 182, 181, 322, 321, 320]
74 186 351 1.23 [2504, 2517, 2543, 2536, 2541, 2549, 2500] [186, 188, 189, 187, 354, 353, 351]
75 158 341 1.34 [5947, 5888, 5845, 5971, 5927, 5893] [158, 156, 159, 344, 342, 341]
76 155 333 1.08 [2661, 2667, 2711] [155, 157, 333]
77 139 326 1.03 [4570, 4559] [139, 326]
78 127 373 1.14 [2541, 2565, 2551, 2588, 2590, 2571, 2548] [127, 128, 129, 125, 374, 370, 373]
79 178 317 1.08 [2868, 2867, 2878, 2845, 2884, 2898, 2892, 2853] [178, 175, 176, 179, 316, 318, 319, 317]
80 161 342 1.88 [2880, 2818, 2831, 2816, 2881, 2854, 2879, 2819, 2841] [161, 160, 164, 163, 162, 340, 344, 343, 342]
81 183 332 1.83 [12695, 12600, 12658, 12632, 12668, 12684, 12742] [183, 182, 184, 181, 330, 334, 332]
82 167 347 1.08 [2233, 2241, 2236, 2219, 2223, 2206, 2245, 2244, 2218, 2229] [167, 165, 169, 166, 168, 346, 349, 345, 348, 347]
83 178 326 1.82 [2531, 2503, 2526, 2513, 2505, 2499, 2486] [178, 177, 175, 179, 327, 328, 326]
84 133 322 1.14 [3962, 3953, 3983, 3978, 3946, 3944, 3948, 3965] [133, 134, 132, 130, 320, 323, 321, 322]
85 159 318 1.25 [4290, 4262, 4354, 4263, 4324, 4343, 4295] [159, 155, 157, 156, 315, 319, 318]
86 133 338 1.98 [2077, 2082, 2114] [133, 134, 338]
87 133 344 1.56 [3613, 3672, 3681, 3642, 3615] [133, 132, 134, 342, 344]
88 183 328 1.05 [16727, 16557] [183, 328]
89 147 370 1.73 [2892] [147]
90 146 360 1.89 [15994] [146]
91 169 367 1.53 [2166, 2142, 2145, 2152, 2169, 2176, 2170, 2172] [169, 165, 167, 166, 366, 369, 365, 367]
92 152 335 1.68 [6962, 7119, 7081, 7058, 7061, 6983] [152, 154, 153, 338, 339, 335]
93 187 349 2.0 [6282, 6383, 6251, 6376, 6347, 6331, 6279, 6303, 6321, 6248] [187, 188, 185, 186, 189, 346, 347, 345, 348, 349]
94 187 312 1.98 [2075, 2077, 2085, 2070, 2071, 2062, 2089, 2078] [187, 185, 188, 186, 313, 311, 310, 312]
95 139 361 1.8 [2174, 2189, 2168, 2195, 2185, 2182, 2194, 2162] [139, 138, 136, 135, 363, 364, 360, 361]
96 186 362 1.61 [2220, 2223] [186, 362]
97 162 334 1.15 [3334, 3372, 3374, 3383, 3386] [162, 161, 160, 331, 334]
98 184 347 1.79 [8736, 8754, 8646, 8703, 8689, 8682] [184, 182, 181, 345, 348, 347]
99 177 346 1.25 [10980, 11228] [177, 346]
100 143 373 1.48 [2315, 2331, 2324, 2314] [143, 141, 372, 373]
101 148 349 1.34 [2567, 2560, 2536, 2549, 2545] [148, 145, 147, 348, 349]
102 165 321 1.88 [2345, 2363, 2384, 2337, 2375] [165, 169, 167, 322, 321]
103 171 346 1.38 [3644] [171]
104 176 349 1.04 [2700, 2721, 2741] [176, 178, 349]
105 168 315 1.26 [4994] [168]
106 152 374 1.74 [2120, 2086, 2115] [152, 151, 374]
107 186 328 1.79 [6416] [186]
108 142 325 1.94 [2550, 2553, 2565] [142, 143, 325]
109 143 329 1.32 [3917, 3904, 3874, 3885, 3872, 3869, 3879, 3938, 3866, 3956] [143, 144, 141, 140, 142, 325, 328, 326, 327, 329]
110 170 360 1.06 [2074, 2093, 2062, 2084, 2059, 2094] [170, 173, 174, 364, 361, 360]
111 168 314 1.26 [11902, 11997, 12056, 12116, 12041, 12145] [168, 165, 166, 310, 311, 314]
112 178 343 1.76 [4207, 4193, 4261, 4273, 4282, 4198, 4210, 4189, 4205, 4278] [178, 175, 179, 176, 177, 344, 340, 341, 342, 343]
113 170 369 1.69 [5289, 5316, 5283, 5318] [170, 173, 365, 369]
114 130 349 1.59 [4342, 4336, 4292, 4252, 4253] [130, 132, 134, 345, 349]
115 179 358 1.24 [8141, 8185, 8101] [179, 175, 358]
116 147 319 1.4 [5903, 5900, 5944, 5949] [147, 148, 316, 319]
117 173 351 1.38 [5551, 5535, 5489, 5574, 5519, 5539] [173, 170, 172, 354, 353, 351]
118 181 314 1.54 [3520, 3507, 3550, 3511, 3495, 3540, 3498, 3534, 3544, 3494] [181, 180, 182, 184, 183, 310, 311, 312, 313, 314]
119 161 318 1.66 [2206, 2211, 2234, 2236, 2243, 2247] [161, 164, 160, 319, 315, 318]
120 147 327 1.18 [4154, 4102, 4092] [147, 145, 327]
121 156 343 1.3 [2625, 2652, 2644] [156, 158, 343]
122 165 351 1.65 [15366, 15152, 15454] [165, 169, 351]
123 156 365 1.81 [3259, 3222, 3269, 3283] [156, 155, 368, 365]
124 187 316 1.38 [2699, 2678, 2731, 2729, 2680, 2706, 2687, 2681, 2735] [187, 185, 188, 189, 186, 319, 315, 317, 316]
125 141 350 1.8 [2495] [141]
126 181 311 1.83 [2508, 2505, 2535, 2524, 2512, 2559] [181, 180, 182, 312, 313, 311]
127 126 342 1.86 [4923, 4931, 4959, 4980, 4972, 4988, 5039] [126, 128, 129, 125, 343, 341, 342]
128 171 350 1.71 [2551, 2555, 2529, 2505] [171, 174, 352, 350]
129 144 355 1.27 [2743, 2737, 2764, 2771, 2762, 2730, 2761] [144, 143, 141, 140, 358, 357, 355]
130 128 353 1.5 [2164, 2148, 2140, 2166, 2159, 2173, 2151, 2154, 2147, 2146] [128, 127, 129, 125, 126, 351, 354, 350, 352, 353]
131 152 370 1.62 [7551] [152]
132 127 363 1.58 [2109, 2139, 2149, 2135, 2151, 2115, 2147, 2113, 2135] [127, 128, 129, 125, 126, 364, 360, 361, 363]
133 178 340 1.44 [2359] [178]
134 176 327 1.53 [2962, 2950, 3012, 2987, 2966, 2981, 3014, 2998, 2946, 2977] [176, 178, 175, 177, 179, 325, 329, 328, 326, 327]
135 131 370 1.44 [3916, 3953, 3882, 3874, 3943, 3902] [131, 132, 134, 372, 371, 370]
136 148 349 1.47 [7250, 7239, 7227, 7168, 7233] [148, 149, 145, 348, 349]
137 170 340 1.79 [3303, 3298, 3310, 3343, 3327] [170, 172, 173, 342, 340]
138 179 365 1.65 [9943, 9874, 9793, 9809, 9833, 10021, 9984, 9882, 9821, 9891] [179, 176, 178, 175, 177, 369, 368, 367, 366, 365]
139 165 325 1.15 [2632, 2672, 2641, 2670, 2645, 2686] [165, 167, 166, 326, 327, 325]
140 164 338 2.0 [4291, 4335, 4333, 4279] [164, 163, 339, 338]
141 165 374 1.52 [5993, 5934, 5954, 5998, 5944, 6070, 5956] [165, 167, 166, 169, 370, 371, 374]
142 140 337 1.4 [6001, 5917, 5983, 5998] [140, 144, 336, 337]
143 171 331 1.85 [2625, 2630] [171, 331]
144 174 338 1.69 [2712, 2726, 2751, 2739] [174, 172, 335, 338]
145 134 354 1.83 [6712, 6810, 6838] [134, 131, 354]
146 126 354 1.79 [9248, 9214, 9184, 9309, 9138, 9316, 9256, 9112, 9199, 9267] [126, 128, 127, 129, 125, 351, 353, 350, 352, 354]
147 167 358 1.12 [2008, 2018, 2031, 2037, 2034, 2010, 2020, 2015, 2015, 2049] [167, 166, 169, 168, 165, 355, 356, 359, 357, 358]
148 128 314 1.94 [2539, 2570, 2577, 2548, 2575, 2536, 2554, 2549, 2543] [128, 127, 129, 125, 126, 310, 312, 313, 314]
149 151 328 1.12 [2450, 2447] [151, 328]
150 160 356 1.1 [2087, 2083] [160, 356]
151 129 314 1.48 [4001, 4014, 4029, 3989, 3991, 4042, 4066, 4067, 4059, 4047] [129, 128, 127, 125, 126, 310, 311, 312, 313, 314]
152 184 339 1.47 [9493, 9481, 9404, 9524, 9318] [184, 180, 182, 335, 339]
153 155 323 1.91 [5205, 5210, 5270, 5266, 5292, 5314, 5199] [155, 158, 157, 159, 322, 321, 323]
154 170 340 1.92 [9751, 9683, 9771, 9670, 9727, 9824, 9791] [170, 174, 173, 171, 341, 344, 340]
155 146 337 1.86 [13578] [146]
156 140 333 1.05 [2580, 2565, 2588, 2561, 2567, 2556] [140, 143, 141, 330, 331, 333]
157 137 361 1.6 [2681, 2730, 2695, 2732, 2727, 2710] [137, 138, 136, 362, 363, 361]
158 135 345 1.15 [2447, 2450, 2468, 2449, 2454, 2448, 2426, 2455, 2460] [135, 138, 139, 136, 137, 349, 348, 347, 345]
159 133 345 1.63 [2971, 2944, 2989, 2987, 2996, 2955] [133, 132, 130, 346, 347, 345]
160 169 361 1.14 [3512, 3447, 3493, 3506, 3460, 3473, 3503, 3500, 3485, 3470] [169, 167, 166, 168, 165, 362, 363, 360, 364, 361]
161 145 352 1.63 [5622] [145]
162 147 357 1.7 [4780, 4778, 4859, 4832, 4804, 4863] [147, 149, 148, 359, 358, 357]
163 173 335 1.19 [4794] [173]
164 140 360 1.05 [2239, 2215, 2233, 2208, 2218, 2225, 2248] [140, 143, 141, 144, 361, 364, 360]
165 132 368 1.73 [11502, 11536, 11616] [132, 130, 368]
166 154 340 1.13 [2653, 2696, 2666] [154, 150, 340]
167 125 336 1.29 [9538, 9340, 9324] [125, 128, 336]
168 133 312 1.03 [3090, 3043, 3047, 3079, 3039, 3081, 3064, 3062] [133, 131, 134, 132, 311, 314, 313, 312]
169 136 357 1.03 [2092, 2053, 2066, 2055, 2065, 2102, 2067, 2054, 2069, 2058] [136, 135, 138, 139, 137, 359, 356, 355, 358, 357]
170 133 321 1.16 [7659, 7722, 7700, 7710, 7789, 7637, 7792, 7799, 7741] [133, 131, 134, 130, 132, 324, 322, 323, 321]
171 129 318 1.22 [2563, 2559, 2565, 2560] [129, 127, 317, 318]
172 174 315 1.38 [4710, 4747, 4702, 4725, 4737, 4731, 4690, 4721] [174, 172, 170, 171, 316, 317, 319, 315]
173 149 334 1.67 [5156, 5125, 5137, 5116, 5089, 5148, 5076, 5081, 5123] [149, 148, 147, 145, 146, 330, 332, 331, 334]
174 178 346 1.97 [4830, 4806, 4866, 4892, 4784, 4870] [178, 176, 175, 345, 347, 346]
175 167 355 1.32 [2414, 2419, 2407, 2369, 2422, 2389, 2405, 2375, 2406] [167, 166, 169, 168, 165, 356, 358, 357, 355]
176 154 313 1.74 [15354, 15117, 15192, 15154, 15236, 15336, 15229, 15292] [154, 150, 151, 153, 314, 312, 310, 313]
177 177 351 1.51 [3399, 3365, 3401, 3425, 3411, 3372, 3356, 3420] [177, 176, 178, 179, 353, 350, 352, 351]
178 176 334 1.49 [5741, 5710, 5691, 5762, 5675, 5750, 5720, 5769, 5672] [176, 175, 177, 178, 179, 332, 333, 331, 334]
179 166 325 1.3 [2149, 2147, 2175, 2141, 2137, 2181, 2158] [166, 167, 169, 168, 326, 327, 325]
180 161 330 1.99 [2612, 2609, 2606] [161, 164, 330]
181 151 369 1.3 [3304, 3265, 3308, 3319, 3297] [151, 152, 150, 366, 369]
182 126 340 1.77 [8428, 8338, 8435] [126, 127, 340]
183 144 374 1.32 [2210] [144]
184 164 322 1.6 [2346, 2362, 2342, 2347, 2333, 2348, 2371, 2375, 2360, 2329] [164, 160, 161, 163, 162, 321, 323, 324, 320, 322]
185 180 326 1.74 [5619, 5564, 5580, 5603, 5539, 5571, 5578, 5576] [180, 181, 184, 182, 328, 329, 327, 326]
186 156 325 1.56 [4907, 4952, 4915] [156, 158, 325]
187 170 367 1.27 [6800, 6879, 6777, 6822] [170, 172, 366, 367]
188 168 325 1.59 [10062, 10041, 10208, 10078, 10258, 10070] [168, 167, 166, 329, 327, 325]
189 173 312 1.95 [3377, 3416, 3391, 3366, 3443, 3418, 3380, 3370, 3444] [173, 172, 174, 171, 170, 310, 313, 311, 312]
190 134 346 1.66 [2034, 2045, 2078, 2072, 2043, 2039, 2079, 2053, 2069, 2031] [134, 131, 133, 130, 132, 345, 347, 349, 348, 346]
191 179 360 1.15 [3455] [179]
192 136 366 1.54 [2531, 2525, 2519, 2492, 2488, 2546] [136, 138, 135, 369, 365, 366]
193 130 357 1.14 [11452, 11448, 11410, 11438, 11557, 11429, 11424, 11576, 11405, 11552] [130, 131, 133, 134, 132, 356, 355, 359, 358, 357]
194 178 373 1.43 [2340, 2322, 2375, 2364, 2324, 2353, 2357, 2345, 2342] [178, 176, 175, 177, 179, 371, 374, 372, 373]
195 175 346 1.8 [4991, 4983, 5033] [175, 176, 346]
196 128 328 1.29 [2679, 2700, 2718, 2708] [128, 129, 326, 328]
197 143 348 1.64 [3231, 3254, 3304, 3258] [143, 141, 349, 348]
198 125 317 1.29 [2311, 2283, 2303, 2317, 2325, 2300, 2284, 2291, 2278, 2316] [125, 129, 128, 127, 126, 316, 319, 315, 318, 317]
199 187 324 1.38 [3345, 3284, 3340, 3315, 3295, 3318, 3330, 3306] [187, 185, 188, 189, 321, 323, 320, 324]
200 182 326 1.06 [4098, 4183, 4181, 4127, 4147, 4149, 4113] [182, 183, 181, 180, 328, 327, 326]
201 158 361 1.27 [2108, 2132] [158, 361]
202 179 374 1.97 [9035, 9204, 9196, 9136, 9106] [179, 177, 178, 372, 374]
203 143 332 1.92 [11212, 11254, 11408, 11469, 11315, 11347, 11202, 11357] [143, 144, 141, 142, 333, 330, 331, 332]
204 129 313 1.83 [2035, 2074, 2047, 2071, 2038, 2042, 2051] [129, 128, 127, 125, 314, 311, 313]
205 125 358 1.58 [2245, 2249, 2236, 2267, 2233, 2257, 2237, 2275] [125, 129, 128, 127, 359, 355, 357, 358]
206 140 345 1.38 [2039, 2050, 2053, 2048, 2026, 2054] [140, 143, 144, 348, 347, 345]
207 186 370 1.79 [6599] [186]
208 132 353 1.91 [2033, 2004, 2041, 2009, 2037, 2031, 2013, 2021, 2049, 2025] [132, 131, 133, 134, 130, 351, 354, 350, 352, 353]
209 160 314 1.1 [2444, 2489, 2492, 2432, 2461, 2479, 2487, 2477, 2484] [160, 161, 163, 164, 162, 310, 313, 311, 314]
210 134 366 1.33 [2335] [134]
211 125 363 1.26 [2587, 2595, 2599] [125, 129, 363]
212 129 316 1.93 [2225, 2230, 2244] [129, 128, 316]
213 156 353 1.77 [2238, 2261, 2253, 2276, 2259, 2272, 2241, 2264] [156, 157, 159, 155, 354, 350, 352, 353]
214 156 320 1.73 [2524, 2515, 2535, 2558, 2504, 2522, 2510, 2526, 2521, 2551] [156, 157, 159, 155, 158, 324, 321, 323, 322, 320]
215 157 348 1.89 [2013, 2020, 2010, 2046] [157, 159, 349, 348]
216 145 318 1.79 [2969, 2964] [145, 318]
217 168 335 1.33 [2137, 2089, 2138, 2100, 2135, 2111, 2132, 2094] [168, 167, 169, 166, 339, 338, 337, 335]
218 178 314 1.03 [5294, 5266, 5366, 5362, 5310, 5345, 5281, 5371, 5288, 5279] [178, 176, 175, 177, 179, 310, 312, 313, 311, 314]
219 165 329 1.67 [2473, 2422, 2458, 2456, 2454, 2468, 2441, 2469] [165, 167, 169, 166, 328, 327, 326, 329]
220 186 347 1.32 [6814, 6775, 6769] [186, 185, 347]
221 138 314 1.05 [2987, 3043] [138, 314]
222 151 349 1.47 [3927, 3965, 3909, 3989, 3973, 3970, 4000, 3935] [151, 152, 153, 150, 347, 348, 345, 349]
223 128 313 1.18 [2730] [128]
224 166 345 1.68 [2433, 2467, 2421, 2454, 2447, 2428, 2469, 2473, 2431, 2458] [166, 167, 169, 165, 168, 347, 346, 348, 349, 345]
225 166 345 1.23 [2979, 3016, 2995, 2965, 2968] [166, 167, 169, 349, 345]
226 157 311 1.86 [5945, 5918] [157, 311]
227 127 350 1.79 [2814, 2809, 2832] [127, 129, 350]
228 140 338 1.85 [5604, 5694] [140, 338]
229 133 360 1.39 [2368, 2356, 2362, 2367, 2396] [133, 131, 134, 362, 360]
230 178 331 1.26 [3574, 3598, 3582, 3649, 3576, 3585, 3623, 3577] [178, 176, 175, 177, 330, 333, 334, 331]
231 128 326 1.42 [2553, 2551, 2526, 2566, 2522, 2516, 2527, 2508, 2560, 2523] [128, 126, 127, 129, 125, 325, 329, 328, 327, 326]
232 131 324 1.65 [3764, 3756, 3835, 3748, 3809, 3790] [131, 133, 134, 322, 320, 324]
233 159 358 1.11 [2520, 2505, 2512, 2524] [159, 155, 357, 358]
234 138 364 1.16 [4492, 4520, 4548, 4530, 4511] [138, 139, 135, 363, 364]
235 148 353 1.48 [3553, 3543, 3560, 3527, 3488, 3548] [148, 149, 147, 350, 352, 353]
236 157 313 1.81 [5368, 5426, 5330] [157, 158, 313]
237 129 316 1.06 [4458, 4441, 4474, 4434, 4491, 4423, 4443, 4509, 4452, 4469] [129, 126, 128, 127, 125, 317, 319, 318, 315, 316]
238 171 363 1.9 [2867, 2860, 2886, 2855, 2843, 2831, 2884] [171, 172, 174, 173, 360, 362, 363]
239 153 312 1.13 [2281, 2331, 2316] [153, 152, 312]
240 178 344 1.6 [14898, 15045, 14781, 15088, 14762, 15009, 15033, 14769, 15082] [178, 176, 175, 177, 179, 341, 342, 343, 344]
241 162 352 1.73 [2444, 2413, 2436, 2433, 2434, 2424, 2451, 2456, 2423, 2414] [162, 160, 161, 163, 164, 351, 350, 353, 354, 352]
242 181 326 1.28 [5072, 5093, 5087, 5104, 5068, 5028, 5049, 5045, 5064, 5039] [181, 184, 183, 180, 182, 325, 329, 328, 327, 326]
243 154 313 1.16 [6228] [154]
244 156 327 1.66 [2130, 2158, 2173, 2131, 2149, 2144] [156, 155, 159, 328, 326, 327]
245 129 371 1.87 [2490, 2455, 2511, 2465, 2507, 2479, 2480, 2453, 2486] [129, 126, 128, 127, 125, 372, 370, 373, 371]
246 170 322 1.2 [3924] [170]
247 159 357 1.39 [4569] [159]
248 132 313 1.32 [5948, 5889, 5987, 5972, 5980, 5963, 5936] [131, 137, 314, 312, 310, 311, 313]
249 181 365 1.67 [2334, 2370, 2332, 2372, 2320, 2333, 2338] [181, 184, 183, 180, 369, 367, 365]
250 146 314 1.68 [2361] [146]
251 133 343 1.02 [3474, 3420, 3475, 3448, 3451, 3400, 3478, 3404] [133, 130, 136, 344, 341, 340, 342, 343]
252 155 315 1.79 [2242, 2291, 2256, 2255, 2271, 2258] [155, 156, 158, 319, 318, 315]
253 149 327 1.7 [3188, 3244, 3215, 3226, 3219, 3195, 3192, 3202] [149, 148, 147, 145, 329, 328, 326, 327]
254 153 370 1.07 [3558, 3551, 3516] [153, 152, 370]
255 173 336 1.89 [2111, 2132, 2096, 2103] [173, 172, 337, 336]
256 158 313 1.31 [3104, 3092, 3125, 3111, 3103, 3085, 3081, 3102] [158, 155, 156, 159, 312, 310, 311, 313]
257 185 332 1.55 [6452, 6487, 6503, 6425, 6447, 6444, 6495, 6457, 6422, 6436] [185, 188, 189, 187, 186, 330, 333, 331, 334, 332]
258 166 357 1.74 [2417, 2378, 2409] [166, 167, 357]
259 176 318 1.89 [2207] [176]
260 187 370 1.68 [2556] [187]
261 128 373 1.64 [2894, 2846, 2859, 2899, 2895] [128, 126, 127, 371, 373]
262 145 329 1.76 [2235, 2196, 2245, 2226, 2235] [145, 149, 148, 326, 329]
263 168 315 1.63 [3613, 3634, 3612, 3697, 3610, 3672] [168, 167, 169, 318, 317, 315]
264 187 368 1.7 [3148, 3078, 3076, 3099, 3088] [187, 188, 189, 367, 368]
265 158 347 1.48 [3759, 3691, 3771, 3737, 3716, 3773, 3725] [158, 155, 156, 157, 345, 348, 347]
266 141 326 1.93 [2298, 2300, 2311, 2299, 2292, 2322, 2326, 2304] [141, 140, 143, 142, 329, 328, 327, 326]
267 172 319 1.49 [3830, 3806, 3792, 3856, 3798, 3847, 3803, 3827] [172, 174, 171, 173, 315, 317, 316, 319]
268 157 347 1.03 [2281, 2291, 2293, 2275, 2285, 2264, 2297] [157, 155, 156, 159, 349, 346, 347]
269 143 366 1.24 [9293, 9397, 9305] [143, 144, 366]
270 136 352 1.6 [5262, 5161, 5270, 5249, 5234] [136, 139, 135, 354, 352]
271 178 354 1.93 [7429, 7405] [178, 354]
272 127 366 1.2 [3545] [127]
273 177 339 1.02 [4029] [177]
274 141 332 1.16 [15154, 15254, 15273] [141, 142, 332]
275 173 316 1.48 [3142, 3201, 3189, 3215, 3190, 3184, 3160, 3168, 3151] [173, 172, 174, 171, 170, 317, 319, 318, 316]
276 157 360 1.56 [3589, 3519, 3582, 3550, 3521, 3540, 3537] [157, 155, 159, 158, 361, 364, 360]
277 160 370 1.67 [4849, 4899, 4855, 4871, 4859, 4879, 4867, 4943, 4861, 4913] [160, 163, 161, 164, 162, 374, 372, 371, 373, 370]
278 126 370 1.76 [3448, 3388, 3450, 3398, 3429, 3373] [126, 129, 125, 371, 373, 370]
279 147 351 1.53 [2881, 2929, 2868, 2907] [147, 149, 353, 351]
280 153 351 1.92 [3387, 3424] [153, 351]
281 169 323 1.36 [2496, 2548, 2512, 2536, 2486, 2538] [169, 167, 165, 321, 320, 323]
282 176 361 1.63 [13002] [361]
283 149 370 1.56 [2674, 2684, 2680, 2658, 2662] [149, 148, 147, 373, 370]
284 127 347 1.41 [3404, 3430, 3411, 3439, 3451, 3402, 3440, 3394, 3392, 3409] [127, 128, 129, 126, 125, 345, 349, 348, 346, 347]
285 165 369 1.14 [5263] [165]
286 164 359 1.3 [2589, 2619, 2573, 2597, 2587, 2575, 2569, 2567, 2622] [164, 160, 161, 163, 162, 356, 358, 357, 359]
287 150 358 1.1 [2907, 2947, 2910, 2917, 2953, 2934, 2961, 2968, 2963] [150, 152, 151, 154, 153, 356, 355, 357, 358]
288 176 323 1.93 [2037, 2014, 2025, 2015, 2017, 2039, 2058, 2024] [176, 175, 179, 177, 321, 320, 322, 323]
289 143 340 1.18 [8451, 8392, 8289, 8385, 8437, 8327, 8410, 8347, 8454] [143, 140, 144, 141, 142, 344, 342, 343, 340]
290 173 370 1.17 [7155, 7073, 7102, 7126, 7067, 6994, 7038, 7082, 7085] [173, 174, 171, 172, 170, 373, 372, 371, 370]
291 173 337 1.72 [3296] [173]
292 168 316 1.02 [2164, 2153] [168, 316]
293 129 346 1.07 [4774, 4863, 4867, 4840, 4778, 4782, 4776, 4764] [129, 128, 126, 125, 345, 349, 348, 346]
294 137 317 1.09 [2049, 2046, 2088, 2050, 2068, 2043] [137, 138, 139, 319, 318, 317]
295 187 335 1.96 [7772] [187]
296 181 334 1.02 [4159, 4207] [181, 334]
297 132 343 1.22 [2745, 2737, 2777, 2740, 2748, 2788, 2751, 2793, 2750] [137, 138, 135, 139, 344, 340, 342, 341, 343]
298 125 359 1.52 [2152, 2164, 2187, 2179, 2155, 2151, 2145] [125, 127, 128, 129, 358, 357, 359]
299 180 360 1.44 [3237, 3278, 3235, 3265, 3271, 3257, 3248, 3236] [180, 184, 183, 182, 363, 364, 362, 360]
300 184 368 1.07 [11858, 11804, 11809, 11818, 12024, 11823, 12019] [184, 183, 181, 182, 369, 365, 368]
301 179 343 1.2 [2876, 2871, 2875, 2905, 2913, 2862] [179, 175, 176, 342, 341, 343]
302 174 363 1.7 [2767, 2722, 2777, 2779, 2776] [174, 172, 171, 362, 363]
303 165 351 1.5 [2608, 2567, 2587, 2570] [165, 167, 350, 351]
304 154 352 1.9 [5629, 5587, 5574, 5532, 5604, 5569] [154, 150, 152, 350, 353, 352]
305 134 372 1.07 [18797, 18681, 18936, 18712, 18905, 18512, 18928, 18735, 18527, 18574] [136, 137, 138, 135, 139, 370, 373, 371, 374, 372]
306 165 327 1.46 [5358, 5338, 5286, 5347, 5310, 5273, 5295, 5319, 5303] [165, 169, 167, 166, 168, 328, 325, 326, 327]
307 156 363 1.71 [6568, 6420, 6469] [156, 155, 363]
308 159 374 1.71 [3412, 3422, 3394, 3379, 3368, 3384, 3365, 3398, 3439, 3391] [159, 158, 157, 156, 155, 370, 372, 373, 371, 374]
309 148 355 1.38 [2722, 2690, 2706, 2704, 2709, 2700, 2699, 2720] [148, 145, 147, 149, 359, 358, 357, 355]
310 130 318 1.66 [7782] [318]
311 126 351 1.48 [5070, 5110, 5152, 5097] [126, 127, 352, 351]
312 137 355 1.33 [4385, 4355, 4339, 4349, 4373, 4394, 4392] [137, 136, 138, 135, 356, 357, 355]
313 140 363 1.38 [3796, 3743, 3766] [140, 144, 363]
314 155 317 1.45 [16192, 16286, 16367, 16347, 16307] [155, 159, 158, 315, 317]
315 143 311 1.03 [2137, 2131, 2129, 2143, 2153, 2159, 2122, 2123] [143, 140, 144, 141, 313, 314, 310, 311]
316 133 355 1.74 [2223, 2204, 2199, 2180, 2221, 2212, 2185, 2210, 2213, 2180] [132, 130, 145, 148, 147, 356, 359, 357, 358, 355]
317 173 327 1.79 [5305, 5396] [173, 327]
318 178 345 1.08 [6823, 6734, 6773, 6720, 6790, 6759, 6751] [175, 176, 347, 349, 348, 346, 345]
319 128 355 1.67 [19215, 18972, 18933, 19003, 18941, 18988] [149, 357, 358, 356, 359, 355]
320 137 340 1.16 [4888, 4842, 4836, 4846, 4800, 4868, 4890, 4798, 4804, 4886] [137, 139, 136, 138, 135, 344, 342, 343, 341, 340]
321 167 359 1.01 [6557, 6530, 6481, 6503, 6546] [167, 169, 166, 356, 359]
322 186 349 1.34 [4482, 4486, 4501, 4420] [186, 188, 346, 349]
323 171 361 1.02 [3554, 3527, 3503] [171, 172, 361]
324 145 317 1.22 [6489, 6574] [145, 317]
325 151 317 1.8 [14650, 14595, 14728, 14553, 14758, 14783, 14692, 14680, 14541, 14637] [151, 150, 152, 153, 154, 160, 315, 318, 316, 319]
326 177 369 1.85 [5382, 5355] [367, 369]
327 128 369 1.97 [9165, 9272] [367, 369]
328 168 340 1.68 [4502] [168]
329 157 339 1.93 [2051, 2090, 2092, 2054, 2096] [157, 156, 159, 337, 339]
330 164 344 1.66 [4194, 4236, 4201, 4165, 4174, 4154, 4243, 4238, 4158, 4210] [164, 163, 161, 162, 160, 340, 342, 343, 341, 344]
331 147 323 1.41 [3484, 3413, 3414, 3423, 3477, 3436] [147, 148, 145, 320, 322, 323]
332 125 368 1.74 [2509, 2543, 2542, 2540, 2521, 2541, 2525] [125, 128, 129, 127, 365, 366, 368]
333 161 373 1.07 [12774, 12747, 12715, 12805, 12969, 12990, 12811, 12974, 12758, 12731] [161, 163, 164, 162, 160, 370, 371, 372, 374, 373]
334 182 332 1.98 [2307, 2276, 2309, 2275, 2279] [182, 180, 184, 334, 332]
335 129 364 1.82 [3038, 3082, 3065, 3047, 3057, 3036, 3096, 3100, 3061, 3046] [129, 128, 140, 148, 147, 361, 363, 360, 362, 364]
336 155 368 1.23 [4583, 4657, 4596, 4630] [155, 157, 366, 368]
337 140 347 1.4 [2067, 2051, 2058, 2070, 2054] [140, 143, 144, 348, 347]
338 174 359 1.19 [7547, 7663, 7694, 7678, 7610, 7516, 7550, 7559, 7603, 7622] [174, 170, 171, 172, 173, 356, 357, 355, 358, 359]
339 155 337 1.66 [5145, 5149] [155, 337]
340 149 312 1.46 [10591] [149]
341 178 317 1.6 [4318, 4347, 4327, 4308] [318, 316, 319, 317]
342 178 353 1.47 [6879, 6885, 6925, 6836, 6908] [351, 352, 354, 350, 353]
343 154 349 1.49 [7565, 7602, 7618, 7627, 7640, 7562] [154, 151, 150, 152, 153, 163]
344 138 316 1.41 [16352] [138]
345 163 335 1.69 [2061, 2058, 2074, 2069, 2037, 2054, 2045, 2032] [163, 161, 164, 162, 337, 336, 338, 335]
346 150 313 1.88 [9655] [150]
347 168 373 1.26 [4937, 5033, 4961, 4998, 4939, 4953] [168, 169, 167, 371, 374, 373]
348 133 360 1.73 [4689, 4714] [362, 360]
349 140 330 1.46 [3542, 3588, 3568, 3579, 3630, 3587, 3618, 3606] [140, 143, 144, 142, 333, 334, 331, 330]
350 145 351 1.99 [2752, 2731, 2759] [145, 148, 351]
351 165 373 1.89 [3194, 3197, 3206, 3154, 3156] [165, 166, 169, 374, 373]
352 153 343 1.72 [4656, 4590, 4604] [153, 151, 343]
353 143 315 1.09 [2388, 2443, 2423, 2408, 2429, 2387, 2416, 2389] [143, 140, 141, 144, 317, 316, 319, 315]
354 142 372 1.28 [8951] [142]
355 128 313 1.01 [2582, 2598, 2573] [125, 311, 313]
356 153 373 1.84 [2578, 2548, 2563, 2545, 2591, 2562, 2558] [153, 151, 152, 154, 372, 370, 373]
357 134 374 1.65 [2764] [374]
358 157 340 1.71 [2665, 2668] [157, 340]
359 129 326 1.74 [6741, 6730, 6783, 6719, 6856, 6792] [146, 327, 328, 325, 329, 326]
360 159 362 1.92 [16273, 16134, 16373, 16000] [156, 360, 364, 362]
361 170 317 1.02 [3370, 3399] [170, 317]
362 184 324 1.32 [3824, 3851, 3848, 3864, 3818, 3872] [184, 180, 183, 322, 321, 324]
363 185 371 1.89 [3156, 3181, 3155, 3190, 3160, 3131, 3163] [185, 189, 188, 187, 370, 372, 371]
364 179 322 1.8 [4191, 4269, 4201] [323, 320, 322]
365 136 319 1.65 [4221, 4216, 4219, 4312, 4288, 4225, 4293, 4228, 4253] [136, 139, 137, 135, 138, 317, 318, 316, 319]
366 132 319 1.34 [16795, 16879, 17032, 17046, 17053, 17116] [146, 147, 148, 139, 143, 145]
367 179 337 1.86 [2199] [179]
368 165 314 1.91 [4692, 4794, 4790, 4716, 4772, 4678] [165, 166, 169, 312, 311, 314]
369 186 314 1.08 [2376, 2352, 2347, 2348, 2360, 2383, 2373, 2350] [186, 189, 185, 188, 313, 310, 311, 314]
370 187 372 1.37 [3627] [187]
371 162 333 1.29 [10790, 10932, 10830, 10812, 10727, 10776, 10941] [162, 161, 164, 163, 334, 331, 333]
372 159 362 1.11 [3384, 3452, 3404, 3453, 3391, 3447, 3426, 3397] [159, 157, 158, 360, 364, 361, 363, 362]
373 157 355 1.2 [6992, 7050] [157, 355]
374 158 341 1.37 [2260, 2295] [158, 341]
375 146 337 1.73 [2190] [146]
376 152 355 1.97 [2489, 2481, 2528, 2491, 2526, 2493, 2513, 2515, 2486, 2520] [152, 151, 154, 153, 150, 161, 356, 359, 357, 358]
377 182 335 1.31 [3231, 3225, 3202] [182, 180, 335]
378 150 314 1.98 [3743, 3740, 3760, 3706, 3755, 3794, 3718, 3719] [150, 151, 152, 154, 312, 310, 311, 314]
379 148 349 1.85 [6001, 6028, 5978, 5998, 5988, 6043, 5991, 6026, 6070] [148, 147, 145, 141, 136, 137, 140, 135, 345]
380 149 313 1.6 [12649, 12811, 12623, 12571, 12634, 12592, 12753, 12535, 12727, 12639] [144, 141, 136, 137, 140, 314, 311, 312, 310, 313]
381 145 350 1.42 [2657, 2636, 2630, 2638, 2654] [145, 147, 148, 353, 350]
382 179 354 1.26 [5500, 5469, 5478, 5496, 5494] [351, 352, 350, 353, 354]
383 183 341 1.28 [2026, 2029, 2055, 2068] [183, 180, 342, 341]
384 178 353 1.62 [5628, 5637, 5675, 5635, 5630, 5710] [190, 351, 352, 354, 350, 353]
385 136 355 1.81 [3486, 3536, 3553, 3502] [136, 135, 139, 358]
386 178 331 1.59 [3293, 3299, 3274, 3335, 3290, 3285, 3256, 3324, 3322] [191, 192, 193, 194, 332, 333, 334, 330, 331]
387 129 313 1.03 [4389] [313]
388 143 351 1.12 [3674, 3629, 3665, 3664, 3676] [143, 142, 144, 353, 351]
389 184 342 1.93 [3562, 3565, 3603, 3592, 3569, 3553, 3589] [184, 181, 180, 183, 343, 341, 342]
390 132 364 1.07 [10404, 10319, 10387, 10456, 10434] [360, 362, 363, 361, 364]
391 186 332 1.34 [4402, 4440, 4442, 4415] [186, 189, 330, 332]
392 163 319 1.28 [2033, 2011, 2048, 2019, 2037, 2007, 2015, 2036, 2042, 2004] [163, 164, 161, 160, 162, 317, 315, 318, 316, 319]
393 140 356 1.56 [7866] [142]
394 133 356 1.35 [2594, 2595, 2605, 2584, 2610, 2608, 2550, 2587] [135, 138, 139, 137, 140, 359, 358, 357]
395 131 340 1.74 [2022, 2050, 2019, 2048, 2053, 2065] [134, 343, 341, 342, 344, 340]
396 184 363 1.96 [3953, 3991, 3954, 3972, 3961, 4010] [184, 181, 180, 364, 361, 363]
397 176 351 1.33 [2719, 2683, 2686, 2695] [352, 354, 350, 351]
398 139 323 1.02 [2642, 2685, 2641, 2664, 2624, 2639, 2657, 2662] [139, 135, 138, 137, 320, 321, 324, 323]
399 126 321 1.97 [2417, 2397, 2368, 2363, 2382, 2390, 2406, 2412, 2374, 2362] [126, 135, 147, 148, 146, 323, 322, 320, 324, 321]
400 126 336 1.03 [3041, 3037, 3061, 3084, 3060, 3036, 3027] [135, 144, 335, 337, 338, 339, 336]
401 140 322 1.99 [4367, 4316] [141, 322]
402 164 359 1.42 [3486, 3506, 3442] [164, 161, 357]
403 169 326 1.46 [15734, 15872, 16089, 15780, 16036, 15859, 15971, 15754, 16023] [160, 164, 161, 151, 327, 328, 325, 329, 326]
404 165 318 1.33 [3123, 3173, 3180, 3149, 3153, 3132, 3158, 3131, 3146, 3151] [165, 167, 168, 166, 169, 163, 315, 316, 319, 318]
405 176 358 1.99 [3214, 3194, 3228, 3262, 3224, 3206, 3212, 3200, 3190] [195, 196, 197, 198, 199, 193, 191, 192, 194]
406 166 321 1.89 [2742, 2753, 2752, 2790, 2805, 2754, 2761, 2777, 2793, 2781] [166, 167, 168, 165, 169, 322, 323, 320, 324, 321]
407 187 365 1.64 [11579, 11574, 11451, 11546, 11532, 11409, 11631, 11394] [187, 185, 188, 189, 368, 366, 367, 365]
408 179 318 1.81 [2399, 2412, 2387, 2418] [196, 316, 319, 318]
409 131 321 1.92 [2147, 2119, 2106, 2135, 2132, 2110, 2137, 2138] [135, 138, 147, 322, 323, 320, 324, 321]
410 170 330 1.21 [3331, 3343, 3360, 3387, 3394, 3351, 3401] [170, 174, 172, 171, 334, 331, 330]
411 171 328 1.34 [3859, 3831, 3884, 3834, 3891] [171, 174, 172, 329, 326]
412 140 356 1.55 [2377, 2400, 2362, 2387, 2355, 2398, 2356, 2379, 2353, 2406] [140, 143, 142, 135, 136, 149, 139, 148, 145, 146]
413 159 363 1.23 [10938, 10942] [159, 363]
414 142 351 1.16 [6156, 6153, 6126, 6138, 6118, 6103, 6108] [365, 369, 367, 352, 354, 353, 350]
415 151 334 1.64 [3758] [334]
416 171 314 1.77 [3453, 3498] [174, 311]
417 130 356 1.6 [6840, 6948, 6942] [361, 366, 365]
418 135 352 1.87 [8250, 8294, 8139, 8305, 8162] [364, 354, 353, 350, 352]
419 177 330 1.09 [2024, 2055, 2018, 2052, 2050, 2039, 2036, 2061] [177, 175, 195, 332, 334, 331, 333, 330]
420 132 345 1.42 [4788, 4867, 4762, 4796, 4863] [339, 338, 336, 337, 348]
421 167 315 1.8 [2056, 2067] [167, 315]
422 131 346 1.37 [6312, 6349, 6352] [335, 339, 330]
423 153 339 1.07 [3487, 3460, 3463, 3444, 3461] [153, 152, 154, 338, 339]
424 155 366 1.24 [4334, 4300, 4284, 4365, 4320, 4290, 4363, 4343, 4375] [157, 158, 162, 163, 365, 368, 367, 369, 366]
425 140 343 1.37 [2075, 2079, 2066] [340, 344, 343]
426 167 311 1.02 [3969, 3959] [167, 168]
427 126 319 1.11 [7508, 7428, 7532, 7446] [300, 301, 302, 303]
428 135 348 1.41 [3488, 3552, 3513] [336, 337, 347]
429 158 355 1.66 [4524, 4556, 4511, 4526, 4509, 4597, 4517, 4599] [158, 157, 162, 152, 163, 154, 153, 150]
430 171 348 1.82 [18154, 18357] [335, 336]
431 125 318 1.92 [3321, 3337, 3272, 3264, 3316, 3284, 3332] [304, 305, 306, 307, 308, 316, 319]
432 143 326 1.26 [2381, 2396, 2408, 2390, 2368, 2415, 2388] [135, 138, 333, 328, 325, 329, 326]
433 147 319 1.55 [2796, 2862, 2810, 2802, 2851] [309, 307, 306, 308, 304]
434 149 367 1.12 [2363] [367]
435 156 344 1.56 [10534] [162]
436 138 340 1.56 [2166, 2151, 2147, 2167, 2163, 2183, 2155, 2155] [137, 147, 338, 343, 341, 344, 342, 340]
437 147 366 1.54 [2172, 2148, 2127] [368, 369, 366]
438 181 335 1.63 [12995, 13113, 13145, 12904, 12920, 13129, 13000, 13059, 13150] [199, 197, 198, 195, 196, 190, 339, 338, 337]
439 128 314 1.4 [14589, 14698] [309, 305]
440 168 357 1.09 [2335] [166]
441 146 360 1.13 [2802, 2859, 2808, 2857, 2862, 2826, 2845, 2840, 2833] [369, 367, 365, 366, 364, 362, 363, 361, 360]
442 173 334 1.49 [2693, 2665] [173, 334]
443 156 362 1.39 [4937, 5039] [361, 362]
444 167 371 1.78 [8514, 8528, 8602, 8676, 8507, 8634, 8560] [163, 360, 362, 369, 368, 364, 361]
445 173 323 1.81 [5451, 5440, 5501, 5411, 5402] [170, 172, 321, 324, 323]
446 144 361 1.59 [4774, 4754, 4750, 4809, 4823, 4776, 4768, 4798, 4784, 4851] [367, 365, 366, 350, 353, 354, 362, 360, 363, 361]
447 147 335 1.54 [2492, 2530, 2519, 2522, 2523, 2495, 2537] [331, 333, 336, 339, 338, 337, 335]
448 135 314 1.68 [2074, 2038, 2042, 2048, 2040, 2046, 2054, 2061, 2027] [306, 308, 307, 304, 301, 303, 311, 312, 310]
449 184 354 1.86 [4318, 4332, 4334, 4320] [184, 181, 352, 354]
450 177 334 1.94 [18494, 18570] [193, 192]
451 163 370 1.63 [2288, 2284, 2328, 2276, 2278, 2306, 2324] [164, 160, 161, 372, 374, 371, 370]
452 141 315 1.14 [4042, 4072, 4107, 4058] [300, 302, 306, 308]
453 153 347 1.56 [6808, 6771, 6858, 6827, 6746, 6743] [152, 154, 330, 331, 333, 332]
454 127 357 1.67 [3993, 4021] [363, 367]
455 163 340 1.61 [5450, 5461, 5394, 5388, 5425, 5419] [153, 150, 334, 344, 342, 340]
456 159 328 1.91 [8261, 8241] [330, 331]
457 151 364 1.3 [2674, 2689, 2705, 2679, 2716, 2671, 2709, 2694] [157, 164, 174, 160, 161, 361, 360, 363]
458 160 318 1.07 [14659] [307]
459 179 328 1.32 [2955, 2953, 2979, 2928, 2961, 2976] [191, 194, 199, 197, 198, 326]
460 151 366 1.85 [7788, 7855, 7778, 7759] [369, 368, 365, 366]
461 176 360 1.42 [3359] [363]
462 173 317 1.6 [3354, 3369, 3308, 3336, 3349, 3346] [304, 301, 303, 300, 302, 308]
463 142 321 1.99 [2135, 2103, 2100, 2091, 2127, 2122, 2085, 2091, 2115] [304, 306, 303, 301, 323, 322, 324, 320, 321]
464 150 328 1.39 [6066, 6019, 6016, 6056, 6104, 6099, 6064, 6081, 6041, 6076] [333, 332, 334, 200, 201, 202, 203, 204, 205, 206]
465 143 347 1.29 [3216, 3171, 3187] [337, 341, 333]
466 187 359 1.18 [2156, 2187] [187, 185]
467 172 331 1.11 [2247, 2281, 2286, 2265, 2258] [173, 334, 332, 330, 331]
468 173 370 1.4 [2784, 2813, 2769] [371, 373, 370]
469 167 362 1.5 [3213, 3240, 3200] [367, 374, 363]
470 164 344 1.12 [2532, 2525, 2488, 2490] [165, 156, 338, 346]
471 165 325 1.46 [4865, 4953, 4939] [207, 208, 209]
472 134 319 1.5 [2068, 2034] [317, 319]
473 152 362 1.58 [3497] [350]
474 169 334 1.98 [3364, 3354, 3368, 3358, 3343, 3377, 3404, 3340] [210, 211, 212, 213, 214, 215, 216, 217]
475 150 313 1.38 [4261, 4288, 4249, 4235, 4276, 4302, 4253, 4286] [304, 306, 300, 303, 301, 302, 308, 309]
476 147 370 1.47 [5986, 6011, 5979, 5956, 6050] [218, 219, 220, 221, 222]
477 127 323 1.51 [8245] [323]
478 137 311 1.62 [2075, 2098, 2091, 2081, 2063] [304, 306, 300, 303, 310]
479 125 329 1.25 [8157, 8050, 8153, 8140, 8004, 8010, 8044] [223, 224, 225, 226, 227, 228, 229]
480 176 319 1.97 [2534, 2512, 2529, 2553, 2532, 2558, 2520, 2550, 2527, 2546] [191, 194, 195, 196, 190, 199, 197, 198, 193, 192]
481 158 340 1.56 [3091, 3095, 3071] [230, 231, 232]
482 174 350 1.97 [6559, 6473, 6584, 6562, 6476, 6497, 6603, 6573, 6557, 6549] [233, 234, 235, 236, 237, 238, 239, 240, 241, 242]
483 157 343 1.87 [2873, 2904, 2889, 2929, 2932, 2934, 2886, 2914, 2907, 2872] [243, 244, 245, 246, 247, 248, 249, 250, 251, 252]
484 162 325 1.12 [2427, 2449, 2460, 2458, 2459, 2468, 2423, 2418, 2454, 2439] [349, 337, 335, 253, 254, 255, 256, 257, 258, 259]
485 129 336 1.6 [4120, 4073, 4076, 4064, 4128, 4090, 4048] [260, 261, 262, 263, 264, 265, 266]
486 182 342 1.22 [2379, 2384, 2367, 2394, 2376, 2342, 2345] [182, 180, 183, 181, 194, 191, 195]
487 152 363 1.48 [8562, 8583, 8715] [267, 268, 269]
488 170 321 1.43 [2709, 2711, 2679, 2699, 2668, 2720] [301, 323, 322, 324, 320, 321]
489 130 318 1.2 [3870, 3910, 3904, 3923] [302, 305, 308, 304]
490 162 330 1.12 [2901, 2874, 2924, 2911, 2862, 2906, 2896, 2871, 2886, 2908] [270, 271, 272, 273, 274, 275, 276, 277, 278, 279]
491 164 338 1.27 [2726, 2684, 2680, 2689, 2706, 2719, 2729, 2679] [280, 281, 282, 283, 284, 285, 286, 287]
492 152 338 1.64 [2863, 2823] [288, 289]
493 184 368 1.1 [6822, 6847, 6867, 6791, 6763, 6811, 6724, 6808, 6861, 6769] [182, 191, 194, 196, 190, 199, 197, 198, 195, 193]
494 153 359 1.9 [3570, 3541, 3594, 3586, 3610, 3533, 3536, 3564, 3577, 3532] [353, 372, 352, 367, 370, 373, 290, 291, 292, 293]
495 174 371 2.0 [2601, 2612, 2582] [365, 351, 371]
496 126 347 1.39 [2758, 2767, 2754, 2764, 2760, 2765, 2773, 2785, 2800, 2774] [294, 295, 296, 297, 298, 299, 257, 256, 259, 258]
497 173 319 1.74 [2131, 2114, 2118, 2115, 2136, 2133] [171, 157, 306, 303, 300, 301]
498 145 339 1.9 [3982, 4028, 3998, 4032, 4005, 3992, 4018, 4051, 4020, 4066] [253, 254, 255, 287, 282, 281, 283, 284, 285, 280]
499 169 368 1.46 [2603, 2634, 2649, 2635, 2637] [374, 286, 296, 294, 298]
