0 18
1 30
2 24
3 22
4 28
5 12
6 28
7 16
8 10
9 20
10 28
11 24
12 24
13 30
14 20
15 42
16 36
17 42
18 38
19 40
20 42
21 44
22 30
23 28
24 32
25 28
26 26
27 30
28 16
29 22
30 52
31 48
32 34
33 24
34 24
35 38
36 38
37 52
38 24
39 24
40 18
41 34
42 46
43 48
44 10
45 38
46 28
47 52
48 12
49 8
50 40
51 30
52 18
53 12
54 22
55 12
56 20
57 46
58 20
59 18
60 56
61 40
62 34
63 42
64 30
65 46
66 42
67 28
68 10
69 48
70 18
71 36
72 20
73 44
74 60
75 30
76 12
77 10
78 8
79 44
80 22
81 50
82 38
83 28
84 16
85 24
86 28
87 24
88 28
89 14
90 10
91 18
92 24
93 46
94 18
95 40
96 20
97 44
98 38
99 8
100 40
101 34
102 36
103 50
104 22
105 12
106 28
107 46
108 40
109 46
110 44
111 22
112 48
113 48
114 48
115 42
116 12
117 56
118 12
119 16
120 12
121 26
122 50
123 12
124 48
125 12
126 48
127 14
128 50
129 34
130 42
131 32
132 44
133 30
134 52
135 28
136 60
137 12
138 18
139 38
140 38
141 24
142 60
143 18
144 12
145 16
146 40
147 30
148 50
149 44
150 12
151 12
152 18
153 24
154 12
155 18
156 24
157 16
158 48
159 52
160 54
161 28
162 24
163 12
164 14
165 48
166 30
167 12
168 14
169 10
170 18
171 44
172 26
173 30
174 38
175 28
176 56
177 24
178 48
179 54
180 36
181 40
182 12
183 12
184 10
185 48
186 50
187 18
188 12
189 52
190 48
192 56
194 52
195 52
196 14
197 40
198 24
