0 10
1 14
2 12
3 10
4 12
5 6
6 18
7 8
8 6
9 10
10 12
11 18
12 8
13 12
14 8
15 22
16 22
17 20
18 26
19 24
20 14
21 24
22 10
23 18
24 12
25 14
26 14
27 12
28 8
29 10
30 26
31 34
32 14
33 14
34 8
35 26
36 18
37 26
38 8
39 8
40 6
41 12
42 22
43 20
44 6
45 18
46 12
47 22
48 0
49 6
50 20
51 12
52 6
53 6
54 8
55 6
56 8
57 20
58 8
59 8
60 26
61 22
62 12
63 20
64 10
65 18
66 18
67 10
68 6
69 26
70 4
71 12
72 10
73 18
74 22
75 8
76 4
77 6
78 6
79 18
80 10
81 24
82 12
83 12
84 6
85 10
86 16
87 6
88 10
89 10
90 6
91 8
92 8
93 26
94 6
95 16
96 10
97 18
98 18
99 6
100 16
101 12
102 14
103 26
104 8
105 6
107 32
108 18
109 28
110 18
111 6
112 38
113 30
114 24
115 18
116 2
117 30
118 2
119 8
120 8
121 12
123 10
124 24
125 4
126 26
127 2
128 34
129 26
130 20
131 12
132 28
133 24
134 36
135 10
136 44
137 6
138 8
139 26
140 16
141 10
142 52
143 8
144 6
145 18
146 18
147 10
149 26
150 10
151 10
152 8
153 18
155 8
156 12
157 10
159 56
160 58
162 18
163 6
170 16
187 16
