0 6
1 6
2 6
3 6
4 6
5 6
6 6
7 6
8 6
9 6
10 6
11 6
12 6
13 6
14 6
15 6
16 6
17 6
18 6
19 8
20 8
21 8
22 6
23 6
24 2
25 6
26 6
27 6
28 6
29 8
30 6
31 2
32 6
33 6
34 6
35 0
36 0
37 6
38 6
39 6
40 6
41 6
42 12
43 6
44 6
45 6
46 6
47 6
48 0
49 6
50 6
51 8
52 6
53 6
54 6
55 6
56 6
57 8
58 6
59 6
60 6
61 6
62 4
63 6
64 6
65 6
66 4
67 6
68 6
69 6
70 4
71 6
72 6
73 6
74 2
75 6
76 4
77 6
78 6
79 6
80 6
81 10
82 4
83 6
84 4
85 6
86 12
87 4
88 8
89 8
90 6
91 6
92 4
93 8
94 8
95 14
96 8
97 6
98 6
99 6
100 4
101 4
102 6
103 6
104 6
105 6
106 6
107 8
108 6
109 10
110 6
111 4
112 16
113 10
114 6
115 6
116 4
117 10
118 2
119 6
120 8
121 8
122 14
123 6
124 14
125 6
126 14
127 2
128 6
129 16
130 8
131 4
132 6
133 10
134 6
135 8
136 12
137 8
138 12
139 6
140 6
141 10
142 6
143 6
144 6
145 2
146 6
147 6
148 14
149 6
150 6
151 6
152 6
153 6
154 10
155 6
156 6
157 6
158 18
159 2
160 8
161 6
162 6
163 6
164 6
165 6
166 8
167 10
168 6
169 6
170 8
171 18
172 14
173 16
174 8
175 12
176 10
177 4
178 8
179 22
180 6
181 6
182 6
183 8
184 8
185 6
186 18
187 4
188 10
189 6
190 10
191 22
192 26
193 10
194 8
195 14
196 8
197 22
198 16
199 18
