0
0
0
0.00031963241651441983
0.0007645057918847764
0.0007645057918847764
0.001155788207181047
0.0021633011948751437
0.0021633011948751437
0.0027924483350523967
0.003320644207928459
0.003320644207928459
0.004220343990656846
0.005856590994957013
0.005856590994957013
0.010410943885935364
0.011239162014659868
0.011239162014659868
0.012116765784997248
0.016569732978298626
0.018562239292442734
0.02113758488158756
0.02419021679489528
0.024828366223333495
0.02836447650548503
0.033251851214200545
0.03500476776232903
0.03602658671185605
0.045934217466613
0.04713235846569836
0.050422339303071884
0.05186112618635914
0.05775801694361962
0.06089303353310694
0.06227053287814376
0.06227053287814376
0.06227053287814376
0.06467088110049256
0.06754259735957023
0.06936928775948033
0.07201357305236682
0.07613038328115057
0.07762172130596547
0.08114908238492138
0.08637322009792239
0.09950818132681398
0.10128350093880926
0.10193266742793942
0.10617602827693544
0.10926060149621288
0.11216738892750942
0.11376108761755166
0.11403093316391252
0.11649649136515043
0.11700170807861036
0.11927973868635737
0.12114345357823034
0.12272094073520455
0.12467987684294746
0.12568231407485286
0.13243753344517625
0.13877079478531715
0.1433162900841063
0.1441688997532245
0.1445146360833473
0.1469223809703283
0.14742791782061662
0.15409375630504815
0.15720260046370116
0.15789897362218747
0.15924635023074524
0.1619760618100506
0.1637539858195483
0.1662651856093951
0.16923884925421973
0.1696814692896577
0.17116406979164314
0.17301360187197043
0.17738978951767115
0.17788217158233816
0.17850057091041446
0.1836354713833461
0.1881130728162578
0.19063689026414204
0.19325493252372677
0.195007592278761
0.20128423198230905
0.20984208030621798
0.21258835489531636
0.22334856189846566
0.22433347323877123
0.2258877575013263
0.2296391809723725
0.2309389285792528
0.23133722437920626
0.23133722437920626
0.23189481392646807
0.24459603952290684
0.24632407075783644
0.24975762133877807
0.2531083702426856
0.2537190991583279
0.2581547696411375
0.2583861370753321
0.2589320195162592
0.2606751971023751
0.27429053169376383
0.2755287743563094
0.27613452506615965
0.2789140784195669
0.2854770941660674
0.2869208097631078
0.2892554638059075
0.29178513887328805
0.2946170082777307
0.29593668572231135
0.29806825605485937
0.30034544743473535
0.30093969314185903
0.3012919235039862
0.3014573724576461
0.30183314151579627
0.30339335865906175
0.30936453622147236
0.31136881542908407
0.3234465826687896
0.32615859132577085
0.32942166562530706
0.33054123866496365
0.33329810549592576
0.33425523020125825
0.336021858480922
0.3375058941627036
0.34868213735350573
0.35020430825309606
0.3519665803950571
0.35223846429015365
0.3525688152324427
0.353686906211452
0.35407731919782737
0.354389352840808
0.35792246186757476
0.3586187496047358
0.36066371157872157
0.3609886133119675
0.3623263659270929
0.36319394868682414
0.3658236511439786
0.3672552338602256
0.3682150860356117
0.3697091369259231
0.3712646818263504
0.3732967566651222
0.37400721106581836
0.3752593998162014
0.3755883309931163
0.37623686411039337
0.3787208418850095
0.3798027395140778
0.38108565683732226
0.3819824481948046
0.3854989872034814
0.385784975482021
0.39449728034297
0.3957675352672854
0.3960331159751251
0.3977764188813261
0.3986596674402603
0.3988369060269664
0.39912077636738413
0.39940989163515317
0.40017845841884125
0.402561212157122
0.4047969886057146
0.4061700859959049
0.40974065246454183
0.4100430833551595
0.41077805851142335
0.4122844517312866
0.41990018999603074
0.4214848191189449
0.4224299526837067
0.4235271758404027
0.4311243218914276
0.4317696498945742
0.4317696498945742
0.43273624100161323
0.43355945999079176
0.43414241938922477
0.4355596073670295
0.43664940998816987
0.4371908460891313
0.4373016647442926
0.43968558855493317
0.44056002973059355
0.44111682414811626
0.4415997025597737
0.44284929031067716
0.4431498528008455
0.4439404875289921
