0
0
0
0.0002684583845703771
0.0002684583845703771
0.0002684583845703771
0.0002684583845703771
0.0002684583845703771
0.0002684583845703771
0.0002684583845703771
0.0030716086244340435
0.0030716086244340435
0.0037895076101903437
0.0040451873530495735
0.0040451873530495735
0.008222384135201167
0.008222384135201167
0.008222384135201167
0.008222384135201167
0.014053770628125174
0.014053770628125174
0.015981885506840796
0.017105100270304676
0.017105100270304676
0.01868713703127706
0.02397694669653232
0.025898471473976285
0.02795183191927668
0.02795183191927668
0.02795183191927668
0.028061365380368367
0.028061365380368367
0.030022578236122775
0.030022578236122775
0.030376247844405072
0.030376247844405072
0.030376247844405072
0.030376247844405072
0.03240836204111162
0.03240836204111162
0.03240836204111162
0.03539003757776194
0.03539003757776194
0.03539003757776194
0.03539003757776194
0.03539003757776194
0.03539003757776194
0.03539003757776194
0.03539003757776194
0.037069855801230435
0.037069855801230435
0.037069855801230435
0.037069855801230435
0.037069855801230435
0.037069855801230435
0.037069855801230435
0.03878387337158875
0.040698322564797024
0.042528529676754565
0.04329733381165038
0.04329733381165038
0.047072947809830075
0.04970392470298953
0.04970392470298953
0.04970392470298953
0.04970392470298953
0.04970392470298953
0.054512131147384624
0.05777801652560656
0.05777801652560656
0.05951894365148687
0.05951894365148687
0.05951894365148687
0.059838035406175695
0.06301736922899115
0.06301736922899115
0.06301736922899115
0.06301736922899115
0.06585206360458361
0.06585206360458361
0.06585206360458361
0.06585206360458361
0.06897752824415455
0.07238870030395805
0.07238870030395805
0.07238870030395805
0.07832644712297283
0.08706320887146121
0.08844542316985636
0.09574912482010658
0.09652781688070029
0.0983105163281505
0.10253416105358051
0.10253416105358051
0.10281848204607623
0.10281848204607623
0.10281848204607623
0.10434597522417956
0.10606682970136827
0.11001026438400457
0.11040570983826666
0.11130302361715232
0.11130302361715232
0.11161740643690254
0.11225277485811873
0.11225277485811873
0.12381546878234886
0.12427568589577785
0.12427568589577785
0.1277607429357374
0.1315841138777853
0.1332611407175979
0.13649215478363075
0.13823887521251702
0.14027237092074862
0.14027237092074862
0.14210725929025972
0.14552956778775444
0.14627901561705978
0.14627901561705978
0.14654477175574512
0.14654477175574512
0.1479268245789434
0.15410577489344204
0.15583735835545462
0.16742007013817187
0.16782916208443904
0.17147992129318881
0.1730855121168976
0.17626708201092947
0.17757232296067021
0.18000589673507897
0.18278981887274348
0.19363610966519698
0.19518672555934657
0.19518672555934657
0.19571362334556905
0.19571362334556905
0.19571362334556905
0.19625225741384697
0.19625225741384697
0.20147357627525223
0.2031542248857235
0.20525972566723902
0.20525972566723902
0.2072840433509198
0.20820776895976167
0.21078235248553512
0.2117280035089711
0.21292582015725928
0.21472830016978303
0.21472830016978303
0.2169135214547301
0.2178883403160141
0.2178883403160141
0.21849967013677485
0.21849967013677485
0.22251971380097008
0.22464489602715462
0.22683014602298698
0.22683014602298698
0.22941574087550548
0.22941574087550548
0.24040693610945182
0.2420169205420787
0.2420169205420787
0.24399532012411101
0.24399532012411101
0.24420229636200366
0.24458156489041855
0.24494527372441904
0.2459710749193434
0.2459710749193434
0.24911521230958925
0.24911521230958925
0.2550529149514584
0.2555012404087276
0.2555012404087276
0.2555012404087276
0.26672437059457343
0.2686966937238233
0.2699089691996249
0.2711659178984048
0.28219667265911075
0.28237188526873225
0.28237188526873225
0.2839290409325969
0.2839290409325969
0.28519663902593434
0.28519663902593434
0.2867017953466286
0.2873102111544662
0.2874530996701609
0.29089014549812037
0.2918068018370695
0.29267546171831105
0.2932152122472208
0.29493729382114986
0.29522809531421595
0.29634527389942855
