0
0
0
0
0
0
0
0
0
0
0
0
0
0
0
0
0
0
0
0
0
0
0
0
0.00015425977345850413
0.00015425977345850413
0.00015425977345850413
0.00015425977345850413
0.00015425977345850413
0.00015425977345850413
0.0008267369525764719
0.0008267369525764719
0.0008267369525764719
0.0008267369525764719
0.0008267369525764719
0.0008267369525764719
0.0008267369525764719
0.0008267369525764719
0.0008465305882011683
0.0008465305882011683
0.0016179084501224753
0.001659481577253098
0.001659481577253098
0.001659481577253098
0.001659481577253098
0.001659481577253098
0.001659481577253098
0.001659481577253098
0.001659481577253098
0.0022190808183991206
0.0022190808183991206
0.0022190808183991206
0.0022190808183991206
0.0022190808183991206
0.0022190808183991206
0.0022190808183991206
0.0022190808183991206
0.0024947305655347164
0.0024947305655347164
0.0024947305655347164
0.0024947305655347164
0.002782233678480597
0.002992594411436709
0.002992594411436709
0.002992594411436709
0.002992594411436709
0.002992594411436709
0.0055274040502967916
0.006677165895310549
0.006677165895310549
0.006677165895310549
0.008478959706631857
0.009599316799125578
0.010682540585023699
0.01138597241382968
0.01138597241382968
0.012655927177679847
0.012655927177679847
0.016499757435488784
0.016499757435488784
0.017321093122002324
0.017321093122002324
0.020601312849403492
0.020601312849403492
0.020601312849403492
0.021627471035279826
0.027165974614542267
0.03583603381986435
0.038770747940025295
0.043132195330307536
0.044238683629698045
0.04581583743331205
0.049316196555264334
0.05120164774716614
0.05183704627445715
0.05183704627445715
0.05183704627445715
0.05183704627445715
0.053061667583192716
0.055930163129264306
0.05961336492246945
0.06037598093509745
0.06037598093509745
0.060685891443430805
0.060685891443430805
0.060685891443430805
0.07345175300863406
0.07447487559811547
0.07489319801084128
0.07827264150145351
0.08492392634908182
0.08815947320903837
0.09195824723245492
0.09296600579037168
0.09715274251827404
0.09715274251827404
0.09930506558060223
0.10108688581109737
0.10217240704639294
0.10267000420063817
0.1030035997422054
0.1030035997422054
0.10536693837319436
0.11269493016514388
0.11551679165028313
0.12991220820324445
0.13156911334688468
0.13625376594481356
0.13823882211742722
0.141848727626834
0.14327923804960654
0.14524548962882
0.14706296708106703
0.15823464501094153
0.16014604765280993
0.16014604765280993
0.16064248782132398
0.1610298087075093
0.1627638691095554
0.16305970842562875
0.16363110797474126
0.16909208921599023
0.16956189715244144
0.17219675418968083
0.17219675418968083
0.17431368520221716
0.1743268240218034
0.17841057869842286
0.1805289518996154
0.18227660353694847
0.18479279551523803
0.18479279551523803
0.18785468135670685
0.18882515096763908
0.18882515096763908
0.18931909049263299
0.18931909049263299
0.1944487732945596
0.19606378127767243
0.19750549444010404
0.19750549444010404
0.2018168573319237
0.20224074339911763
0.21273232426000016
0.21459912631410952
0.21500059134275612
0.21695737097401047
0.21695737097401047
0.21725261229120982
0.21763240244848595
0.21803545131809268
0.21949339838269852
0.21949339838269852
0.22239701232519252
0.22239701232519252
0.22748534166363224
0.22799395989179955
0.22799395989179955
0.2309078999918523
0.24565116971707804
0.24888141817629209
0.2506153742657348
0.25261721705327383
0.2663084996006063
0.2675317311135407
0.2675317311135407
0.2687518687744316
0.2687518687744316
0.2698842512872196
0.2698842512872196
0.2717515504749266
0.2725195561218855
0.2726721443713672
0.27561425230015746
0.27701473939710514
0.277723368986629
0.27826785627681117
0.28042040748329683
0.2808777102848153
0.28218970037755586
