0 81 47 1.58 [3369, 3401, 3371, 3352] [81, 81, 81, 81]
1 86 96 1.53 [2348, 2359, 2390, 2367, 2346, 2370] [86, 86, 86, 86, 86, 86]
2 53 83 1.43 [3017, 2994, 3034, 3004, 3033] [53, 53, 53, 53, 53]
3 68 53 1.86 [3525, 3541, 3519, 3487] [68, 68, 68, 68]
4 82 45 1.2 [2591, 2579, 2607, 2615, 2570] [82, 82, 82, 82, 82]
5 65 87 1.44 [4195, 4188] [65, 65]
6 65 77 1.23 [2349, 2336, 2391, 2365, 2353, 2385, 2371] [65, 65, 65, 65, 65, 65, 65]
7 87 49 1.86 [4040, 4060, 4039] [87, 87, 87]
8 83 54 1.78 [2257, 2240] [83, 83]
9 96 57 1.42 [3413, 3376, 3365, 3407] [96, 96, 96, 96]
10 78 56 1.27 [12392, 12556, 12551, 12608, 12397] [78, 78, 78, 78, 78]
11 94 56 1.35 [3648, 3626, 3678, 3694, 3630, 3658, 3657] [94, 94, 94, 94, 94, 94, 94]
12 60 50 1.41 [2663, 2700, 2697] [60, 60, 60]
13 76 88 1.74 [15527, 15508, 15559, 15514, 15342] [76, 76, 76, 76, 76]
14 55 76 1.9 [5607, 5625, 5632] [55, 55, 55]
15 67 79 1.71 [3161, 3132, 3158, 3193, 3127, 3124, 3201, 3169, 3130] [67, 67, 67, 67, 67, 67, 67, 67, 67]
16 48 67 1.11 [2235, 2233, 2215, 2194, 2213, 2211, 2231, 2216] [48, 48, 48, 48, 48, 48, 48, 48]
17 73 66 1.9 [6568, 6551, 6605, 6584, 6646, 6519, 6622, 6535] [73, 73, 73, 73, 73, 73, 73, 73]
18 65 84 1.2 [2093, 2108, 2097, 2088, 2063, 2106, 2069, 2078, 2086, 2075] [65, 65, 65, 65, 65, 65, 65, 65, 65, 65]
19 90 63 1.05 [15017, 14753, 15035, 14827, 14778, 14974, 14900, 14772, 14858] [90, 90, 90, 90, 90, 90, 91, 91, 91]
20 83 70 1.2 [19867, 19818, 20081, 19875, 19999, 19884] [83, 83, 83, 83, 81, 81]
21 51 88 1.47 [14860, 14745, 14751, 14836, 14866, 14793, 14659, 14684, 14811] [51, 51, 51, 51, 51, 51, 52, 52, 52]
22 68 52 1.63 [4962, 4986, 4960, 5019] [68, 68, 68, 68]
23 69 96 1.08 [5336, 5235, 5338, 5231, 5272, 5259, 5275] [69, 69, 69, 69, 69, 69, 69]
24 74 72 1.63 [7391, 7436, 7357, 7400, 7397] [74, 74, 74, 74, 74]
25 77 61 1.64 [3266, 3227, 3245, 3242, 3277, 3281] [77, 77, 77, 77, 77, 77]
26 82 75 1.55 [2213, 2208, 2189, 2212, 2176, 2201] [82, 82, 82, 82, 82, 82]
27 71 91 1.6 [4258, 4322, 4292, 4329, 4264] [71, 71, 71, 71, 71]
28 92 70 1.29 [4740, 4730, 4748] [92, 92, 92]
29 51 80 1.94 [8409, 8447, 8298, 8374] [52, 52, 52, 52]
30 57 81 1.44 [4326, 4370, 4346, 4362, 4422, 4389, 4427, 4384, 4416, 4424] [57, 57, 57, 57, 57, 57, 57, 57, 57, 57]
31 93 94 1.05 [2870, 2869, 2909, 2894, 2932, 2896, 2890, 2912, 2914, 2878] [93, 93, 93, 93, 93, 93, 93, 93, 93, 93]
32 94 55 1.79 [2250, 2241, 2283, 2272, 2270, 2288] [94, 94, 94, 94, 94, 94]
33 67 50 1.58 [3174, 3182, 3243, 3207, 3230, 3210] [67, 67, 67, 67, 67, 67]
34 84 73 1.99 [6475, 6556, 6489] [84, 84, 84]
35 97 97 1.56 [2962, 2947, 2940, 2965, 2983, 2943, 2935, 2946] [97, 97, 97, 97, 97, 97, 97, 97]
36 85 85 1.43 [2458, 2447, 2426, 2461, 2480, 2433] [85, 85, 85, 85, 85, 85]
37 64 59 1.18 [2115, 2141, 2104, 2111, 2142, 2096, 2116, 2128, 2136, 2118] [64, 64, 64, 64, 64, 64, 64, 64, 64, 64]
38 49 67 1.5 [7383, 7462, 7453] [49, 49, 49]
39 74 94 1.04 [2917, 2926, 2904] [74, 74, 74]
40 54 77 1.7 [5139, 5197] [54, 54]
41 52 60 1.73 [2259, 2233, 2248, 2254, 2266] [52, 52, 52, 52, 52]
42 51 67 1.53 [10376, 10278, 10359, 10291, 10214, 10393, 10257, 10398] [53, 53, 53, 53, 53, 53, 53, 45]
43 69 89 1.51 [2541, 2573, 2595, 2561, 2574, 2548, 2554, 2558] [69, 69, 69, 69, 69, 69, 69, 69]
44 49 57 1.56 [4857] [49]
45 70 96 1.66 [2077, 2104, 2068, 2098, 2061, 2077, 2076] [70, 70, 70, 70, 70, 70, 70]
46 85 75 1.21 [2424, 2384, 2387, 2429, 2396] [85, 85, 85, 85, 85]
47 84 79 1.42 [4533, 4446, 4459, 4444, 4457, 4552, 4543, 4450, 4524] [84, 84, 84, 84, 84, 84, 84, 84, 84]
48 94 94 1.39 [2298] [94]
49 72 92 1.63 [5435] [72]
50 55 48 1.58 [6079, 6054, 6032, 6089, 6127, 6099, 6104, 6139] [55, 55, 55, 55, 55, 55, 55, 55]
51 90 68 1.14 [5445, 5432, 5486, 5420, 5441] [90, 91, 91, 91, 91]
52 62 50 1.31 [18047, 17846] [62, 62]
53 63 90 1.34 [4872] [63]
54 61 85 1.88 [3953, 3885, 3945] [61, 61, 61]
55 48 83 1.22 [2128] [48]
56 54 64 1.85 [12248, 11983, 12093] [54, 54, 54]
57 78 87 1.48 [6301, 6237, 6191, 6265, 6186, 6165, 6227, 6260] [78, 78, 78, 78, 78, 79, 79, 79]
58 54 73 1.71 [5329, 5353, 5375] [54, 54, 54]
59 75 54 1.6 [2109, 2121, 2097] [75, 75, 75]
60 58 76 1.66 [3976, 3984, 3953, 3935, 3911, 3963, 3929, 3973, 3983, 3909] [58, 58, 58, 58, 58, 58, 58, 58, 58, 58]
61 48 74 1.34 [2131, 2105, 2124, 2137, 2145, 2146, 2107, 2141, 2143] [48, 48, 48, 48, 48, 48, 48, 48, 48]
62 47 53 1.01 [2086, 2075, 2099, 2088, 2108, 2093] [47, 47, 47, 47, 47, 47]
63 87 91 1.96 [2233, 2226, 2219, 2252, 2216, 2253, 2245, 2231] [87, 87, 87, 87, 87, 87, 87, 87]
64 79 89 1.69 [4132, 4070, 4144, 4095] [79, 79, 79, 79]
65 58 77 1.69 [4678, 4605, 4590, 4647, 4670, 4672, 4600] [58, 58, 58, 58, 58, 58, 58]
66 83 82 1.08 [4085, 4045, 4127, 4058, 4036, 4136, 4055] [83, 83, 81, 81, 81, 81, 81]
67 87 55 1.64 [3057, 3054, 3077, 3051] [87, 87, 87, 87]
68 54 48 1.36 [3685] [54]
69 88 63 1.78 [3771, 3807, 3837, 3795, 3812, 3782, 3848, 3777, 3858, 3809] [88, 88, 88, 88, 88, 88, 88, 88, 88, 88]
70 50 52 1.88 [3591, 3550] [50, 50]
71 79 50 1.73 [3959, 3949, 3993, 3990, 3909] [79, 79, 79, 79, 79]
72 71 52 1.86 [7207, 7302, 7135, 7216] [71, 71, 71, 71]
73 74 85 1.5 [4324, 4353, 4366, 4307, 4341, 4308, 4316] [74, 74, 74, 74, 74, 74, 74]
74 75 76 1.41 [4435, 4381, 4399, 4417, 4332, 4388, 4392, 4372, 4403] [75, 75, 75, 75, 75, 75, 75, 75, 75]
75 90 97 1.19 [3560, 3582, 3541, 3575] [90, 91, 91, 91]
76 94 98 1.57 [2053] [94]
77 55 71 1.77 [2806] [55]
78 74 65 1.25 [2090] [74]
79 88 76 1.36 [3526, 3531, 3500, 3492, 3470, 3482, 3549] [88, 88, 88, 88, 88, 88, 88]
80 47 54 1.67 [5262, 5316, 5345, 5375] [47, 47, 47, 47]
81 75 94 1.36 [7579, 7648, 7666, 7632, 7560, 7613, 7657, 7551, 7679] [75, 75, 75, 75, 75, 75, 76, 77, 77]
82 48 51 1.73 [3685, 3708, 3679, 3684, 3672, 3645] [48, 48, 48, 48, 48, 48]
83 55 82 1.76 [2437, 2424, 2471, 2462, 2452] [55, 55, 55, 55, 55]
84 91 94 1.74 [2124, 2106, 2100] [91, 91, 91]
85 70 52 1.8 [3205, 3177, 3201, 3136] [70, 70, 70, 70]
86 76 97 1.55 [13537, 13392, 13637, 13626, 13687] [77, 77, 77, 77, 72]
87 87 84 1.25 [5921, 5965, 5958] [87, 87, 87]
88 90 80 1.43 [2452, 2451, 2437, 2439] [91, 91, 91, 91]
89 91 89 1.37 [11596, 11648, 11610] [92, 92, 92]
90 57 96 1.86 [4397] [57]
91 88 78 1.19 [6120, 6067] [88, 88]
92 85 88 1.61 [4143, 4155, 4133, 4135] [85, 85, 85, 85]
93 81 65 1.5 [2892, 2870, 2835, 2882, 2888, 2858, 2840, 2851, 2852, 2857] [81, 81, 81, 81, 81, 81, 81, 82, 82, 82]
94 77 51 1.52 [3311, 3295] [77, 75]
95 51 91 1.25 [2169, 2142, 2157, 2147, 2173, 2134] [51, 52, 53, 53, 53, 45]
96 67 94 1.64 [15155, 14907, 15248] [67, 67, 66]
97 45 93 1.65 [7722, 7785, 7602, 7630, 7719, 7624, 7681] [45, 45, 45, 45, 45, 45, 45]
98 60 75 1.18 [3570, 3572, 3535, 3582, 3524, 3569] [60, 60, 60, 60, 60, 60]
99 48 73 1.83 [6138] [48]
100 48 47 1.88 [3424, 3422, 3401, 3441, 3428, 3425, 3435] [48, 48, 48, 48, 48, 48, 48]
101 68 63 1.47 [4562, 4528, 4626, 4551, 4605, 4554] [68, 68, 68, 68, 68, 68]
102 86 67 1.56 [6131, 6091, 6081, 6103, 6098] [86, 86, 86, 86, 86]
103 70 55 1.16 [2722, 2690, 2739, 2678, 2710, 2732, 2735, 2742, 2704] [70, 70, 70, 70, 70, 70, 70, 70, 70]
104 72 62 1.91 [2345, 2389, 2379] [72, 72, 72]
105 55 81 1.56 [4079] [55]
106 63 67 1.76 [20207, 19886, 19787, 19853, 20092] [63, 63, 63, 63, 64]
107 96 67 1.65 [11132, 11192, 11293, 11219, 11261, 11334, 11228, 11242, 11141, 11224] [96, 96, 96, 96, 96, 96, 96, 97, 97, 97]
108 88 63 1.51 [2120, 2128, 2133, 2097, 2115, 2113] [88, 88, 88, 88, 88, 88]
109 75 76 1.98 [2771, 2704, 2730, 2723, 2746, 2766, 2751, 2738] [76, 72, 72, 72, 72, 72, 72, 72]
110 56 97 1.8 [9937, 9908, 10003, 9896, 9851, 9912, 9855] [56, 56, 56, 56, 56, 56, 56]
111 50 51 1.44 [11706, 11749, 11773] [50, 50, 50]
112 56 94 1.01 [13815, 13941, 13770, 13832, 13918, 13781, 13924, 13975, 13964] [56, 54, 57, 57, 57, 58, 59, 59, 59]
113 52 55 1.35 [2835, 2853, 2824, 2865, 2878, 2856, 2863, 2830] [45, 45, 45, 45, 45, 45, 45, 45]
114 46 80 1.18 [2791, 2755, 2759, 2784, 2794, 2807, 2802, 2770, 2790] [46, 46, 46, 46, 46, 46, 46, 46, 46]
115 64 48 1.17 [3192, 3216, 3209, 3138, 3178, 3174, 3172] [64, 64, 64, 64, 64, 64, 64]
116 83 81 1.64 [5082] [82]
117 82 55 1.41 [7791, 7810, 7833, 7785, 7765, 7737, 7756, 7797, 7733, 7762] [82, 82, 82, 82, 82, 82, 82, 84, 84, 84]
118 81 82 1.58 [2112] [81]
119 54 45 1.28 [2304, 2299] [54, 54]
120 91 48 1.37 [10836] [92]
121 58 56 1.58 [4874, 4882, 4830, 4788] [58, 58, 57, 59]
122 63 54 1.79 [13009, 12907, 13160, 12923, 13042, 12902, 12982, 13106] [64, 65, 65, 65, 66, 66, 66, 66]
123 56 76 1.48 [7855] [56]
124 63 47 1.08 [3034, 3003, 3009, 3068, 3054, 3044, 3052, 3064, 3013] [64, 64, 65, 66, 66, 66, 66, 66, 66]
125 53 47 1.68 [8443] [46]
126 64 95 1.37 [3304, 3305, 3330, 3331, 3277, 3285, 3274, 3326, 3253] [66, 67, 67, 67, 68, 68, 68, 68, 68]
127 80 79 1.23 [2023, 2047] [80, 80]
128 79 89 1.27 [2983, 2984, 3005, 3026, 3033, 3017, 3004, 3051, 2993] [79, 79, 79, 79, 79, 79, 79, 79, 79]
129 55 67 1.1 [18498, 18544, 18413, 18697, 18536, 18751] [59, 59, 60, 60, 60, 61]
130 45 77 1.75 [2716, 2722, 2753, 2776, 2775, 2714] [45, 46, 46, 46, 46, 46]
131 62 59 1.02 [3017, 3048, 3044, 3028, 3004] [62, 62, 62, 62, 62]
132 87 90 1.83 [4157, 4189, 4138, 4183, 4125, 4169, 4090] [87, 87, 87, 87, 87, 87, 87]
133 87 53 1.96 [2770, 2790, 2804, 2781, 2765, 2774] [87, 87, 88, 88, 88, 89]
134 89 51 1.23 [3479, 3510, 3532, 3476, 3470, 3502, 3530, 3487, 3450] [89, 89, 89, 89, 89, 89, 89, 89, 89]
135 96 49 1.77 [2549, 2542, 2544, 2563] [97, 97, 97, 97]
136 68 51 1.74 [5607, 5517, 5605, 5520, 5513, 5570, 5545, 5612, 5639, 5591] [68, 68, 68, 69, 69, 69, 69, 69, 69, 70]
137 87 72 1.27 [9603] [89]
138 51 96 1.8 [2494, 2489] [45, 46]
139 93 69 1.96 [5224, 5157, 5183, 5239, 5172, 5175] [93, 93, 93, 93, 93, 93]
140 73 98 1.67 [2312, 2283, 2278, 2292, 2269, 2319] [73, 73, 73, 73, 73, 73]
141 53 72 1.37 [2335, 2345, 2347] [46, 46, 46]
142 96 96 1.87 [2762, 2783, 2753, 2756, 2745, 2731, 2752, 2779, 2767, 2723] [97, 97, 97, 97, 97, 97, 97, 97, 97, 98]
143 61 48 1.54 [2353, 2377] [61, 61]
144 91 59 1.12 [2726] [91]
145 71 70 1.71 [5400, 5290] [71, 71]
146 72 64 1.23 [2112, 2110, 2119, 2129, 2124, 2118, 2140] [72, 72, 72, 72, 72, 72, 72]
147 46 83 1.17 [2503, 2501, 2539, 2508] [46, 46, 46, 46]
148 83 62 1.94 [7239, 7192, 7248, 7287, 7135, 7254, 7269, 7227, 7150] [84, 85, 85, 85, 85, 85, 85, 86, 86]
149 93 81 1.26 [2510, 2498, 2517, 2501, 2495, 2499, 2493] [93, 93, 93, 93, 93, 93, 93]
150 80 98 1.54 [2528] [80]
151 93 89 1.9 [3572] [93]
152 93 60 1.6 [2077, 2102] [93, 93]
153 86 90 1.11 [5353, 5307, 5362] [86, 86, 86]
154 68 84 1.17 [9716] [70]
155 74 60 1.68 [2343, 2336] [74, 74]
156 60 76 1.18 [2210, 2238, 2216] [60, 60, 60]
157 49 74 1.81 [2080, 2121] [49, 49]
158 89 94 1.07 [13290, 13154, 13024, 13208, 13306, 13203, 13073, 13257] [89, 89, 89, 89, 86, 46, 46, 47]
159 93 94 1.12 [2270, 2267, 2258, 2255, 2238, 2226, 2247, 2232, 2235, 2228] [93, 93, 93, 93, 94, 94, 94, 94, 94, 94]
160 77 79 1.44 [2503, 2528, 2504, 2513, 2510, 2523, 2494, 2518, 2535] [72, 72, 72, 72, 72, 72, 72, 72, 72]
161 94 45 1.27 [2944, 2984, 2968, 2960, 2970] [94, 94, 94, 94, 94]
162 49 64 1.78 [2402, 2355, 2352] [49, 49, 49]
163 69 85 1.25 [2682] [69]
164 98 61 1.4 [7659, 7655] [98, 98]
165 61 91 1.35 [6634, 6705, 6592, 6722, 6642, 6631, 6645] [61, 61, 61, 61, 61, 61, 61]
166 60 46 1.93 [2466, 2474, 2483, 2497] [60, 60, 61, 61]
167 52 67 1.98 [9288, 9307] [47, 47]
168 80 90 1.69 [8300, 8303] [80, 80]
169 72 93 1.79 [3352] [72]
170 67 66 1.61 [2027, 2033] [67, 64]
171 81 77 1.44 [2126, 2103, 2144, 2115, 2139, 2098, 2108, 2101] [82, 83, 84, 85, 85, 85, 86, 86]
172 53 89 1.27 [6471, 6427, 6416, 6458, 6366] [47, 47, 47, 49, 49]
173 87 51 1.89 [3378, 3427, 3350, 3399] [47, 48, 49, 49]
174 72 52 1.49 [2295, 2257, 2282, 2250, 2249, 2279] [72, 72, 73, 73, 73, 73]
175 89 75 1.92 [5088, 5085, 5121, 5109, 5174] [49, 49, 49, 49, 49]
176 48 81 1.84 [3065, 3071, 3085, 3058, 3066, 3028, 3074, 3051, 3040, 3069] [49, 49, 49, 50, 50, 50, 50, 50, 50, 50]
177 97 96 1.18 [5481, 5521, 5496, 5427] [98, 98, 98, 98]
178 49 57 1.33 [2204, 2191, 2205, 2225, 2235, 2194, 2235, 2190] [49, 50, 50, 50, 50, 50, 50, 50]
179 88 79 1.53 [2076, 2067, 2082, 2095, 2111, 2102, 2079, 2093, 2111, 2069] [47, 50, 50, 50, 50, 50, 50, 50, 54, 54]
180 94 74 1.65 [2210, 2183, 2195, 2215, 2193] [94, 94, 94, 94, 94]
181 97 95 1.1 [2156, 2153, 2148, 2151, 2177, 2165] [98, 98, 98, 98, 98, 98]
182 55 68 1.82 [4970] [55]
183 97 58 1.57 [8265] [98]
184 58 82 1.42 [2948] [59]
185 71 45 1.29 [2153, 2195, 2196, 2165, 2192, 2177, 2201] [71, 71, 71, 71, 71, 71, 71]
186 56 78 1.04 [4505, 4576, 4585, 4522, 4580, 4531, 4568, 4529, 4559] [55, 59, 59, 61, 61, 62, 62, 62, 62]
187 79 75 1.08 [2409, 2405] [79, 79]
188 59 98 1.01 [4476] [62]
189 71 65 1.28 [4419, 4385, 4390, 4372, 4352, 4379, 4403, 4322] [71, 71, 71, 70, 70, 70, 70, 70]
190 93 79 1.49 [2398, 2397, 2394, 2409, 2429, 2385, 2421, 2399] [94, 94, 94, 94, 94, 94, 95, 95]
191 88 62 1.16 [13814, 14073, 14062] [62, 73, 80]
192 67 60 1.98 [2130, 2083, 2113, 2100, 2084, 2103, 2088, 2111, 2080, 2124] [69, 70, 70, 70, 71, 71, 62, 62, 62, 73]
193 92 76 1.1 [10299, 10265, 10131, 10152, 10269, 10189, 10177, 10105, 10286] [92, 92, 92, 95, 95, 95, 95, 95, 95]
194 93 79 1.21 [3319, 3365, 3339, 3366, 3330, 3317, 3326, 3362] [95, 95, 95, 95, 95, 95, 95, 95]
195 72 82 1.34 [4602, 4542, 4611, 4568, 4544, 4566, 4578, 4510, 4527, 4518] [74, 74, 79, 79, 80, 80, 80, 80, 80, 80]
196 97 63 1.85 [2295, 2295] [98, 98]
197 49 72 1.78 [2317, 2318, 2320, 2290, 2311, 2316, 2301] [73, 74, 75, 78, 80, 80, 80]
198 93 55 1.64 [4112, 4131, 4160] [95, 92, 98]
199 89 70 1.88 [6794, 6847, 6822, 6842, 6907] [80, 80, 80, 98, 98]
