0 81 47 3.32 [3317, 3573, 3340, 3184] [45, 47, 46, 48]
1 86 96 3.09 [2141, 2227, 2477, 2290, 2126, 2313] [51, 50, 49, 52, 47, 46]
2 53 83 2.69 [2971, 2792, 3110, 2871, 3100] [50, 51, 53, 52, 54]
3 68 53 4.45 [3461, 3589, 3415, 3159] [55, 48, 56, 46]
4 82 45 1.78 [2589, 2495, 2716, 2784, 2427] [60, 58, 59, 57, 61]
5 65 87 2.75 [4276, 4221] [62, 63]
6 65 77 1.9 [2218, 2117, 2552, 2342, 2249, 2506, 2397] [57, 58, 64, 59, 60, 65, 61]
7 87 49 4.43 [3920, 4080, 3907] [45, 66, 49]
8 83 54 4.11 [2216, 2082] [67, 50]
9 96 57 2.66 [3498, 3207, 3118, 3453] [68, 51, 52, 69]
10 78 56 2.07 [11518, 12834, 12793, 13245, 11559] [46, 45, 70, 49, 48]
11 94 56 2.39 [3433, 3264, 3675, 3808, 3288, 3518, 3506] [57, 58, 64, 71, 59, 60, 61]
12 60 50 2.62 [2584, 2883, 2856] [65, 72, 73]
13 76 88 3.95 [15470, 15316, 15725, 15368, 13989] [74, 75, 49, 76, 47]
14 55 76 4.6 [5473, 5620, 5676] [53, 78, 77]
15 67 79 3.81 [3104, 2875, 3083, 3364, 2833, 2812, 3426, 3166, 2854] [50, 51, 52, 79, 54, 45, 46, 47, 57]
16 48 67 1.44 [2354, 2340, 2194, 2026, 2179, 2165, 2325, 2201] [80, 81, 82, 83, 84, 85, 86, 87]
17 73 66 4.6 [6430, 6300, 6733, 6559, 7057, 6040, 6862, 6170] [53, 50, 55, 54, 88, 46, 67, 52]
18 65 84 1.79 [2104, 2221, 2131, 2062, 1863, 2207, 1904, 1980, 2042, 1959] [80, 89, 81, 82, 83, 90, 84, 85, 86, 87]
19 90 63 1.19 [15649, 13539, 15796, 14128, 13735, 15305, 14716, 13686, 14373] [92, 80, 91, 81, 82, 89, 83, 84, 85]
20 83 70 1.77 [18524, 18128, 20238, 18590, 19579, 18656] [56, 58, 93, 62, 72, 63]
21 51 88 2.86 [15358, 14435, 14483, 15164, 15407, 14824, 13754, 13949, 14969] [96, 64, 65, 95, 94, 68, 55, 59, 90]
22 68 52 3.51 [4857, 5054, 4841, 5315] [60, 69, 61, 97]
23 69 96 1.29 [5590, 4789, 5608, 4754, 5085, 4981, 5103] [80, 82, 84, 81, 86, 87, 98]
24 74 72 3.52 [7278, 7643, 7010, 7351, 7327] [66, 73, 69, 71, 79]
25 77 61 3.56 [3375, 3066, 3204, 3183, 3461, 3493] [51, 57, 86, 91, 87, 98]
26 82 75 3.16 [2318, 2282, 2130, 2311, 2022, 2224] [92, 85, 80, 89, 81, 83]
27 71 91 3.39 [3845, 4356, 4115, 4413, 3888] [51, 87, 57, 98, 83]
28 92 70 2.13 [4475, 4396, 4538] [89, 85, 92]
29 51 80 4.75 [8450, 8754, 7567, 8174] [77, 97, 50, 66]
30 57 81 2.76 [3907, 4252, 4065, 4195, 4670, 4411, 4714, 4368, 4627, 4685] [51, 80, 81, 82, 84, 85, 45, 86, 89, 91]
31 93 94 1.2 [2609, 2599, 2924, 2800, 3105, 2819, 2771, 2943, 2962, 2675] [51, 80, 81, 82, 84, 85, 45, 86, 89, 91]
32 94 55 4.16 [2091, 2024, 2360, 2270, 2255, 2397] [80, 91, 81, 86, 92, 82]
33 67 50 3.32 [2885, 2949, 3435, 3149, 3329, 3170] [80, 91, 86, 81, 92, 82]
34 84 73 4.95 [6245, 6887, 6352] [54, 78, 67]
35 97 97 3.24 [2874, 2757, 2698, 2903, 3040, 2727, 2659, 2747] [82, 57, 84, 85, 86, 89, 91, 92]
36 85 85 2.72 [2463, 2374, 2205, 2487, 2640, 2261] [80, 85, 81, 86, 92, 98]
37 64 59 1.71 [2046, 2255, 1962, 2018, 2262, 1899, 2060, 2150, 2220, 2074] [51, 82, 87, 83, 86, 84, 45, 92, 98, 57]
38 49 67 2.97 [7185, 7818, 7745] [48, 70, 60]
39 74 94 1.15 [2940, 3016, 2834] [86, 92, 89]
40 54 77 3.79 [5002, 5459] [87, 61]
41 52 60 3.89 [2335, 2128, 2246, 2298, 2394] [81, 51, 80, 91, 85]
42 51 67 3.09 [10487, 9704, 10351, 9806, 9193, 10623, 9534, 10657] [71, 61, 69, 98, 56, 79, 60, 73]
43 69 89 3.05 [2332, 2585, 2763, 2492, 2594, 2391, 2433, 2467] [86, 57, 82, 83, 84, 51, 50, 92]
44 49 57 3.24 [4428] [57]
45 70 96 3.62 [1997, 2216, 1928, 2168, 1873, 2004, 1990] [80, 81, 92, 85, 89, 91, 83]
46 85 75 1.83 [2546, 2230, 2254, 2586, 2325] [84, 82, 86, 51, 91]
47 84 79 2.68 [4711, 4015, 4119, 4000, 4104, 4859, 4785, 4045, 4637] [83, 91, 80, 81, 51, 89, 49, 92, 85]
48 94 94 2.55 [2349] [84]
49 72 92 3.5 [5446] [87]
50 55 48 3.32 [5846, 5645, 5464, 5926, 6227, 6006, 6047, 6328] [70, 57, 72, 51, 62, 58, 48, 63]
51 90 68 1.56 [5077, 4969, 5402, 4878, 5041] [82, 83, 84, 80, 86]
52 62 50 2.24 [18032, 16430] [88, 52]
53 63 90 2.34 [4896] [89]
54 61 85 4.51 [4074, 3531, 4010] [93, 62, 87]
55 48 83 1.85 [1997] [81]
56 54 64 4.37 [12937, 10821, 11699] [78, 53, 54]
57 78 87 2.92 [6655, 6142, 5772, 6368, 5731, 5567, 6060, 6327] [45, 58, 48, 47, 57, 63, 83, 93]
58 54 73 3.81 [5124, 5318, 5494] [62, 72, 70]
59 75 54 3.37 [2082, 2180, 1992] [85, 92, 91]
60 58 76 3.62 [4143, 4208, 3961, 3819, 3624, 4039, 3767, 4117, 4195, 3611] [86, 87, 81, 82, 80, 89, 85, 84, 91, 92]
61 48 74 2.34 [2124, 1913, 2060, 2166, 2236, 2243, 1927, 2201, 2215] [80, 63, 93, 83, 85, 86, 57, 82, 92]
62 47 53 1.04 [2042, 1953, 2145, 2062, 2221, 2104] [45, 48, 72, 46, 85, 92]
63 87 91 4.84 [2186, 2128, 2069, 2334, 2047, 2341, 2282, 2172] [58, 83, 87, 89, 86, 91, 92, 70]
64 79 89 3.73 [4271, 3771, 4365, 3973] [63, 72, 93, 62]
65 58 77 3.75 [4888, 4308, 4185, 4644, 4827, 4842, 4262] [45, 48, 57, 46, 70, 87, 58]
66 83 82 1.29 [4023, 3700, 4359, 3808, 3633, 4427, 3781] [91, 80, 82, 84, 92, 81, 85]
67 87 55 3.53 [2940, 2919, 3101, 2889] [83, 51, 86, 89]
68 54 48 2.43 [3533] [93]
69 88 63 4.11 [3428, 3716, 3955, 3616, 3754, 3515, 4043, 3478, 4118, 3729] [84, 57, 48, 47, 58, 63, 72, 87, 62, 70]
70 50 52 4.51 [3772, 3444] [45, 51]
71 79 50 3.9 [3978, 3900, 4251, 4225, 3575] [83, 72, 63, 93, 62]
72 71 52 4.41 [7014, 7774, 6443, 7085] [71, 67, 61, 73]
73 74 85 2.98 [4133, 4362, 4462, 3990, 4262, 4004, 4062] [81, 85, 89, 82, 86, 80, 91]
74 75 76 2.62 [4735, 4302, 4446, 4590, 3912, 4359, 4388, 4229, 4475] [48, 56, 58, 45, 79, 57, 87, 92, 70]
75 90 97 1.74 [3444, 3621, 3291, 3562] [51, 84, 93, 98]
76 94 98 3.27 [1866] [83]
77 55 71 4.08 [2608] [60]
78 74 65 1.99 [1937] [72]
79 88 76 2.41 [3584, 3619, 3376, 3307, 3133, 3226, 3769] [62, 63, 79, 81, 86, 91, 69]
80 47 54 3.66 [4844, 5281, 5509, 5754] [56, 70, 60, 98]
81 75 94 2.41 [7420, 7969, 8119, 7844, 7270, 7694, 8044, 7195, 8219] [48, 69, 72, 45, 51, 87, 49, 58, 79]
82 48 51 3.9 [3651, 3833, 3602, 3639, 3541, 3323] [57, 83, 89, 93, 82, 80]
83 55 82 4.04 [2279, 2182, 2554, 2481, 2400] [62, 63, 84, 85, 92]
84 91 94 3.94 [2219, 2080, 2032] [85, 86, 81]
85 70 52 4.17 [3412, 3193, 3381, 2859] [98, 91, 56, 60]
86 76 97 3.2 [13409, 12251, 14211, 14122, 14612] [64, 55, 95, 94, 77]
87 87 84 1.98 [5503, 5857, 5798] [90, 65, 59]
88 90 80 2.7 [2400, 2392, 2279, 2295] [89, 92, 62, 93]
89 91 89 2.45 [12051, 12467, 12164] [71, 96, 68]
90 57 96 4.41 [4545] [70]
91 88 78 1.75 [6325, 5904] [73, 88]
92 85 88 3.42 [4329, 4424, 4248, 4261] [52, 61, 57, 63]
93 81 65 2.97 [3095, 2917, 2644, 3020, 3067, 2822, 2681, 2766, 2775, 2813] [80, 52, 56, 60, 83, 98, 86, 46, 82, 84]
94 77 51 3.07 [3126, 2994] [67, 93]
95 51 91 2.0 [2254, 2041, 2155, 2077, 2282, 1971] [62, 91, 81, 85, 69, 79]
96 67 94 3.56 [15577, 13593, 16321] [66, 50, 97]
97 45 93 3.59 [7826, 8333, 6864, 7092, 7801, 7041, 7497] [59, 65, 79, 69, 90, 61, 67]
98 60 75 1.69 [3639, 3651, 3358, 3733, 3265, 3627] [58, 50, 48, 47, 56, 46]
99 48 73 4.3 [6274] [88]
100 48 47 4.5 [3431, 3419, 3251, 3566, 3464, 3442, 3521] [51, 87, 63, 72, 98, 60, 45]
101 68 63 2.86 [4400, 4129, 4912, 4310, 4746, 4340] [62, 83, 73, 92, 89, 70]
102 86 67 3.24 [6231, 5910, 5829, 6010, 5970] [46, 45, 98, 93, 52]
103 70 55 1.61 [2759, 2500, 2893, 2411, 2661, 2839, 2866, 2920, 2616] [57, 80, 81, 56, 82, 84, 85, 86, 91]
104 72 62 4.61 [2132, 2483, 2397] [48, 60, 72]
105 55 81 3.21 [4099] [96]
106 63 67 4.04 [21401, 18833, 18042, 18569, 20479] []
107 96 67 3.59 [10509, 10989, 11800, 11210, 11542, 12132, 11284, 11394, 10583, 11247] [55, 59, 68, 65, 77, 94, 67, 90, 64, 95]
108 88 63 3.01 [2088, 2150, 2192, 1906, 2046, 2032] [73, 58, 63, 84, 87, 51]
109 75 76 4.91 [2966, 2434, 2641, 2578, 2768, 2930, 2804, 2704] [56, 69, 70, 61, 71, 88, 57, 60]
110 56 97 4.19 [9728, 9499, 10252, 9401, 9040, 9532, 9073] [75, 88, 96, 76, 90, 53, 73]
111 50 51 2.75 [11696, 12043, 12235] [52, 71, 79]
112 56 94 1.02 [13164, 14170, 12798, 13301, 13987, 12890, 14032, 14444, 14352] [46, 45, 72, 60, 61, 62, 69, 98, 56]
113 52 55 2.37 [2651, 2802, 2567, 2896, 2999, 2820, 2877, 2614] [63, 82, 58, 51, 81, 86, 48, 85]
114 46 80 1.72 [2813, 2529, 2556, 2758, 2840, 2941, 2904, 2648, 2803] [80, 70, 83, 84, 87, 89, 91, 92, 93]
115 64 48 1.67 [3254, 3442, 3390, 2825, 3138, 3107, 3097] []
116 83 81 3.56 [5382] [63]
117 82 55 2.63 [7740, 7894, 8073, 7688, 7535, 7304, 7458, 7791, 7278, 7509] [87, 57, 58, 52, 74, 55, 53, 48, 51, 93]
118 81 82 3.29 [2213] [83]
119 54 45 2.09 [2282, 2244] [82, 81]
120 91 48 2.48 [11014] [95]
121 58 56 3.3 [5010, 5074, 4659, 4324] [65, 70, 68, 64]
122 63 54 4.15 [12623, 11807, 13825, 11936, 12881, 11764, 12408, 13396] [66, 77, 74, 75, 76, 78, 97, 54]
123 56 76 2.91 [7758] [67]
124 63 47 1.32 [2970, 2720, 2770, 3240, 3130, 3050, 3110, 3210, 2800] [80, 81, 83, 84, 85, 86, 89, 91, 92]
125 53 47 3.69 [7698] [94]
126 64 95 2.48 [3339, 3350, 3545, 3556, 3122, 3187, 3101, 3513, 2927] [59, 63, 71, 79, 82, 86, 91, 96, 85]
127 80 79 1.91 [1962, 2156] [80, 89]
128 79 89 2.08 [2702, 2712, 2881, 3050, 3100, 2971, 2871, 3249, 2782] []
129 55 67 1.38 [17410, 17777, 16735, 19003, 17716, 19433] []
130 45 77 3.99 [2468, 2514, 2767, 2948, 2938, 2450] [65, 64, 68, 59, 70, 84]
131 62 59 1.08 [3014, 3262, 3232, 3103, 2915] [71, 47, 46, 73, 79]
132 87 90 4.29 [4213, 4472, 4063, 4418, 3954, 4309, 3681] [55, 88, 61, 96, 68, 90, 59]
133 87 53 4.84 [2671, 2836, 2946, 2763, 2635, 2708] [93, 64, 69, 83, 65, 60]
134 89 51 1.91 [3345, 3598, 3770, 3322, 3276, 3529, 3759, 3414, 3115] [73, 67, 92, 53, 57, 52, 94, 50, 48]
135 96 49 4.08 [2369, 2310, 2327, 2479] [58, 51, 87, 81]
136 68 51 3.96 [5731, 5015, 5713, 5033, 4978, 5437, 5235, 5768, 5988, 5602] [79, 46, 64, 55, 65, 52, 71, 50, 95, 98]
137 87 72 2.05 [9595] [47]
138 51 96 4.19 [2628, 2587] [82, 63]
139 93 69 4.84 [5280, 4748, 4954, 5400, 4868, 4885] [68, 56, 53, 96, 90, 88]
140 73 98 3.64 [2402, 2176, 2131, 2244, 2063, 2463] [91, 80, 69, 86, 89, 70]
141 53 72 2.46 [2346, 2423, 2446] [60, 59, 72]
142 96 96 4.48 [2807, 2979, 2735, 2762, 2671, 2563, 2726, 2943, 2852, 2499] [61, 62, 85, 73, 78, 83, 84, 94, 67, 93]
143 61 48 3.16 [2180, 2368] [58, 51]
144 91 59 1.45 [2801] [59]
145 71 70 3.82 [5765, 4886] [75, 74]
146 72 64 1.89 [2025, 2011, 2081, 2157, 2122, 2074, 2248] [81, 63, 48, 47, 70, 87, 69]
147 46 83 1.66 [2282, 2265, 2573, 2324] [60, 57, 76, 78]
148 83 62 4.76 [7317, 6936, 7388, 7697, 6485, 7435, 7554, 7222, 6604] []
149 93 81 2.01 [2522, 2431, 2580, 2456, 2407, 2440, 2390] [65, 96, 73, 89, 94, 97, 67]
150 80 98 3.16 [2282] [50]
151 93 89 4.6 [3507] [54]
152 93 60 3.37 [1961, 2161] [53, 72]
153 86 90 1.43 [5349, 4979, 5419] [78, 95, 76]
154 68 84 1.65 [9680] [97]
155 74 60 3.69 [2442, 2381] [64, 61]
156 60 76 1.7 [2041, 2269, 2092] [68, 88, 86]
157 49 74 4.22 [1897, 2229] [55, 90]
158 89 94 1.25 [13999, 12916, 11876, 13349, 14129, 13306, 12266, 13739] []
159 93 94 1.45 [2423, 2401, 2327, 2305, 2165, 2069, 2239, 2120, 2143, 2084] [59, 94, 71, 80, 82, 69, 91, 92, 66, 98]
160 77 79 2.75 [2458, 2656, 2466, 2532, 2507, 2615, 2384, 2573, 2714] [67, 50, 77, 74, 53, 46, 56, 79, 49]
161 94 45 2.05 [2702, 3025, 2897, 2829, 2907] [65, 75, 96, 93, 73]
162 49 64 4.09 [2544, 2168, 2145] [62, 58, 60]
163 69 85 1.97 [2579] [87]
164 98 61 2.6 [7915, 7890] [66, 54]
165 61 91 2.37 [6263, 6834, 5933, 6966, 6329, 6241, 6351] [53, 68, 55, 74, 64, 75, 76]
166 60 46 4.71 [2220, 2277, 2351, 2466] [51, 70, 90, 88]
167 52 67 4.9 [9360, 9512] []
168 80 90 3.75 [8078, 8105] [77, 78]
169 72 93 4.16 [3464] [94]
170 67 66 3.41 [1984, 2031] [83, 63]
171 81 77 2.76 [2136, 1955, 2283, 2053, 2241, 1913, 1997, 1934] []
172 53 89 2.07 [6854, 6495, 6411, 6748, 6010] []
173 87 51 4.55 [3278, 3668, 3055, 3445] [59, 71, 48, 47]
174 72 52 2.96 [2398, 2091, 2293, 2039, 2031, 2271] [61, 50, 84, 57, 67, 46]
175 89 75 4.65 [4714, 4697, 4984, 4883, 5406] [65, 69, 73, 88, 96]
176 48 81 4.33 [3018, 3069, 3180, 2958, 3028, 2726, 3089, 2907, 2817, 3049] [56, 72, 79, 85, 90, 50, 95, 81, 60, 98]
177 97 96 1.71 [5445, 5769, 5571, 5012] []
178 49 57 2.32 [2119, 2017, 2134, 2294, 2366, 2039, 2374, 2010] [61, 63, 82, 89, 86, 92, 67, 91]
179 88 79 3.1 [1966, 1891, 2014, 2117, 2241, 2172, 1987, 2104, 2248, 1911] [80, 51, 59, 62, 94, 93, 46, 58, 70, 87]
180 94 74 3.59 [2284, 2067, 2161, 2320, 2147] []
181 97 95 1.37 [2136, 2114, 2072, 2093, 2306, 2207] [97, 71, 49, 83, 47, 95]
182 55 68 4.25 [5221] []
183 97 58 3.26 [8518] []
184 58 82 2.65 [2903] [74]
185 71 45 2.13 [1944, 2274, 2282, 2038, 2253, 2131, 2325] []
186 56 78 1.13 [4214, 4781, 4856, 4348, 4811, 4423, 4722, 4408, 4647] []
187 79 75 1.31 [2210, 2178] [54, 90]
188 59 98 1.01 [4652] []
189 71 65 2.1 [4717, 4444, 4487, 4343, 4185, 4401, 4588, 3941] []
190 93 79 2.94 [2355, 2347, 2323, 2442, 2600, 2252, 2536, 2363] []
191 88 62 1.61 [12474, 14545, 14453] []
192 67 60 4.91 [2279, 1905, 2148, 2044, 1912, 2065, 1947, 2134, 1885, 2231] []
193 92 76 1.38 [10761, 10492, 9416, 9584, 10526, 9887, 9786, 9214, 10660] []
194 93 79 1.82 [3221, 3582, 3374, 3593, 3308, 3199, 3276, 3560] []
195 72 82 2.34 [4848, 4367, 4923, 4578, 4382, 4563, 4653, 4112, 4247, 4172] []
196 97 63 4.37 [2193, 2201] [76, 75]
197 49 72 4.12 [2302, 2309, 2325, 2088, 2256, 2294, 2172] []
198 93 55 3.55 [3882, 4032, 4264] []
199 89 70 4.49 [6295, 6723, 6520, 6678, 7197] []
