81 47 16.64 26.26 4 [29, 52, 31, 17]
86 96 11.72 17.82 6 [4, 15, 47, 23, 2, 26]
53 83 14.9 21.18 5 [29, 11, 43, 19, 42]
68 53 17.42 32.4 4 [28, 39, 24, 2]
82 45 12.77 15.26 5 [34, 23, 49, 57, 15]
65 87 20.62 29.62 2 [41, 37]
65 77 11.67 14.29 7 [15, 2, 58, 31, 19, 52, 38]
87 49 20.0 37.1 3 [24, 36, 23]
83 54 11.15 19.8 2 [28, 10]
96 57 16.76 23.69 4 [43, 17, 9, 39]
78 56 61.7 78.17 5 [10, 42, 41, 52, 11]
94 56 18.13 24.42 7 [14, 0, 34, 45, 2, 21, 20]
60 50 13.18 18.51 3 [24, 58, 55]
76 88 76.58 132.98 5 [33, 30, 38, 31, 4]
55 76 27.73 52.62 3 [26, 34, 37]
67 79 15.62 26.59 9 [28, 6, 26, 53, 2, 0, 59, 34, 4]
48 67 10.93 12.11 8 [53, 51, 31, 8, 29, 27, 49, 32]
73 66 32.47 61.62 8 [27, 21, 41, 33, 56, 9, 47, 15]
65 84 10.31 12.32 10 [36, 53, 40, 30, 1, 51, 7, 18, 27, 15]
90 63 73.58 76.98 9 [49, 6, 52, 18, 10, 42, 30, 9, 23]
83 70 98.88 117.87 6 [11, 5, 37, 12, 27, 13]
51 88 72.9 106.7 9 [46, 27, 28, 42, 47, 35, 13, 17, 38]
68 52 24.53 39.91 4 [27, 39, 26, 55]
69 96 26.12 27.96 7 [51, 5, 52, 3, 22, 16, 23]
74 72 36.51 59.48 5 [29, 44, 18, 32, 31]
77 61 16.02 26.27 6 [46, 17, 30, 28, 54, 57]
82 75 10.83 16.68 6 [51, 46, 25, 50, 10, 38]
71 91 21.28 33.95 5 [1, 37, 20, 41, 4]
92 70 23.55 30.2 3 [15, 10, 19]
51 80 41.42 80.18 4 [36, 47, 4, 26]
57 81 21.62 31.12 10 [1, 25, 12, 21, 54, 36, 57, 33, 51, 55]
93 94 14.33 15.01 10 [3, 2, 36, 23, 55, 25, 20, 38, 40, 10]
94 55 11.2 20.04 6 [10, 1, 46, 34, 32, 51]
67 50 15.85 25.01 6 [3, 9, 55, 28, 45, 30]
84 73 32.08 63.71 3 [22, 52, 27]
97 97 14.66 22.85 8 [24, 12, 6, 27, 41, 9, 2, 11]
85 85 12.11 17.31 6 [35, 24, 3, 38, 57, 10]
64 59 10.47 12.32 10 [23, 53, 11, 19, 54, 2, 25, 38, 48, 27]
49 67 36.53 54.5 3 [25, 51, 48]
74 94 14.36 14.89 3 [37, 45, 26]
54 77 25.43 43.15 2 [25, 52]
52 60 11.08 19.08 5 [46, 18, 34, 41, 54]
51 67 51.07 77.72 8 [38, 15, 34, 18, 0, 42, 10, 43]
69 89 12.67 19.13 8 [6, 36, 57, 25, 37, 13, 18, 22]
49 57 24.24 37.77 1 [4]
70 96 10.29 17.02 7 [21, 53, 11, 46, 3, 22, 20]
85 75 11.86 14.3 5 [52, 12, 15, 57, 24]
84 79 22.22 31.53 9 [48, 1, 8, 0, 7, 58, 53, 3, 43]
94 94 11.29 15.63 1 [42]
72 92 26.78 43.5 1 [35]
55 48 30.13 47.55 8 [21, 11, 2, 25, 40, 29, 31, 45]
90 68 27.1 30.86 5 [11, 5, 29, 0, 9]
62 50 88.97 116.41 2 [34, 7]
63 90 24.0 32.04 1 [36]
61 85 19.4 36.38 3 [45, 3, 40]
48 83 10.58 12.81 1 [13]
54 64 59.89 110.32 3 [54, 1, 23]
78 87 30.81 45.53 8 [54, 29, 11, 40, 9, 1, 25, 38]
54 73 26.41 44.9 3 [21, 32, 42]
75 54 10.41 16.56 3 [30, 44, 17]
58 76 19.48 32.22 10 [49, 54, 35, 24, 9, 41, 20, 47, 53, 8]
48 74 10.51 14.03 9 [33, 3, 24, 39, 49, 50, 5, 44, 46]
47 53 10.31 10.41 6 [27, 14, 42, 30, 53, 36]
87 91 11.04 21.63 8 [27, 19, 11, 47, 8, 48, 40, 25]
79 89 20.27 34.08 4 [46, 9, 53, 24]
58 77 22.91 38.63 7 [50, 12, 4, 34, 46, 47, 9]
83 82 20.18 21.62 7 [29, 5, 54, 13, 0, 59, 11]
87 55 15.15 24.73 4 [21, 19, 37, 16]
54 48 18.27 24.76 1 [20]
88 63 18.83 33.45 10 [3, 26, 45, 18, 29, 10, 52, 7, 58, 27]
50 52 17.57 32.99 2 [52, 24]
79 50 19.5 33.62 5 [36, 30, 57, 55, 5]
71 52 35.66 66.01 4 [25, 57, 1, 28]
74 85 21.45 32.03 7 [19, 35, 42, 9, 28, 10, 14]
75 76 21.65 30.39 9 [58, 28, 38, 48, 1, 32, 34, 23, 40]
90 97 17.63 20.87 4 [23, 38, 10, 33]
94 98 10.25 16.04 1 [3]
55 71 13.97 24.69 1 [10]
74 65 10.41 12.96 1 [9]
88 76 17.34 23.44 7 [40, 43, 22, 16, 1, 9, 56]
47 54 26.23 43.66 4 [7, 32, 45, 59]
75 94 37.47 50.6 9 [27, 49, 55, 44, 21, 38, 52, 18, 59]
48 51 18.19 31.34 6 [31, 46, 27, 30, 22, 4]
55 82 12.12 21.31 5 [12, 0, 46, 37, 27]
91 94 10.4 18.03 3 [50, 30, 23]
70 52 15.65 28.02 4 [57, 36, 54, 4]
76 97 66.82 103.56 5 [31, 5, 49, 47, 58]
87 84 29.48 36.7 3 [10, 28, 25]
90 80 12.12 17.25 4 [27, 26, 12, 14]
91 89 56.84 77.33 3 [48, 59, 51]
57 96 21.57 39.92 1 [46]
88 78 30.02 35.62 2 [46, 25]
85 88 20.29 32.55 4 [50, 57, 44, 45]
81 65 14.11 21.03 10 [59, 40, 11, 51, 56, 30, 15, 24, 25, 29]
77 51 16.45 24.96 2 [15, 3]
51 91 10.63 13.27 6 [48, 18, 34, 23, 52, 8]
67 94 74.41 121.9 3 [44, 4, 59]
45 93 37.99 62.56 7 [39, 59, 1, 10, 38, 8, 26]
60 75 17.55 20.57 6 [41, 42, 17, 49, 9, 40]
48 73 30.16 54.98 1 [42]
48 47 16.87 31.63 7 [35, 34, 19, 47, 38, 36, 43]
68 63 22.6 33.1 6 [22, 4, 56, 16, 45, 18]
86 67 30.15 46.99 5 [40, 24, 20, 29, 27]
70 55 13.39 15.4 9 [39, 10, 54, 0, 28, 48, 51, 57, 23]
72 62 11.71 22.26 3 [3, 48, 37]
55 81 20.09 31.14 1 [36]
63 67 98.77 173.72 5 [55, 16, 4, 12, 41]
96 67 55.31 91.09 10 [15, 28, 50, 34, 43, 59, 36, 39, 17, 35]
88 63 10.47 15.73 6 [29, 38, 44, 3, 23, 21]
75 76 13.52 26.71 8 [59, 0, 23, 16, 37, 55, 41, 30]
56 97 49.13 88.19 7 [27, 20, 43, 17, 6, 21, 7]
50 51 57.71 82.89 3 [34, 43, 48]
56 94 68.56 68.86 9 [18, 40, 10, 21, 36, 12, 37, 46, 44]
52 55 14.1 18.91 8 [12, 28, 3, 38, 49, 30, 36, 8]
46 80 13.74 16.18 9 [37, 6, 9, 31, 40, 51, 47, 19, 36]
64 48 15.69 18.31 7 [41, 59, 54, 0, 30, 27, 26]
83 81 24.84 40.72 1 [55]
82 55 38.44 54.03 10 [32, 38, 45, 30, 24, 15, 21, 34, 14, 23]
81 82 10.34 16.24 1 [51]
54 45 11.37 14.46 2 [31, 26]
91 48 53.29 73.0 1 [40]
58 56 23.93 37.63 4 [44, 48, 22, 1]
63 54 64.4 114.99 8 [24, 5, 52, 8, 30, 4, 19, 42]
56 76 38.79 57.22 1 [30]
63 47 15.0 16.17 9 [27, 2, 7, 54, 43, 35, 41, 51, 10]
53 47 42.14 70.43 1 [4]
64 95 16.26 22.25 9 [38, 39, 57, 58, 18, 24, 16, 54, 0]
80 79 10.01 12.28 2 [24, 53]
79 89 14.9 18.9 9 [2, 3, 20, 37, 42, 29, 19, 57, 10]
55 67 91.95 100.58 6 [14, 20, 3, 40, 19, 47]
45 77 13.56 23.68 6 [3, 8, 36, 56, 55, 1]
62 59 14.87 15.14 5 [34, 59, 56, 43, 24]
87 90 20.45 37.25 7 [39, 58, 28, 54, 20, 46, 0]
87 53 13.72 26.88 6 [22, 40, 52, 32, 18, 26]
89 51 17.24 21.12 9 [21, 43, 58, 19, 15, 37, 57, 27, 1]
96 49 12.69 22.45 4 [10, 3, 5, 23]
68 51 27.55 47.9 10 [42, 3, 41, 4, 1, 26, 15, 44, 56, 35]
87 72 47.34 59.72 1 [34]
51 96 12.2 21.92 2 [53, 48]
93 69 25.71 50.37 6 [38, 7, 19, 45, 14, 15]
73 98 11.33 18.81 6 [48, 18, 12, 27, 3, 56]
53 72 11.5 15.69 3 [36, 46, 49]
96 96 13.58 25.39 10 [40, 59, 32, 35, 25, 13, 31, 55, 45, 6]
61 48 11.72 18.03 2 [9, 33]
91 59 13.38 14.87 1 [44]
71 70 26.36 44.88 2 [58, 8]
72 64 10.47 12.79 7 [20, 18, 28, 39, 34, 27, 52]
46 83 12.49 14.52 4 [4, 2, 39, 9]
83 62 35.63 69.06 9 [38, 22, 41, 54, 3, 43, 48, 34, 8]
93 81 12.36 15.46 7 [36, 25, 43, 28, 22, 26, 20]
80 98 12.63 19.42 1 [1]
93 89 17.65 33.53 1 [28]
93 60 10.32 16.43 2 [15, 44]
86 90 26.39 29.17 3 [34, 13, 38]
68 84 47.92 55.62 1 [33]
74 60 11.48 19.2 2 [49, 41]
60 76 11.01 12.91 3 [8, 39, 15]
49 74 10.38 18.72 2 [4, 52]
89 94 65.01 68.96 8 [53, 28, 4, 38, 56, 37, 13, 47]
93 94 11.08 12.31 10 [58, 55, 45, 42, 23, 10, 33, 17, 20, 12]
77 79 12.37 17.76 9 [28, 52, 29, 37, 34, 47, 19, 42, 59]
94 45 14.68 18.52 5 [6, 39, 26, 19, 27]
49 64 11.74 20.79 3 [55, 7, 4]
69 85 13.29 16.48 1 [21]
98 61 37.57 52.54 2 [46, 45]
61 91 32.96 44.24 7 [15, 41, 0, 47, 18, 14, 19]
60 46 12.33 23.74 4 [0, 7, 16, 30]
52 67 45.73 90.31 2 [37, 42]
80 90 41.07 69.3 2 [25, 26]
72 93 16.44 29.41 1 [46]
67 66 10.02 16.05 2 [27, 34]
81 77 10.47 15.06 8 [36, 10, 57, 24, 51, 4, 16, 7]
53 89 31.63 40.08 5 [55, 38, 34, 50, 15]
87 51 16.72 31.53 4 [24, 59, 4, 39]
72 52 11.24 16.72 6 [50, 9, 36, 2, 1, 33]
89 75 25.34 48.43 5 [9, 8, 25, 19, 50]
48 81 15.14 27.71 10 [29, 34, 45, 23, 30, 0, 36, 18, 9, 32]
97 96 27.04 31.78 4 [32, 50, 39, 8]
49 57 10.92 14.52 8 [21, 7, 23, 45, 55, 10, 56, 6]
88 79 10.31 15.71 10 [16, 5, 23, 38, 56, 46, 19, 36, 57, 8]
94 74 10.84 17.84 5 [46, 16, 29, 51, 27]
97 95 10.64 11.61 6 [31, 28, 22, 25, 55, 41]
55 68 24.32 44.08 1 [52]
97 58 40.56 63.44 1 [45]
58 82 14.56 20.53 1 [29]
71 45 10.76 13.79 7 [1, 47, 48, 14, 44, 27, 54]
56 78 22.41 23.14 9 [12, 50, 55, 21, 52, 26, 46, 25, 41]
79 75 12.01 12.92 2 [6, 2]
59 98 21.94 21.96 1 [48]
71 65 21.57 27.47 8 [58, 39, 42, 32, 21, 36, 49, 4]
93 79 11.85 17.58 8 [28, 27, 24, 39, 59, 15, 51, 29]
88 62 69.04 79.56 3 [1, 46, 44]
67 60 10.39 20.53 10 [59, 5, 40, 25, 6, 28, 11, 38, 2, 52]
92 76 50.44 55.21 9 [50, 42, 10, 15, 43, 24, 21, 4, 47]
93 79 16.43 19.78 8 [24, 57, 38, 58, 32, 22, 29, 55]
72 82 22.51 30.03 10 [53, 21, 58, 35, 22, 34, 40, 4, 13, 8]
97 63 11.38 20.96 2 [19, 20]
49 72 11.43 20.33 7 [32, 33, 35, 4, 26, 31, 15]
93 55 20.43 33.45 3 [15, 26, 43]
89 70 33.84 63.29 5 [9, 28, 19, 26, 49]