0 6
1 6
2 6
3 6
4 6
5 6
6 6
7 6
8 6
9 6
10 6
11 6
12 6
13 8
14 6
15 6
16 6
17 6
18 6
19 8
20 8
21 10
22 6
23 6
24 4
25 6
26 6
27 6
28 6
29 10
30 6
31 2
32 6
33 6
34 6
35 2
36 2
37 6
38 6
39 6
40 6
41 6
42 6
43 6
44 10
45 12
46 6
47 4
48 6
49 6
50 6
51 6
52 6
53 6
54 6
55 6
56 6
57 6
58 6
59 6
60 6
61 6
62 6
63 6
64 4
65 8
66 10
67 6
68 6
69 6
70 6
71 4
72 6
73 8
74 8
75 6
76 6
77 6
78 6
79 6
80 6
81 6
82 6
83 6
84 6
85 4
86 6
87 8
88 4
89 6
90 4
91 6
92 6
93 4
94 8
95 6
96 6
97 10
98 6
99 6
100 6
101 6
102 8
103 6
104 6
105 4
106 6
107 6
108 8
109 10
110 6
111 6
112 6
113 6
114 4
115 6
116 6
117 6
118 6
119 6
120 6
121 4
122 6
123 6
124 6
125 6
126 8
127 10
128 6
129 6
130 6
131 6
132 8
133 8
134 2
135 8
136 2
137 8
138 6
139 6
140 6
141 6
142 6
143 6
144 6
145 6
146 6
147 4
148 6
149 6
150 6
151 6
152 6
153 6
154 6
155 6
156 6
157 6
158 6
159 6
160 8
161 4
162 6
163 6
164 6
165 6
166 6
167 6
168 6
169 6
170 6
171 6
172 4
173 6
174 6
175 6
176 6
177 8
178 6
179 6
180 10
181 6
182 6
183 6
184 4
185 6
186 6
187 6
188 6
189 6
190 6
191 6
192 8
193 6
194 8
195 6
196 4
197 8
198 6
199 10
200 10
201 6
202 6
203 6
204 6
205 6
206 6
207 6
208 6
209 6
210 6
211 6
212 4
213 4
214 6
215 6
217 6
218 8
219 6
220 6
221 6
222 10
223 6
224 6
225 6
226 2
227 6
228 8
229 10
230 6
231 6
232 6
233 6
234 6
235 6
236 8
237 6
238 8
239 6
240 10
241 8
242 6
243 6
244 6
245 6
246 6
247 6
248 8
249 6
250 6
251 6
252 10
253 6
254 6
255 6
256 8
257 8
258 6
259 8
260 6
261 6
262 6
263 2
265 6
266 6
267 6
268 6
269 6
270 10
271 6
272 8
273 8
274 6
275 8
277 10
278 6
279 10
280 2
281 4
282 6
283 8
284 6
285 6
286 6
287 6
288 8
289 8
290 6
291 12
292 6
293 6
294 8
295 6
296 6
297 6
298 8
299 6
300 8
301 6
302 6
303 6
304 6
305 6
306 4
307 10
309 6
310 8
311 6
312 8
313 6
314 12
315 6
316 6
317 6
318 6
319 2
320 2
321 6
322 6
323 10
324 12
325 6
326 6
327 6
328 6
329 6
331 10
332 4
334 10
335 8
336 6
337 6
338 6
339 6
341 6
342 6
343 8
344 8
346 10
347 6
348 8
349 6
350 6
351 6
352 6
353 8
354 6
355 6
356 6
357 12
358 8
359 8
360 8
361 6
363 6
364 8
365 6
366 6
367 4
368 8
369 8
370 8
371 8
372 8
373 6
374 6
375 4
377 6
378 6
379 8
380 6
381 6
382 4
383 6
384 8
386 6
387 8
388 6
389 6
390 6
392 6
393 6
394 6
395 6
396 6
397 8
398 6
399 8
400 8
401 6
402 8
403 6
404 10
405 6
406 6
407 8
409 10
412 8
413 0
414 10
415 6
417 6
418 8
419 12
420 8
421 10
423 8
426 8
427 6
428 6
430 8
431 6
432 6
433 8
435 10
436 6
437 12
438 8
439 8
440 4
442 10
443 8
444 6
447 10
449 6
450 4
452 6
454 6
456 10
457 8
458 6
459 6
460 6
461 6
462 6
463 4
464 6
465 6
466 8
467 10
468 10
470 6
471 6
472 8
473 6
475 8
476 10
477 6
478 8
479 6
482 6
483 8
484 6
485 6
488 6
489 6
490 6
491 10
492 6
493 8
495 8
496 8
497 6
498 6
499 10
500 10
501 4
502 6
503 6
504 6
505 6
507 6
508 6
510 8
512 6
514 10
515 6
516 6
517 6
518 6
519 8
520 8
523 6
524 8
525 6
526 6
527 6
528 6
529 8
530 6
531 6
532 8
533 8
534 8
535 8
536 6
537 6
538 10
539 6
541 4
543 8
544 6
545 8
546 6
547 8
548 8
549 6
550 4
551 6
552 10
556 6
557 8
558 8
559 8
560 10
561 6
562 6
564 6
565 6
566 10
567 8
568 12
569 6
570 8
572 6
574 10
575 6
576 10
577 10
578 4
579 6
580 6
582 6
583 6
584 6
585 10
586 6
587 8
590 8
591 8
592 6
593 10
594 8
596 10
597 8
598 6
599 6
600 6
601 12
602 6
603 6
604 8
605 6
606 8
610 6
612 8
613 6
614 6
615 4
616 8
618 8
619 8
620 8
622 10
623 8
624 6
627 10
628 10
629 8
630 6
631 10
632 10
633 6
634 6
635 6
639 8
640 2
641 10
642 6
643 8
646 6
648 6
649 8
651 12
652 6
653 6
656 6
657 8
658 6
659 8
660 8
661 6
662 8
664 8
665 10
666 12
669 6
671 6
674 6
675 6
676 8
679 10
680 8
682 6
683 8
686 6
687 12
689 8
690 6
691 6
692 10
694 6
695 6
696 8
697 8
698 10
699 6
700 8
701 8
702 6
703 10
706 6
710 8
711 6
712 8
713 8
714 6
716 8
717 8
718 6
720 8
721 8
722 6
724 8
726 10
728 10
730 6
731 10
733 6
734 6
735 6
739 4
740 8
741 6
743 6
746 4
747 6
749 8
753 6
754 6
756 8
758 8
759 0
761 8
762 8
765 6
767 8
768 8
770 6
771 8
772 8
775 8
778 8
779 6
780 6
783 2
785 6
786 8
787 8
789 8
791 8
793 8
797 8
798 8
799 6
802 6
803 10
804 8
807 6
808 6
811 8
814 8
815 10
816 8
819 10
822 6
824 8
831 8
833 8
836 10
838 8
840 6
845 12
846 8
851 6
854 8
857 6
859 8
860 6
861 8
863 6
864 8
871 4
873 6
875 6
877 10
879 4
880 6
881 6
882 10
883 6
884 10
891 6
892 8
895 8
896 8
898 6
905 8
908 8
909 4
910 6
911 6
913 6
914 6
915 6
917 6
919 6
920 8
921 6
925 8
926 6
929 12
930 8
931 6
937 6
941 8
942 6
943 8
944 6
945 6
948 6
950 6
952 8
953 10
954 8
956 10
957 10
962 4
964 6
973 4
974 8
975 8
984 8
987 6
988 6
991 8
996 6
