0
0
0
0
0
0
0
0
0
0
0
0
0
0
0
0
0
0
0
0
0
0
0
0
0
0
0
0.000847193157614384
0.000847193157614384
0.0009704352902188869
0.0009704352902188869
0.001147001464299829
0.001147001464299829
0.001147001464299829
0.001147001464299829
0.001147001464299829
0.001147001464299829
0.001147001464299829
0.001147001464299829
0.001147001464299829
0.001147001464299829
0.001147001464299829
0.001147001464299829
0.001147001464299829
0.001147001464299829
0.0011770933676722658
0.0011770933676722658
0.0015984756087816373
0.0023637214096663426
0.0026003968887845954
0.0026003968887845954
0.0026003968887845954
0.0026003968887845954
0.0031081366106260645
0.0031081366106260645
0.0031081366106260645
0.0031081366106260645
0.0031081366106260645
0.0031081366106260645
0.0031081366106260645
0.0031081366106260645
0.0031081366106260645
0.0031081366106260645
0.0031081366106260645
0.0031081366106260645
0.0031081366106260645
0.003446520970180098
0.003446520970180098
0.003446520970180098
0.003446520970180098
0.003493131432825509
0.003493131432825509
0.003493131432825509
0.003493131432825509
0.003493131432825509
0.003493131432825509
0.003493131432825509
0.0036409029186300467
0.0036409029186300467
0.00409919935921797
0.00409919935921797
0.00409919935921797
0.00409919935921797
0.00409919935921797
0.00409919935921797
0.00409919935921797
0.004196733948191764
0.004196733948191764
0.004483575442738062
0.004483575442738062
0.004483575442738062
0.004483575442738062
0.004483575442738062
0.004483575442738062
0.004483575442738062
0.005327956073546375
0.005327956073546375
0.006020448859046263
0.006020448859046263
0.006020448859046263
0.006020448859046263
0.006020448859046263
0.006020448859046263
0.006020448859046263
0.006020448859046263
0.006020448859046263
0.006020448859046263
0.006020448859046263
0.006020448859046263
0.006020448859046263
0.006410340555797167
0.006410340555797167
0.0067213246008031614
0.0067213246008031614
0.0067213246008031614
0.0067213246008031614
0.0067213246008031614
0.0067213246008031614
0.0067213246008031614
0.0067213246008031614
0.0067213246008031614
0.0067213246008031614
0.006787208130277577
0.006787208130277577
0.006787208130277577
0.006787208130277577
0.006787208130277577
0.006787208130277577
0.006787208130277577
0.006787208130277577
0.006787208130277577
0.006787208130277577
0.006787208130277577
0.006787208130277577
0.00740591681512432
0.00740591681512432
0.00909552073628351
0.00909552073628351
0.00909552073628351
0.00909552073628351
0.00909552073628351
0.00909552073628351
0.00909552073628351
0.00991915291288956
0.00991915291288956
0.00991915291288956
0.010334120423532624
0.010334120423532624
0.010334120423532624
0.010334120423532624
0.010334120423532624
0.010559395978417119
0.010559395978417119
0.010559395978417119
0.010559395978417119
0.010559395978417119
0.010981578447111215
0.010981578447111215
0.011395228096545468
0.011395228096545468
0.011395228096545468
0.011395228096545468
0.011395228096545468
0.011395228096545468
0.011395228096545468
0.011395228096545468
0.011395228096545468
0.011395228096545468
0.011395228096545468
0.011395228096545468
0.011395228096545468
0.011435184932074976
0.011435184932074976
0.011435184932074976
0.011435184932074976
0.011435184932074976
0.011435184932074976
0.011435184932074976
0.011435184932074976
0.011435184932074976
0.011683825064122843
0.01175088174766839
0.01175088174766839
0.012268969192899212
0.012268969192899212
0.012268969192899212
0.012268969192899212
0.01356031567013392
0.01356031567013392
0.01356031567013392
0.01356031567013392
0.01356031567013392
0.01356031567013392
0.01356031567013392
0.013678051957648906
0.013678051957648906
0.013678051957648906
0.013678051957648906
0.013678051957648906
0.013678051957648906
0.013678051957648906
0.013678051957648906
0.013678051957648906
0.014033745055057958
0.014033745055057958
0.014706788388668537
0.014889593835805164
0.014889593835805164
0.015267866654579017
0.015478767891719765
0.015478767891719765
0.015905763770667415
0.015905763770667415
0.015972787871074843
0.015972787871074843
0.015972787871074843
0.01637677215322291
0.016581868793556113
0.016581868793556113
0.017027829932650427
0.01715619562372213
0.01715619562372213
0.01715619562372213
0.01715619562372213
0.0171936810119495
0.0171936810119495
0.0171936810119495
0.0171936810119495
0.0171936810119495
0.0171936810119495
0.0171936810119495
0.018322798933430876
0.01856633076480302
0.01856633076480302
0.01856633076480302
0.01856633076480302
0.01856633076480302
0.018668709774174924
0.018668709774174924
0.018668709774174924
0.018668709774174924
0.01970121863955469
0.01970121863955469
0.019924177384821582
0.019924177384821582
0.020181067047286606
0.020181067047286606
0.02101548164065156
0.02141465474757957
0.021686953376649085
0.021938019479726022
0.022044014300699136
0.022880408422719416
0.022880408422719416
0.022880408422719416
0.022880408422719416
0.022880408422719416
0.022880408422719416
0.02290209025672409
0.02290209025672409
0.023281296035511666
0.023281296035511666
0.02395040535534379
0.024077076520369074
0.024277503972280734
0.024277503972280734
0.024277503972280734
0.024277503972280734
0.024277503972280734
0.02520610940557772
0.025462418421013353
0.025551225690130533
0.025551225690130533
0.025551225690130533
0.02781206779988352
0.02781206779988352
0.02781206779988352
0.02781206779988352
0.02781206779988352
0.02781206779988352
0.02781206779988352
0.02781206779988352
0.02781206779988352
0.027903901849246265
0.027903901849246265
0.028364626439449203
0.029458806070190805
0.029458806070190805
0.029458806070190805
0.029458806070190805
0.029458806070190805
0.030329748073100828
0.030329748073100828
0.030539033428622478
0.030539033428622478
0.030539033428622478
0.030539033428622478
0.030729727293734944
0.030798925343735628
0.030798925343735628
0.030798925343735628
0.030798925343735628
0.03126479447486955
0.03126479447486955
0.03126479447486955
0.03126479447486955
0.03126479447486955
0.03126479447486955
0.03126479447486955
0.03126479447486955
0.03126479447486955
0.03126479447486955
0.03126479447486955
0.03177040578770395
0.03177040578770395
0.03177040578770395
0.03193987389538369
0.03193987389538369
0.03210263603947773
0.03210263603947773
0.03210263603947773
0.03218053409386497
0.033086434148064565
0.033086434148064565
0.033086434148064565
0.033086434148064565
0.033086434148064565
0.033086434148064565
0.03354356289340626
0.03354356289340626
0.03354356289340626
0.03354356289340626
0.03354356289340626
0.03354356289340626
0.03354356289340626
0.03354356289340626
0.03354356289340626
0.03354356289340626
0.03354356289340626
0.03354356289340626
0.03354967354411068
0.03354967354411068
0.03373547587918851
0.035282330947385934
0.035282330947385934
0.035282330947385934
0.035282330947385934
0.03542426555697175
0.03542426555697175
0.03542426555697175
0.03542426555697175
0.03542426555697175
0.03542426555697175
0.03542426555697175
0.03596947401358625
0.03596947401358625
0.03654288021914761
0.03654288021914761
0.037097106258822767
0.038505979572161245
0.038505979572161245
0.038741678104475846
0.03892171305715603
0.03892171305715603
0.03892171305715603
0.03892171305715603
0.03892171305715603
0.04011341453502312
0.04057629794730118
0.04189563716558323
0.04189563716558323
0.04189563716558323
0.04203968211136326
0.04203968211136326
0.04203968211136326
0.04203968211136326
0.04257944456605578
0.04357206144048249
0.04357206144048249
0.04357206144048249
0.0436168984507256
0.0436168984507256
0.0436168984507256
0.0436168984507256
0.04372532070962785
0.04372532070962785
0.04417754225294553
0.04446700153439932
0.044866544276327545
0.044866544276327545
0.04503304868638286
0.04503304868638286
0.04503304868638286
0.045377817407675186
0.045377817407675186
0.045377817407675186
0.045377817407675186
0.04629994104630453
0.04689133431430623
0.04700145674820262
0.04791529594050488
0.04791529594050488
0.04830191575080557
0.048468776983414896
0.04878450263362131
0.04878450263362131
0.04878450263362131
0.04900317671168678
0.04900317671168678
0.04900317671168678
0.04900317671168678
0.049345833223129694
0.049345833223129694
0.049345833223129694
0.049584115664090704
0.049584115664090704
0.049584115664090704
0.049584115664090704
0.049584115664090704
0.04982457498488008
0.04982457498488008
0.04982457498488008
0.04982457498488008
0.05007430543425613
0.05007430543425613
0.05007430543425613
0.05007430543425613
0.05007430543425613
0.05007430543425613
0.05007430543425613
0.05007430543425613
0.05028668829867714
0.05028668829867714
0.05028668829867714
0.05028668829867714
0.05028668829867714
0.05028668829867714
0.05028668829867714
0.050323663321712224
0.051330335975975874
0.051330335975975874
0.051330335975975874
0.051330335975975874
0.051330335975975874
0.051330335975975874
0.051330335975975874
0.051330335975975874
0.051330335975975874
0.051330335975975874
0.05212433434091504
0.05234579944020197
0.05234579944020197
0.05234579944020197
0.05248485444062236
0.05264810402705926
0.05264810402705926
0.052749956801037945
0.052749956801037945
0.052749956801037945
0.05291646521469511
0.05291646521469511
0.05291646521469511
0.05358428840657759
0.05418193795005245
0.05418193795005245
0.05418193795005245
0.054721091902375785
0.055243979991528934
0.0553031385136118
0.0553031385136118
0.0553031385136118
0.0553031385136118
0.0553031385136118
0.0553031385136118
0.0553031385136118
0.0553031385136118
0.0553031385136118
0.0553031385136118
0.0553031385136118
0.05580683248368568
0.05580683248368568
0.05580683248368568
0.05580683248368568
0.05595081613417636
0.05661678407077641
0.05695623276898866
0.05743242234562002
0.05743242234562002
0.05782773335014469
0.05782773335014469
0.05782773335014469
0.05815497602758478
0.05827666230039693
0.05827666230039693
0.05827666230039693
0.058841593684901335
0.058841593684901335
0.058841593684901335
0.058841593684901335
0.059228558028948206
0.059228558028948206
0.059228558028948206
0.0594369985790763
0.0594369985790763
0.0594369985790763
0.0594369985790763
0.0594369985790763
0.059589498359570926
0.059911797967528026
0.059911797967528026
0.059911797967528026
0.059911797967528026
0.059911797967528026
0.059978003724635895
0.059978003724635895
0.06037592532539954
0.06037592532539954
0.06045810768436841
0.06053346065669166
0.06053346065669166
0.06053346065669166
0.0605834285626809
0.0605834285626809
0.06306752222484459
0.0636406935834108
0.0636406935834108
0.0636406935834108
0.0636406935834108
0.0636406935834108
0.06406461159986103
0.06406461159986103
0.06406461159986103
0.06469791996356472
0.06469791996356472
0.06469791996356472
0.06489592084419371
0.06489592084419371
0.06489592084419371
0.06489592084419371
0.06489592084419371
0.06530193358487854
0.06530193358487854
0.06530193358487854
0.0656787123600486
0.0656787123600486
0.0656787123600486
0.0656787123600486
0.0656787123600486
0.0658078483079051
0.0658078483079051
0.06592943039812549
0.06647305879503757
0.06686487181878845
0.06726807296976407
0.06726807296976407
0.06726807296976407
0.06726807296976407
0.06726807296976407
0.06726807296976407
0.06726807296976407
0.06726807296976407
0.06798683009659887
0.06836705162704121
0.06902030396260146
0.06902030396260146
0.06902030396260146
0.06902030396260146
0.06902030396260146
0.06920543934260967
0.06920543934260967
0.06920543934260967
0.06920543934260967
0.07014960154647988
0.07021866804804734
0.07021866804804734
0.07021866804804734
0.0712179513167492
0.0712179513167492
0.0712179513167492
0.0712179513167492
0.07173246487499389
0.07173246487499389
0.07180660309097904
0.07180660309097904
0.072692769105038
0.07291144318310347
0.0733468879984555
0.0733468879984555
0.07344358091407943
0.07344358091407943
0.07344358091407943
0.07344358091407943
0.07392332182301033
0.0745180525269205
0.07535397117838903
0.07547563037306206
0.07547563037306206
0.07586555465172382
0.07586555465172382
0.07586555465172382
0.07586555465172382
0.07586555465172382
0.07586555465172382
0.07731035881786556
0.07797208184255026
0.07828914580594189
0.07837873852157305
0.07837873852157305
0.07893895841731119
0.07899605170648397
0.07899605170648397
0.07899605170648397
0.07924367884738262
0.07924367884738262
0.07932739372731043
0.07932739372731043
0.07932739372731043
0.07932739372731043
0.0800647307918534
0.0800647307918534
0.0800647307918534
0.08069207794744232
0.08069207794744232
0.08111163444732794
0.0815697696473032
0.08170114824770125
0.08170114824770125
0.08170114824770125
0.0822264734236504
0.0822264734236504
0.0822264734236504
0.0822264734236504
0.0822264734236504
0.08246467076781772
0.08246467076781772
0.08269667502269852
0.08269667502269852
0.08292509802387778
0.08300376006336564
0.08338642850942178
0.08338642850942178
0.08338642850942178
0.08338642850942178
0.08338642850942178
0.08345418622528424
0.08345418622528424
0.08345418622528424
0.08345418622528424
0.08353883314446846
0.08356150392104199
0.08356150392104199
0.08356150392104199
0.08356150392104199
0.08356150392104199
0.08371645309837059
0.08418885459211684
0.08418885459211684
0.08418885459211684
0.08418885459211684
0.0844131508226638
0.0844131508226638
0.0844131508226638
0.08449868196715664
0.08449868196715664
0.08449868196715664
0.08449868196715664
0.0849254276083781
0.0849254276083781
0.0849254276083781
0.0849254276083781
0.0849254276083781
0.08532728002667353
0.08622462881120993
0.0868047924494534
0.08686253571298776
0.0875278129118206
0.0875278129118206
0.0875278129118206
0.08850504390427123
0.08861728354581973
0.08878714423934927
0.08878714423934927
0.08878714423934927
0.08878714423934927
0.08919290324981469
0.08923710423365137
0.08960453160885361
0.08986851830864626
0.09007343474190356
0.09061221097074786
0.09061221097074786
0.0908791431799698
0.0908791431799698
0.09117335501782078
0.0918324601515102
0.0918324601515102
0.09222239783030603
0.09232104547603918
0.09232104547603918
0.09240434568012512
0.09240434568012512
0.09240434568012512
0.09240434568012512
0.09280418007250717
0.09280418007250717
0.09280418007250717
0.09280418007250717
0.09280418007250717
0.09280418007250717
0.09280418007250717
0.09331593360418614
0.09370842999668254
0.09373169390283156
0.09400658299728747
0.09524253224448873
0.09524253224448873
0.09588391090193012
0.09589460224911965
0.09589460224911965
0.09595084100112994
0.09659998180947901
0.0971363967821821
0.0971363967821821
0.09736211853419348
0.09736211853419348
0.09740843713592755
0.09806244479824999
0.09806244479824999
0.09806244479824999
0.09822916174885613
0.09822916174885613
0.09822916174885613
0.09822916174885613
0.09822916174885613
0.09822916174885613
0.09863423778149805
0.09863423778149805
0.09892521426624776
0.09892521426624776
0.09933554515745782
0.0994269576542245
0.1010775105316307
0.10167406624601365
0.10167406624601365
0.10167406624601365
0.1018131980358189
0.1023616477519235
0.1029898478008146
0.1029898478008146
0.1029898478008146
0.10312641997447568
0.10342593706145553
0.10456279729476257
0.10456279729476257
0.10456279729476257
0.10483624657262489
0.10483624657262489
0.10483624657262489
0.10501887126230053
0.10525883666998227
0.10525883666998227
0.10525883666998227
0.10525883666998227
0.10579239185578372
0.1059844274983301
0.10603082638109976
0.10655492308072959
0.10655492308072959
0.10780911789657775
0.10780911789657775
0.10780911789657775
0.1078908954919566
0.1078908954919566
0.10791059796471643
0.108227831470526
0.109390929188313
0.109390929188313
0.109390929188313
0.10956156562853663
0.10979171407359763
0.10979171407359763
0.11059589309551021
0.11059589309551021
0.11059589309551021
0.11059589309551021
0.1110997563266398
0.1110997563266398
0.1110997563266398
0.11129578685472118
0.11129578685472118
0.11175034761911787
0.11175034761911787
0.11183692285725506
0.11183692285725506
0.1129094710541833
0.1129094710541833
0.11296328701646552
0.11364181040760327
0.11364181040760327
0.11368292498170728
0.11392916458163573
0.11392916458163573
0.11465069103891722
0.11503439163686166
0.11503439163686166
0.11555525341939812
0.11555525341939812
0.11555525341939812
0.11555525341939812
0.11555525341939812
0.11600534295938744
0.11600534295938744
0.11600534295938744
0.11632624422241292
0.1173651970231627
0.1182711665151085
0.1188949395249658
0.1209699606707994
0.12117665774711119
0.12196924570840709
0.12249261734259624
0.12249261734259624
0.12249261734259624
0.12251856788555075
0.12251856788555075
0.12258997841182961
0.12258997841182961
0.12258997841182961
0.12258997841182961
0.12282642966194937
0.12282642966194937
0.12282642966194937
0.12282642966194937
0.12282642966194937
0.12379906226064155
0.12379906226064155
0.12379906226064155
0.12379906226064155
0.12394058137545541
0.12394058137545541
0.12394058137545541
0.12446296890238405
0.12446296890238405
0.12453023179943402
0.1248310886713187
0.12530344362604623
0.12561072740718895
0.12561072740718895
0.12581929396478087
0.12641054673404778
0.12702954891186266
0.1272815565189881
0.1272815565189881
0.12737240519574036
0.12737240519574036
0.1282927341046129
0.12864649246817964
0.12864649246817964
0.1290509868502021
0.12923964580421834
0.12970804022335927
0.130496385130229
0.1309771171379714
0.1309771171379714
0.1309771171379714
0.1309771171379714
0.131085816465282
0.131085816465282
0.131085816465282
0.1313533590152969
0.1313533590152969
0.1313533590152969
0.13237663698160043
0.13237663698160043
0.13237663698160043
0.13269387048741
0.1329926752019811
0.13382210339214037
0.13382210339214037
0.13429513870203835
0.13490721771877076
0.13556815232317498
0.13599898360140233
0.136237910615727
0.13642537885267134
0.13709336988828844
0.13709336988828844
0.1376888827742722
0.1376888827742722
0.1376888827742722
0.13783675036629883
0.13783675036629883
0.13806098737978087
0.13806098737978087
0.1386733161984425
0.1386733161984425
0.1386733161984425
0.1391365844341332
0.13990363420540197
0.13990363420540197
0.13990363420540197
0.1407887523726612
0.1407887523726612
0.14188915106784064
0.142566505042891
0.14387115990394597
0.14467780646719
0.14467780646719
0.14585804558291302
0.14604837664314388
0.14616570129399853
0.14616570129399853
0.14616570129399853
0.14616570129399853
0.14616570129399853
0.14616570129399853
0.14693136846199767
0.14725428953349845
0.1477471040924981
0.14800631610483994
0.14800631610483994
0.1490751722194345
0.1490751722194345
0.15065617844903606
0.15065617844903606
0.15065617844903606
0.15171166775310096
0.15171166775310096
0.15171166775310096
0.1526791265882883
0.1526791265882883
0.1526791265882883
0.1526791265882883
0.1526791265882883
0.15316101705162807
0.15329386135913867
0.15395941654420037
0.15401123985998433
0.15401123985998433
0.1543793291873146
0.1543793291873146
0.1543793291873146
0.1543793291873146
0.15443877897892358
0.15596373514721182
0.15783860514608153
0.15783860514608153
0.1581113115205888
0.15815296869560785
0.15824687555188938
0.1587450362576202
0.15882755750514832
0.15987861838599646
0.15987861838599646
0.15987861838599646
0.15987861838599646
0.15987861838599646
0.16046283730906505
0.16046283730906505
0.16106604048846684
0.16106604048846684
0.16249653032220993
0.163241139921119
0.16331170028796743
0.16343424107938354
0.16361296545020604
0.16413204091664993
0.16469771300859612
0.16479694845874435
0.16498940486741293
0.16498940486741293
0.1653943064478455
0.16610076505476162
0.16693555702146362
0.16693555702146362
0.16775646274542286
0.16775646274542286
0.16775646274542286
0.168070101843257
0.16822721782051692
0.16829021060592889
0.16854803761860196
0.16862255951943864
0.16862255951943864
0.1689790053985571
0.16905074759865532
0.16905074759865532
0.16905074759865532
0.16986496891470051
0.16986496891470051
0.17111629905907497
0.17111629905907497
0.17111629905907497
0.17168784948041724
0.17234832575343284
0.17256266419611255
0.17256266419611255
0.17256266419611255
0.172871450204627
0.17306759521981238
