0 271 133 3.32 [3317, 3573, 3340, 3184] [125, 127, 126, 128]
1 292 332 3.09 [2141, 2227, 2477, 2290, 2126, 2313] [131, 130, 129, 132, 127, 126]
2 345 160 2.53 [4974, 4835, 4418, 4619, 4341] [133, 129, 128, 127, 126]
3 300 202 1.54 [5325, 5521, 5253, 4860] [135, 134, 136, 137]
4 274 126 1.78 [2589, 2495, 2716, 2784, 2427] [141, 139, 140, 138, 142]
5 205 295 2.75 [4276, 4221] [143, 144]
6 208 341 4.37 [3580, 3417, 4120, 3781, 3630, 4045, 3869] [125, 126, 129, 128, 127, 145, 131]
7 293 143 4.43 [3920, 4080, 3907] [130, 146, 132]
8 358 278 4.86 [2303, 2164] [147, 133]
9 331 173 2.66 [3498, 3207, 3118, 3453] [148, 134, 135, 149]
10 258 170 2.07 [11518, 12834, 12793, 13245, 11559] [125, 138, 139, 150, 131]
11 324 170 2.39 [3433, 3264, 3675, 3808, 3288, 3518, 3506] [136, 137, 140, 151, 141, 142, 152]
12 187 145 2.62 [2584, 2883, 2856] [154, 153, 155]
13 251 297 3.95 [15470, 15316, 15725, 15368, 13989] [157, 147, 156, 158, 130]
14 167 250 4.6 [5473, 5620, 5676] [148, 160, 159]
15 214 262 3.81 [3104, 2875, 3083, 3364, 2833, 2812, 3426, 3166, 2854] [133, 134, 135, 162, 136, 137, 161, 140, 125]
16 137 214 1.44 [2354, 2340, 2194, 2026, 2179, 2165, 2325, 2201] [163, 164, 165, 166, 167, 168, 169, 170]
17 361 239 2.04 [2903, 2845, 3040, 2962, 3187, 2727, 3099, 2786] [163, 164, 165, 166, 171, 167, 168, 169]
18 207 283 1.79 [2104, 2221, 2131, 2062, 1863, 2207, 1904, 1980, 2042, 1959] [170, 172, 173, 174, 175, 176, 177, 178, 179, 180]
19 308 199 1.19 [15649, 13539, 15796, 14128, 13735, 15305, 14716, 13686, 14373] [182, 167, 181, 170, 172, 173, 174, 175, 176]
20 277 227 1.77 [18524, 18128, 20238, 18590, 19579, 18656] [132, 133, 183, 141, 153, 142]
21 149 300 2.86 [15358, 14435, 14483, 15164, 15407, 14824, 13754, 13949, 14969] [186, 143, 144, 185, 184, 149, 140, 145, 154]
22 218 154 3.51 [4857, 5054, 4841, 5315] [151, 152, 155, 187]
23 222 348 1.8 [9785, 8382, 9815, 8322, 8901, 8718, 8931] [189, 163, 188, 164, 165, 166, 168]
24 241 233 3.52 [7278, 7643, 7010, 7351, 7327] [146, 190, 155, 161, 162]
25 254 357 2.77 [2572, 2783, 2528, 2642, 2625, 2854] [169, 177, 171, 178, 179, 191]
26 247 275 3.76 [3878, 3818, 3564, 3866, 3383, 3721] [192, 193, 169, 194, 134, 180]
27 231 309 3.39 [3845, 4356, 4115, 4413, 3888] [135, 196, 171, 195, 136]
28 314 226 2.13 [4475, 4396, 4538] [199, 198, 197]
29 149 267 4.75 [8450, 8754, 7567, 8174] [191, 200, 128, 127]
30 174 270 2.76 [3907, 4252, 4065, 4195, 4670, 4411, 4714, 4368, 4627, 4685] [163, 177, 164, 178, 202, 179, 201, 197, 203, 204]
31 320 322 1.2 [2609, 2599, 2924, 2800, 3105, 2819, 2771, 2943, 2962, 2675] [209, 206, 207, 208, 205, 210, 211, 212, 213, 214]
32 322 165 4.16 [2091, 2024, 2360, 2270, 2255, 2397] [198, 175, 216, 199, 205, 215]
33 214 147 3.32 [2885, 2949, 3435, 3149, 3329, 3170] [172, 198, 217, 199, 206, 205]
34 281 240 4.95 [6245, 6887, 6352] [148, 218, 159]
35 335 336 3.24 [2874, 2757, 2698, 2903, 3040, 2727, 2659, 2747] [207, 208, 209, 210, 219, 211, 212, 213]
36 288 287 2.72 [2463, 2374, 2205, 2487, 2640, 2261] [214, 222, 181, 221, 220, 223]
37 204 369 1.71 [2046, 2255, 1962, 2018, 2262, 1899, 2060, 2150, 2220, 2074] [228, 225, 226, 227, 224, 229, 230, 231, 232, 233]
38 144 213 2.97 [7185, 7818, 7745] [180, 234, 235]
39 371 244 1.15 [2940, 3016, 2834] [237, 236, 238]
40 164 256 3.79 [5002, 5459] [187, 239]
41 155 185 3.89 [2335, 2128, 2246, 2298, 2394] [222, 207, 208, 220, 240]
42 353 150 4.63 [2940, 3019, 2793, 2980, 2823, 2646, 3058, 2744, 3068, 2882] [192, 243, 177, 215, 193, 137, 242, 171, 241, 194]
43 302 183 3.55 [2019, 2238, 2392, 2158, 2246, 2070, 2107, 2136] [214, 221, 244, 223, 224, 225, 226, 227]
44 142 373 3.49 [14161, 12665, 12805, 13787, 15002, 12712, 15329, 14535, 13880] [160, 126, 129, 151, 127, 134, 245, 195, 152]
45 211 338 3.91 [18912, 20217, 19564, 20869, 18260, 17673] [178, 216, 193, 246, 146, 137]
46 177 157 4.29 [2974, 2592, 2674, 2810] [247, 179, 188, 201]
47 264 274 4.5 [4221] [248]
48 126 156 1.23 [1895, 2148, 2011] [236, 249, 237]
49 142 128 3.96 [5523, 5291, 5845] [196, 192, 250]
50 137 266 3.82 [2361, 2597, 2297, 2219, 2147, 2329, 2447, 2590, 2376, 2487] [207, 251, 208, 209, 174, 210, 211, 252, 212, 219]
51 307 218 1.56 [5077, 4969, 5402, 4878, 5041] [228, 229, 253, 230, 231]
52 196 145 2.24 [18032, 16430] [254, 190]
53 198 305 2.34 [4896] [255]
54 191 287 4.51 [4074, 3531, 4010] [256, 169, 257]
55 139 280 1.85 [1997] [258]
56 162 203 4.37 [12937, 10821, 11699] [259, 135, 194]
57 257 296 2.92 [6655, 6142, 5772, 6368, 5731, 5567, 6060, 6327] [260, 201, 171, 217, 166, 136, 202, 203]
58 164 240 3.81 [5124, 5318, 5494] [204, 232, 261]
59 245 164 3.37 [2082, 2180, 1992] [233, 262, 228]
60 179 251 3.62 [4143, 4208, 3961, 3819, 3624, 4039, 3767, 4117, 4195, 3611] [264, 263, 213, 197, 179, 238, 189, 258, 265, 188]
61 139 242 2.34 [2124, 1913, 2060, 2166, 2236, 2243, 1927, 2201, 2215] [236, 229, 230, 249, 267, 266, 237, 268, 269]
62 134 157 1.04 [2042, 1953, 2145, 2062, 2221, 2104] [274, 271, 272, 273, 270, 275]
63 359 294 1.37 [6277, 6876] [270, 276]
64 241 234 4.0 [2846, 2940, 3080, 2640, 2930, 2968, 2668] [206, 223, 277, 165, 221, 240, 198]
65 309 164 1.88 [10764, 10519, 10939, 11288, 11253, 10904, 10275, 11183, 9855] [224, 219, 244, 278, 279, 251, 205, 280, 198]
66 142 262 1.62 [6718, 6652, 6083, 5996, 6827, 6455, 6543, 6017, 6193, 5908] [282, 266, 229, 230, 281, 249, 267, 231, 236, 237]
67 241 170 2.47 [5123, 5231, 5195, 5518] [214, 220, 222, 283]
68 191 164 2.67 [1903, 2044, 2206, 2030, 2129, 2248] [253, 268, 285, 269, 271, 284]
69 303 349 2.63 [4468, 4184, 4856, 4811, 4139] [209, 207, 286, 287, 208]
70 353 339 4.97 [3262, 3054] [288, 215]
71 349 327 2.52 [1930, 2166] [270, 289]
72 336 310 3.29 [4085, 3823] [290, 225]
73 317 229 4.27 [12298, 10192, 11207, 11245, 11659, 11508, 11847] [291, 138, 210, 211, 226, 227, 241]
74 251 303 3.25 [3259, 3062, 3106] [292, 233, 262]
75 245 252 2.62 [4735, 4302, 4446, 4590, 3912, 4359, 4388, 4229, 4475] [293, 212, 252, 272, 176, 233, 255, 228, 262]
76 305 333 1.74 [3444, 3621, 3291, 3562] [273, 294, 274, 295]
77 324 338 3.27 [1866] [296]
78 167 232 4.08 [2608] [297]
79 244 205 1.99 [1937] [298]
80 298 250 2.41 [3584, 3619, 3376, 3307, 3133, 3226, 3769] [268, 275, 253, 249, 182, 231, 299]
81 135 161 3.66 [4844, 5281, 5509, 5754] [168, 221, 242, 300]
82 246 323 2.41 [7420, 7969, 8119, 7844, 7270, 7694, 8044, 7195, 8219] [206, 243, 302, 247, 199, 240, 289, 177, 301]
83 139 152 3.9 [3651, 3833, 3602, 3639, 3541, 3323] [269, 303, 271, 277, 223, 209]
84 165 273 4.04 [2279, 2182, 2554, 2481, 2400] [253, 236, 304, 284, 273]
85 310 321 3.94 [2219, 2080, 2032] [305, 274, 268]
86 225 155 4.17 [3412, 3193, 3381, 2859] [306, 275, 307, 207]
87 250 334 3.2 [13409, 12251, 14211, 14122, 14612] [218, 139, 285, 288, 308]
88 293 281 1.98 [5503, 5857, 5798] [294, 309, 310]
89 353 305 3.75 [4176, 4162, 3965, 3994] [311, 312, 264, 265]
90 310 304 2.45 [12051, 12467, 12164] [292, 313, 296]
91 175 330 4.41 [4545] [314]
92 300 258 1.75 [6325, 5904] [315, 295]
93 288 299 3.42 [4329, 4424, 4248, 4261] [298, 316, 297, 304]
94 355 270 2.32 [14018, 14104, 13201, 13330, 12083, 13803, 13932, 12900] [318, 317, 239, 248, 150, 319, 320, 215]
95 187 221 3.04 [3265, 3212, 3350, 2915, 3021, 2894, 2926] [305, 299, 321, 237, 266, 267, 268]
96 310 141 2.11 [2824, 2558, 2700, 2602, 2860, 2469] [325, 276, 323, 324, 322, 326]
97 214 322 3.56 [15577, 13593, 16321] [256, 148, 327]
98 128 318 3.59 [7826, 8333, 6864, 7092, 7801, 7041, 7497] [250, 328, 155, 161, 257, 162, 196]
99 186 246 1.69 [3639, 3651, 3358, 3733, 3265, 3627] [332, 330, 331, 329, 333, 334]
100 346 351 3.82 [2300, 1914, 2195, 1921, 2307, 2096, 2132, 2082, 2146] [336, 229, 322, 230, 335, 281, 282, 276, 309]
101 262 204 3.31 [6600, 7035, 6370, 6852, 7241, 6668] [225, 323, 187, 263, 337, 232]
102 216 142 3.83 [14806, 13902, 14949, 14521, 13140] [339, 238, 338, 324, 191]
103 366 189 2.26 [4819, 4574, 4688, 4525, 4557, 4982, 5047] [325, 294, 310, 295, 315, 341, 340]
104 168 341 4.04 [1986, 2180, 1920, 1873, 1940, 1886] [274, 342, 270, 281, 282, 309]
105 299 288 1.2 [5119, 5594, 5558, 5576, 5101, 4991, 5996, 5265, 5338, 5466] [349, 344, 345, 346, 347, 348, 343, 350, 351, 352]
106 319 218 4.91 [2627, 2897] [252, 353]
107 373 330 1.29 [3147, 3038] [354, 355]
108 188 238 3.73 [8249, 7661, 8142, 8356, 7688, 7288, 8062, 7928, 8329, 8436] [342, 234, 306, 358, 235, 180, 290, 261, 357, 356]
109 211 244 1.23 [4600, 4616, 4416, 4953, 4662, 5030] [347, 348, 349, 360, 350, 359]
110 363 125 4.57 [3171, 3058, 2865, 3283, 3324, 3313, 3262, 2895, 2997, 3028] [303, 258, 189, 362, 361, 363, 364, 197, 213, 269]
111 207 299 2.37 [2462, 2891] [326, 365]
112 190 236 3.19 [2712, 2771, 2763] [367, 366, 368]
113 126 253 3.57 [4244, 3911, 4535, 4258, 4382, 4355] [283, 212, 369, 284, 333, 307]
114 156 167 2.37 [2651, 2802, 2567, 2896, 2999, 2820, 2877, 2614] [326, 329, 330, 331, 370, 332, 334, 343]
115 129 345 3.04 [4296, 3863, 3905, 4212, 4338, 4492, 4436, 4045, 4282] [321, 214, 220, 286, 335, 371, 372, 222, 336]
116 201 137 1.67 [3254, 3442, 3390, 2825, 3138, 3107, 3097] [351, 373, 374, 344, 345, 346, 347]
117 280 270 3.56 [5382] [366]
118 362 341 4.89 [4359, 4167, 4536, 4462, 4551] [260, 202, 353, 311, 367]
119 307 248 2.37 [3020, 3154, 3340, 3165] [326, 329, 365, 330]
120 134 347 4.86 [3883, 3998, 4070] [272, 312, 368]
121 194 187 2.96 [7386] [355]
122 240 219 3.51 [6129, 6069, 6387] [277, 271, 370]
123 177 302 1.12 [7764, 7238, 7644] [349, 352, 354]
124 279 372 2.54 [19284, 17613, 18577] [361, 203, 287]
125 295 368 4.1 [2308, 2549, 2613, 2188, 2404, 2637, 2180, 2348] [208, 293, 373, 163, 233, 374, 167, 228]
126 142 145 2.72 [3208, 3099] [360, 331]
127 267 367 4.77 [17811, 17427, 20502] []
128 183 296 1.21 [3552, 3497, 3595, 2973, 3235] [348, 350, 354, 349, 359]
129 342 219 3.06 [3153, 2979, 2777, 2835, 2758, 3143, 2603, 2941, 2931, 3114] [341, 274, 249, 267, 229, 322, 170, 281, 276, 340]
130 244 183 2.51 [4382, 4075, 4507, 4005, 4354, 4242, 3796, 3810, 4047] [299, 266, 305, 237, 322, 282, 173, 181, 267]
131 274 350 2.25 [5012, 5227, 5872] [174, 231, 365]
132 251 149 1.89 [7089] [332]
133 203 358 1.03 [15944, 15335, 17550, 18103, 17439, 16221, 15114, 15391, 16941] [344, 346, 348, 349, 350, 352, 345, 354, 359]
134 349 346 1.92 [1858, 2111, 1981, 2084, 2146, 2015, 2139, 2159, 2235] [350, 352, 346, 354, 359, 348, 344, 347, 351]
135 287 335 3.5 [13814, 12364, 13473, 11511, 14027, 13302, 11853, 12279] [314, 159, 297, 128, 362, 273, 131, 169]
136 372 370 4.84 [2643, 2328, 2392, 2538, 2231, 2408, 2255, 2295, 2376] [372, 220, 253, 293, 164, 255, 165, 208, 222]
137 262 209 2.21 [5772, 5477, 4998, 5920, 5053, 5237, 5422, 5883, 5791, 5219] [330, 268, 170, 334, 182, 230, 270, 325, 340, 249]
138 165 137 1.44 [3185, 3296, 3135] [347, 349, 351]
139 341 278 1.24 [4844, 5291] [347, 351]
140 185 304 3.69 [2033, 1969, 1926, 2161, 1962, 2303, 2282, 2005] [294, 295, 309, 310, 315, 360, 343, 326]
141 270 328 4.42 [5039, 4634, 4439, 4698, 4990, 4488, 4682] [363, 204, 192, 242, 364, 201, 217]
142 307 184 4.36 [2671, 2740, 2483, 2723, 2466, 2414, 2543, 2337] [321, 371, 233, 373, 262, 214, 286, 172]
143 236 157 2.02 [3663, 3125, 3428, 3540, 3573, 3596] [351, 344, 346, 345, 347, 329]
144 331 198 4.88 [5486, 5307, 5864, 5091, 5414, 5900, 5666, 4965, 5145] [223, 213, 369, 175, 243, 316, 298, 161, 179]
145 137 165 3.73 [2930, 3182] [274, 374]
146 310 182 1.45 [2801] [349]
147 232 227 3.82 [5765, 4886] [300, 163]
148 233 203 1.89 [2025, 2011, 2081, 2157, 2122, 2074, 2248] [348, 344, 349, 350, 352, 354, 359]
149 130 369 4.72 [4280, 4249, 4827, 4358] [187, 188, 335, 197]
150 365 280 2.29 [2695, 2740, 2926, 2597, 2766] [346, 347, 351, 344, 329]
151 342 137 3.19 [5261, 5484, 5316, 5595, 5521, 5688, 6097, 5818, 5539, 5428] [165, 209, 171, 240, 224, 247, 336, 252, 244, 189]
152 231 207 1.91 [4160, 3836, 3822, 4484, 4428, 4245, 4216, 3948, 4625] [346, 344, 350, 351, 345, 347, 359, 348, 329]
153 239 318 2.91 [2350, 2444, 2693] [326, 329, 331]
154 290 306 1.43 [5349, 4979, 5419] [352, 349, 354]
155 220 281 1.65 [9680] [360]
156 244 186 3.69 [2442, 2381] [341, 343]
157 187 251 1.7 [2041, 2269, 2092] [349, 352, 354]
158 144 243 4.22 [1897, 2229] [173, 305]
159 304 321 1.25 [13999, 12916, 11876, 13349, 14129, 13306, 12266, 13739] [344, 345, 329, 347, 331, 350, 352, 351]
160 320 346 1.81 [8408, 8331, 8075, 7998, 7511, 7178, 7767, 7357, 7434, 7229] [341, 299, 281, 276, 229, 181, 266, 237, 267, 282]
161 253 263 2.75 [2458, 2656, 2466, 2532, 2507, 2615, 2384, 2573, 2714] [346, 295, 309, 310, 315, 326, 348, 359, 294]
162 321 125 2.05 [2702, 3025, 2897, 2829, 2907] [315, 326, 349, 352, 354]
163 144 201 4.09 [2544, 2168, 2145] [365, 167, 173]
164 221 287 1.97 [2579] [354]
165 338 190 2.6 [7915, 7890] [304, 303]
166 192 310 2.37 [6263, 6834, 5933, 6966, 6329, 6241, 6351] [228, 373, 176, 371, 236, 233, 262]
167 186 129 4.71 [2220, 2277, 2351, 2466] [268, 274, 286, 374]
168 153 356 4.9 [9360, 9512] [264, 368]
169 372 266 2.62 [5592, 5977, 5997, 6018, 6565, 6443] [164, 251, 255, 278, 372, 275]
170 232 276 4.38 [8653] [337]
171 216 210 3.41 [1984, 2031] [310, 326]
172 272 256 2.76 [2136, 1955, 2283, 2053, 2241, 1913, 1997, 1934] [294, 295, 309, 315, 326, 310, 346, 354]
173 160 304 2.07 [6854, 6495, 6411, 6748, 6010] [305, 309, 270, 322, 230]
174 296 149 4.55 [3278, 3668, 3055, 3445] [199, 333, 136, 258]
175 235 155 2.96 [2398, 2091, 2293, 2039, 2031, 2271] [295, 315, 326, 329, 348, 359]
176 301 247 4.65 [4714, 4697, 4984, 4883, 5406] [168, 166, 204, 202, 367]
177 140 341 4.28 [4308, 4380, 4539, 4222, 4322, 3890, 4409, 4150, 4020, 4351] [265, 269, 307, 221, 279, 177, 283, 252, 206, 280]
178 335 342 2.07 [8247, 8801, 9325, 9005, 8101, 7985, 8218, 8014, 8742, 8480] [207, 286, 293, 321, 172, 208, 214, 219, 253, 220]
179 207 318 1.49 [3552, 3112, 3529] [354, 294, 352]
180 262 133 3.65 [9387, 9026, 9617, 10109, 10700, 10372, 9485, 10043, 10733, 9124] [162, 153, 192, 242, 301, 272, 196, 250, 353, 155]
181 322 242 3.59 [2284, 2067, 2161, 2320, 2147] [310, 331, 332, 343, 315]
182 335 326 1.37 [2136, 2114, 2072, 2093, 2306, 2207] [345, 347, 350, 349, 354, 346]
183 165 220 4.25 [5221] [302]
184 333 341 2.53 [2553] [351]
185 149 137 4.68 [6179, 6076, 6651, 6466, 5543, 6138] [217, 212, 312, 284, 161, 225]
186 232 127 2.13 [1944, 2274, 2282, 2038, 2253, 2131, 2325] [332, 326, 348, 329, 359, 344, 295]
187 172 258 1.13 [4214, 4781, 4856, 4348, 4811, 4423, 4722, 4408, 4647] [346, 310, 315, 326, 331, 332, 343, 294, 295]
188 371 263 3.08 [3292, 3245] [334, 340]
189 182 340 1.01 [4652] [349]
190 230 206 2.1 [4717, 4444, 4487, 4343, 4185, 4401, 4588, 3941] [360, 182, 310, 329, 331, 294, 343, 249]
191 318 344 2.27 [3980, 3966, 3926, 4127, 4394, 3806, 4287, 3993] [170, 295, 326, 325, 332, 181, 315, 330]
192 299 196 1.61 [12474, 14545, 14453] [167, 374, 365]
193 215 187 4.91 [2279, 1905, 2148, 2044, 1912, 2065, 1947, 2134, 1885, 2231] [334, 173, 268, 174, 182, 231, 229, 274, 170, 340]
194 315 250 1.38 [10761, 10492, 9416, 9584, 10526, 9887, 9786, 9214, 10660] [348, 351, 266, 267, 345, 282, 347, 237, 359]
195 319 264 1.82 [3221, 3582, 3374, 3593, 3308, 3199, 3276, 3560] [360, 344, 281, 346, 276, 352, 354, 350]
196 348 343 3.37 [3362, 3618, 3451, 3607, 3250, 3630] [231, 341, 274, 305, 249, 325]
197 265 214 1.88 [5453, 5354, 4608, 5437, 5420] [310, 330, 294, 343, 299]
198 144 204 2.75 [2811, 2888, 2897, 2916, 2620, 2830, 2878, 2725] [276, 295, 315, 331, 281, 332, 181, 326]
199 317 165 3.55 [3882, 4032, 4264] [205, 222, 372]
200 304 227 4.49 [6295, 6723, 6520, 6678, 7197] [201, 232, 223, 257, 364]
201 276 359 3.68 [1911, 2239, 2176, 2197, 1918, 1890, 2058] [309, 322, 332, 360, 299, 331, 230]
202 374 235 1.75 [4289] [354]
203 223 256 4.67 [2567, 2473, 2284] [371, 334, 198]
204 237 278 3.6 [3558, 3642, 3679, 3958, 3630, 3946, 3849] [198, 228, 236, 275, 233, 373, 255]
205 135 188 2.78 [4094, 3736, 3974] [322, 276, 270]
206 349 239 2.2 [2289, 2472, 2576, 2400, 2305, 2233, 2568, 2624] [360, 344, 346, 349, 350, 281, 352, 329]
207 139 232 2.24 [2828, 2628] [329, 350]
208 330 320 1.97 [10037, 9046, 10070, 9871] [262, 174, 371, 321]
209 371 152 1.79 [5223, 5730, 6031, 5392, 5975] [230, 295, 181, 326, 315]
210 337 141 3.83 [2657, 2592, 2341, 2455, 2398, 2293] [330, 309, 266, 270, 281, 276]
211 201 136 4.15 [3428, 3538, 3373, 3119, 3251, 3483, 3626, 2987, 3406] [251, 278, 222, 164, 205, 372, 289, 172, 275]
212 366 364 1.75 [8222, 8652, 9368, 8938, 9225, 9253] [230, 282, 299, 332, 343, 322]
213 134 148 2.64 [3469] [294]
214 373 140 2.33 [2166, 2195, 2210, 2325, 1979] [310, 344, 349, 352, 331]
215 193 231 4.16 [3211, 2968, 2936, 3390, 3316, 3242, 2957, 3274, 3411] [255, 173, 176, 293, 334, 268, 198, 325, 289]
216 270 323 4.91 [17258, 17641, 15074, 16439, 17750, 15838, 15784] []
217 148 272 3.51 [5067, 4540, 5098, 4494] [333, 199, 258, 251]
218 314 358 3.28 [11003, 11444, 11123, 12287, 12368, 12167, 12127, 11765, 12890, 12970] [125, 145, 179, 260, 263, 261, 265, 234, 311, 366]
219 302 250 4.63 [2117, 1921, 2103, 2076, 2211, 2002, 2198, 1969] [229, 170, 182, 249, 340, 270, 330, 274]
220 182 223 3.05 [4605, 4683, 5121, 4276, 4871, 4761, 4698, 4792, 4839] [207, 219, 373, 182, 286, 220, 228, 253, 305]
221 301 243 2.01 [4806, 4732] [360, 267]
222 258 343 3.99 [11633, 10940, 11962, 10868, 11597, 11451, 10831] [200, 184, 328, 185, 316, 298, 186]
223 131 369 4.11 [2563, 2390, 2554, 2658] [231, 270, 309, 341]
224 257 328 3.79 [5286, 5318, 5138, 4793, 4892, 4481] [336, 355, 283, 206, 240, 136]
225 204 153 4.26 [3288, 3022, 3192, 3001, 3107] [340, 208, 289, 214, 236]
226 167 166 3.44 [2162, 2020, 1959, 2209] [310, 331, 329, 237]
227 209 289 1.41 [2568, 2676, 2810, 2577, 2595, 2944] [344, 346, 354, 347, 350, 359]
228 231 133 2.86 [3274, 3306, 2967, 3062, 3030, 3126, 3295, 2861, 3369, 3051] [276, 237, 181, 315, 294, 295, 360, 326, 281, 310]
229 203 131 3.23 [5931, 5383, 5755, 5696, 6225, 6029, 6401, 6303] [209, 165, 177, 171, 247, 244, 304, 303]
230 374 195 4.77 [3257] [289]
231 222 302 3.0 [3220, 3634, 3646] [237, 170, 229]
232 163 245 4.61 [2178, 2500, 2454, 2239, 2124, 2109, 2339, 2086] [229, 274, 341, 231, 167, 249, 330, 170]
233 373 317 1.8 [5473, 5402, 5208, 5296, 4855] [329, 331, 351, 348, 345]
234 369 171 4.23 [4912, 4714, 5340, 4796, 4631, 5043, 4829] [269, 221, 363, 271, 252, 277, 279]
235 320 317 1.42 [2819, 3031, 2745] [352, 349, 346]
236 355 200 3.37 [2899, 2629, 2619, 2796, 2545, 2778] [266, 267, 360, 281, 294, 276]
237 255 273 3.04 [7093, 6939, 6873] [307, 280, 333]
238 308 362 2.44 [9710] [258]
239 246 169 2.11 [4812, 4561, 4595] [310, 315, 181]
240 318 365 1.16 [8752, 8421, 9504, 9323, 8632, 9594, 9895, 8180, 8271, 8902] [322, 266, 295, 299, 281, 326, 359, 282, 309, 267]
241 302 217 2.69 [8191, 8432, 8459, 8137, 8406, 7681, 7546, 8486, 8164, 7466] [189, 283, 323, 224, 355, 199, 136, 370, 275, 164]
242 313 220 3.41 [3031, 3002, 3088, 2868, 2639] [249, 231, 270, 276, 230]
243 318 320 4.73 [5138, 5271, 5238, 5105, 4804, 5021] [302, 300, 335, 296, 239, 292]
244 236 195 2.14 [2168, 2073, 2148, 2202, 1972, 2229, 2188] [344, 352, 347, 350, 349, 354, 346]
245 274 293 1.31 [6750, 6495, 7306, 6332, 6541, 7260, 7167] [331, 329, 332, 345, 343, 360, 294]
246 177 208 2.32 [7379, 6632, 6745, 7221, 6972, 6270, 6202] [374, 176, 233, 274, 341, 229, 167]
247 327 155 2.45 [7533, 7388, 7848, 7727] [222, 255, 278, 372]
248 277 253 1.08 [3845, 3692, 3768] [347, 344, 354]
249 273 312 4.81 [2518, 2727, 2937, 2554, 2673] [172, 205, 293, 173, 219]
250 150 216 2.59 [5820, 6562, 6402, 6321, 6101] [198, 334, 325, 371, 262]
251 180 358 3.59 [2121, 1898, 1925, 1864, 1959, 2074, 2013, 2155, 2006, 1831] [181, 230, 237, 249, 270, 276, 310, 315, 330, 346]
252 251 193 3.14 [6117, 6196, 6037, 5998, 5760, 6473, 6216, 6334, 5661] [206, 240, 251, 268, 165, 303, 340, 289, 205]
253 179 374 3.22 [3393, 3480] [231, 365]
254 361 177 1.52 [2105, 1912, 1898, 2119, 1988, 2064, 2188, 2222] [310, 181, 315, 348, 349, 350, 351, 352]
255 324 244 1.14 [2139, 2250, 2258] [351, 350, 348]
256 129 274 4.31 [4929, 5063, 4896, 5263, 5046, 4511, 5246, 4578, 5347, 4779] [183, 188, 187, 319, 197, 132, 363, 130, 313, 141]
257 279 187 2.45 [10567, 9652, 10668] [271, 163, 336]
258 242 321 3.53 [3487] [365]
259 363 289 4.05 [11625, 11129, 11093, 10774, 9676, 9711, 10703, 10314, 10455] [357, 306, 290, 308, 140, 143, 312, 149, 235]
260 243 181 4.58 [2882, 2701, 2485, 2512, 2584, 2458, 2927, 2449, 2837] [305, 207, 174, 182, 208, 214, 373, 220, 236]
261 138 325 2.77 [5378, 5843, 5521, 5039, 5468, 4896, 5771, 5271, 4985] [220, 286, 228, 173, 321, 170, 253, 233, 174]
262 311 164 3.37 [2796, 2564] [270, 237]
263 367 365 2.87 [4891] [330]
264 318 253 4.71 [4030, 3802, 4177] [304, 142, 307]
265 280 189 4.05 [3362, 3444, 3574, 3715] [208, 305, 373, 293]
266 183 345 1.34 [2871, 3043, 3123] [230, 249, 347]
267 131 231 4.24 [2586, 2328, 2287, 2461, 2361, 2453, 2719] [231, 270, 276, 309, 322, 249, 365]
268 337 188 2.87 [2461] [310]
269 334 255 4.52 [8319, 9917, 9525] [144, 356, 342]
270 252 176 1.69 [9305, 8320, 9160, 9537, 8030, 8146, 8783, 8378, 8957] [282, 181, 237, 343, 266, 267, 281, 299, 332]
271 273 215 4.11 [4116] [244]
272 279 180 4.34 [2186, 2170, 2254, 2483, 2262, 2292, 2361, 2377, 2399] [214, 276, 207, 309, 270, 322, 341, 231, 249]
273 207 160 2.44 [11463, 11253, 9541, 9436, 11114, 10764] [277, 323, 133, 142, 269, 221]
274 182 155 3.5 [2256, 2035, 2083, 1993] [315, 331, 360, 294]
275 257 233 4.42 [2021, 1865, 1919, 1851] [230, 310, 360, 295]
276 304 194 1.24 [10368, 11096, 9778, 11339, 11373, 10957, 11304, 9362] [172, 236, 167, 365, 176, 219, 374, 182]
277 141 172 4.44 [3542, 3517, 3922, 3358, 3493, 3346, 3407, 3309, 3382] [171, 177, 247, 207, 222, 208, 214, 209, 253]
278 312 221 2.52 [3819, 3807, 3420, 3432, 3532] [294, 315, 270, 326, 331]
279 153 225 3.09 [16518, 14737, 15763, 16356, 16950, 15871] [369, 154, 284, 367, 358, 317]
280 236 238 1.55 [2481, 2537, 2239, 2594] [348, 354, 349, 344]
281 289 283 4.23 [8401, 8747, 8891, 8458, 7910, 7794, 8545, 8660] [213, 318, 320, 243, 175, 166, 300, 364]
282 286 230 3.14 [5824, 5939, 5213, 6187] [278, 293, 173, 333]
283 260 125 4.83 [2836, 2771, 3021, 2567, 2753, 2975] [255, 262, 372, 198, 274, 334]
284 224 140 4.13 [4316, 4162, 4285, 4979, 4717, 4362, 4455] [209, 171, 206, 370, 280, 224, 247]
285 339 168 3.87 [3062, 3397, 3364, 3241, 3632, 3274] [228, 321, 371, 330, 325, 341]
286 282 176 4.9 [2174, 2247, 2050, 2152, 2094, 2393, 2218, 2378] [174, 229, 220, 231, 249, 286, 309, 233]
287 303 369 4.9 [2516, 2698, 2394, 2403, 2472] [371, 373, 305, 341, 321]
288 253 294 1.69 [2311, 2270, 2460] [352, 351, 350]
289 353 208 3.0 [6292, 6503, 5870, 6672, 6187, 6905, 6461, 5722] [177, 268, 165, 244, 199, 258, 372, 198]
290 238 256 3.65 [3887, 3642, 3531, 3960, 3777] [286, 220, 233, 325, 228]
291 314 284 2.09 [12308, 11478, 11968, 10269, 11855, 11629, 10194, 10571, 10836] [279, 205, 355, 189, 303, 334, 207, 208, 214]
292 293 315 1.56 [1909, 1998] [346, 359]
293 326 175 4.82 [2305, 2459, 2386, 2491, 2612, 2524] [170, 305, 341, 330, 373, 321]
294 349 177 2.79 [8025, 8050, 6994, 6700, 7780, 7289] [304, 252, 164, 136, 240, 251]
295 242 158 2.37 [6655, 5975, 6570] [371, 229, 174]
296 240 354 4.2 [4696, 4183] [307, 247]
297 163 193 1.54 [3062, 2811, 2765, 2839, 2802, 2672, 3025, 2904, 2737, 2727] [329, 344, 345, 346, 347, 350, 351, 354, 359, 348]
298 260 348 4.06 [16663, 16929] [259, 291]
299 130 357 2.01 [2804, 2446] [349, 326]
300 279 190 1.43 [12949, 11202] [322, 230]
301 368 171 3.9 [4688, 4961, 4807, 5389, 5475, 5611, 5458] [132, 275, 163, 150, 363, 370, 248]
302 341 274 1.9 [4152, 4251, 4096, 4011, 4490, 4265] [295, 315, 329, 310, 360, 276]
303 287 167 4.99 [2455, 2616, 2411, 2696, 2857] [220, 274, 172, 262, 255]
304 340 240 3.81 [8380, 7670, 7775, 7486, 8537, 7592, 7513, 8012, 7355] [254, 168, 180, 183, 335, 188, 187, 202, 190]
305 135 209 4.24 [8012, 7440, 6818, 7639, 6992] [313, 204, 141, 215, 180]
306 248 228 3.69 [3621, 3633, 3344, 3957] [286, 305, 170, 373]
307 310 283 1.64 [2086, 2106, 2187, 2053, 2160] [346, 345, 352, 359, 294]
308 319 192 3.87 [1974, 2022, 1852, 1838, 1866, 1934, 1981, 2233, 1906, 2111] [181, 231, 326, 282, 281, 299, 332, 266, 331, 270]
309 174 139 1.21 [13580] [309]
310 340 230 1.04 [2953, 2874, 2893, 2735, 2745, 3071, 2844, 3180, 3140] [249, 343, 354, 344, 267, 348, 237, 347, 351]
311 226 224 2.97 [6960, 6169, 7157] [289, 222, 283]
312 153 195 2.94 [3585, 4101, 3817, 3804] [266, 231, 276, 270]
313 187 130 1.75 [2102, 2316] [345, 294]
314 260 362 4.3 [4743, 5056, 5212, 5421, 4726, 5230, 5143, 4900, 4691] [271, 280, 197, 319, 307, 248, 363, 336, 252]
315 196 360 4.58 [2627, 2432, 2368, 2441, 2303, 2400, 2635, 2230, 2287] [233, 228, 321, 325, 182, 330, 341, 231, 249]
316 280 172 3.38 [4120, 4341, 4003, 3973, 4032, 4606, 4826, 4562] [219, 236, 172, 176, 220, 262, 255, 274]
317 195 147 3.97 [2852, 2816, 2764, 2561, 2825, 2860, 2482, 2464, 2658] [365, 233, 167, 299, 374, 325, 270, 281, 249]
318 169 358 3.17 [4085, 4248, 3880, 4003, 3962, 4234, 3676, 3785] [341, 330, 373, 305, 170, 321, 229, 228]
319 189 187 3.94 [2798, 3083, 2808] [182, 286, 231]
320 225 227 1.1 [4711, 4741] [332, 360]
321 270 244 2.63 [3000, 3345, 3081] [310, 181, 326]
322 136 204 1.92 [2651, 2333, 2626, 2385, 2582, 2436, 2600, 2789, 2505] [331, 295, 346, 282, 350, 329, 352, 359, 349]
323 271 217 1.89 [15124, 17543, 17048, 17213, 15234, 16389, 15014, 15784, 17653] [132, 333, 302, 340, 150, 209, 133, 125, 131]
324 192 325 3.19 [18696, 19892, 19829, 18318] [160, 241, 339, 194]
325 140 145 2.49 [2334, 2488, 2458] [294, 343, 315]
326 215 162 1.82 [3114, 3373, 2942, 3502] [348, 267, 345, 237]
327 156 249 1.16 [2203, 2366, 2084, 2069, 2024, 2106, 2433, 2441] [354, 351, 295, 331, 344, 346, 282, 347]
328 157 185 4.05 [5967, 5834, 5513, 6155, 5230, 6004, 5910, 5891, 5853] [239, 277, 197, 292, 206, 296, 319, 370, 248]
329 235 286 4.1 [2873, 2727, 2974] [174, 253, 371]
330 210 287 1.43 [5469, 5431, 5679, 5909, 6004, 5851, 5813, 5832, 5450] [181, 266, 276, 278, 325, 310, 343, 374, 315]
331 287 169 2.24 [6826, 6181, 7293, 6582, 7226, 6204, 6092] [365, 167, 219, 293, 233, 173, 236]
332 131 135 2.86 [5732, 5276, 5136, 5767, 5662, 5083, 5504, 5679] [274, 220, 176, 373, 305, 228, 286, 253]
333 212 309 4.27 [7386, 7361, 8032, 7013, 7485, 8107] [201, 204, 217, 161, 212, 257]
334 309 278 4.37 [5123, 5674, 5052, 5835] [221, 292, 224, 296]
335 241 152 3.57 [2185, 2350, 2078, 2214, 2278, 2221] [281, 294, 326, 332, 360, 299]
336 222 126 4.5 [2374] [249]
337 235 161 2.48 [11628, 12038, 11963] [269, 323, 363]
338 321 353 4.57 [2592, 2228, 2617, 2657] [371, 170, 330, 321]
339 321 135 1.13 [3648, 3600, 3780, 3612, 3588, 3684, 3936, 3456] [267, 237, 329, 295, 350, 359, 270, 282]
340 251 136 3.14 [6674, 7936, 7426, 7596, 6844, 6989, 6577, 6552, 7790] [136, 280, 244, 258, 142, 163, 164, 165, 279]
341 374 294 3.4 [3436, 3545, 2965, 3479, 3097, 3020, 3293, 3458, 3053] [182, 341, 172, 229, 174, 255, 262, 231, 299]
342 133 238 4.75 [5105, 5496, 4868, 4902, 5462, 5021, 5445, 5546, 4817] [248, 232, 171, 197, 239, 247, 223, 225, 221]
343 172 145 4.64 [7669, 7243, 6892, 6917, 7468] [353, 272, 162, 192, 337]
344 266 129 1.93 [6338, 5826, 6040, 6189, 6659, 5805, 6787, 6509, 6488] [268, 249, 199, 281, 278, 230, 177, 198, 222]
345 316 153 2.08 [5608, 5719, 5756] [294, 372, 322]
346 216 179 3.44 [7110, 8027, 6912, 7482, 8151] [224, 296, 189, 271, 319]
347 176 310 2.31 [2382, 2587, 2422] [346, 331, 352]
348 135 191 4.01 [10574, 9900, 10237] [285, 218, 288]
349 150 159 1.27 [3842, 4009, 4137, 3636, 3687] [326, 332, 360, 351, 349]
350 236 151 1.35 [3247, 3213, 3573, 3472, 3427] [345, 330, 347, 348, 321]
351 247 257 2.67 [10597, 10060, 10740, 11098, 11743] [240, 206, 252, 275, 292]
352 160 297 1.94 [3271, 3369, 3141, 3217, 3293, 3402, 3076] [344, 325, 262, 255, 371, 170, 270]
353 235 218 3.43 [3484, 3869, 3792, 3921, 3651, 4062, 3741, 4178] [229, 341, 293, 172, 174, 374, 182, 289]
354 370 173 4.59 [7127, 7018, 6865, 6733, 6318] [335, 225, 202, 223, 168]
355 167 346 1.84 [5787, 6445, 6146, 5528, 5508, 6545] [231, 251, 253, 173, 228, 283]
356 179 330 1.61 [3348, 4040, 3719, 3855, 3521, 4003, 3496] [267, 266, 286, 237, 282, 276, 295]
357 260 302 4.78 [2743, 2762, 3144] [236, 274, 304]
358 160 130 3.3 [4695, 4966, 5322, 5169, 4796, 4881, 5084, 5068, 5152] [205, 303, 307, 334, 208, 373, 207, 255, 355]
359 270 288 3.04 [3635, 3887, 4152, 3648, 3938] [176, 305, 309, 299, 220]
360 150 187 2.57 [2806] [331]
361 273 290 1.26 [5199, 5056, 4705] [343, 219, 233]
362 213 132 4.51 [5716, 4942, 5681, 4854, 5118, 5101] [190, 258, 336, 244, 277, 280]
363 137 336 4.49 [2189, 2228, 2150, 2382, 2197] [371, 365, 330, 321, 167]
364 280 207 1.34 [7598, 6866, 7446, 7345, 7270, 7572, 7118, 7547, 7421, 7522] [262, 170, 214, 222, 293, 304, 177, 325, 372, 289]
365 229 280 3.29 [6669, 7284, 7449, 7473, 7780, 7662, 6740] [142, 283, 355, 279, 307, 370, 163]
366 163 184 2.59 [3436, 3097, 3282, 3381, 3075, 3184, 3414, 3392, 3009, 3479] [181, 346, 270, 360, 326, 329, 332, 310, 359, 315]
367 217 210 5.0 [2274, 2230, 2194] [274, 172, 174]
368 142 348 1.38 [2115] [354]
369 167 324 1.38 [8969, 8212, 8268, 8240, 7652, 8380] [199, 236, 268, 278, 286, 198]
370 262 287 1.78 [2619, 2602] [350, 352]
371 331 302 2.32 [4036, 4324, 4238, 3892, 3979, 3993, 4152] [182, 371, 330, 229, 321, 374, 341]
372 214 161 3.78 [2426, 2395, 2365, 2510, 2304, 2174, 2288, 2205, 2487] [167, 230, 249, 276, 309, 266, 322, 282, 365]
373 139 221 2.05 [2554, 2582, 2777, 2991, 2694, 2749] [176, 220, 299, 305, 331, 354]
374 294 200 3.58 [3475, 3606, 3310, 3212, 3562] [173, 251, 253, 172, 274]
375 361 374 2.51 [11377] [302]
376 314 351 4.08 [7043, 7425, 7616, 7473, 6733, 6613, 7544, 6661] [239, 183, 196, 254, 187, 188, 232, 190]
377 148 324 4.96 [5233, 5504, 5436] [141, 250, 301]
378 148 354 4.0 [4336, 5140, 4257, 4415, 4794, 5109, 4730, 4526] [164, 304, 177, 205, 165, 303, 289, 251]
379 193 360 4.24 [2440, 2186, 2337, 2369, 2218, 2520] [233, 231, 228, 219, 281, 174]
380 284 369 3.86 [2252, 2153, 1947, 1962, 2330, 2096, 1919] [237, 267, 181, 294, 373, 295, 310]
381 147 270 1.54 [2716, 3068, 3116, 2735, 2668, 2649, 2592, 3078, 2830] [255, 345, 347, 207, 315, 334, 344, 351, 348]
382 320 324 1.22 [2915] [208]
383 183 170 1.84 [4245, 4074, 4192, 3995, 4324, 3745, 3627, 3653, 3588] [167, 220, 305, 249, 365, 176, 270, 309, 276]
384 266 270 1.42 [2836, 2707, 2670, 2551] [349, 322, 343, 332]
385 316 324 3.37 [3505, 3898, 3430, 4037, 3809, 3518, 3721, 3581, 3657] [373, 321, 229, 374, 341, 253, 330, 182, 371]
386 168 320 3.25 [10500, 9558, 9087] [242, 212, 153]
387 339 300 1.84 [17114, 15741, 15952, 15160, 14896, 16480, 15318] [277, 269, 150, 132, 197, 136, 248]
388 139 331 4.56 [2469, 2198, 2454, 2402, 2093, 2176, 2386, 2447] [174, 173, 233, 372, 231, 262, 228, 219]
389 307 174 3.28 [3273, 3228, 3082, 3531, 3553, 3374, 3396] [207, 214, 230, 274, 334, 222, 293]
390 239 369 1.68 [14691, 14538] [268, 363]
391 319 213 3.32 [4590, 4770, 4123, 4214, 4334, 4785, 4078, 4349, 4710] [325, 208, 173, 172, 278, 199, 262, 372, 255]
392 227 324 1.49 [6396, 6375, 6544, 6818, 6290, 6797, 6121] [170, 266, 360, 299, 282, 281, 295]
393 325 171 1.15 [5561, 5385, 6109, 5953, 5835, 5816, 6070] [198, 205, 333, 237, 219, 228, 267]
394 167 344 2.18 [4328] [294]
395 130 275 3.4 [3531] [286]
396 194 218 4.36 [6144, 6501, 6211, 6837, 6278] [155, 180, 296, 215, 313]
397 148 176 1.89 [4080, 3780, 4210, 4158, 3819] [329, 359, 310, 346, 326]
398 127 328 3.98 [2957] [233]
399 372 183 4.41 [7417, 8391, 8608, 8851] [139, 243, 260, 366]
400 314 183 2.99 [2362, 2471, 2646, 2429, 2512, 2370, 2420] [253, 181, 322, 315, 331, 174, 343]
401 364 141 2.0 [2532, 2337] [350, 352]
402 266 322 2.03 [4622, 4830, 4117, 4444, 4518, 4191] [305, 293, 133, 222, 334, 176]
403 330 319 1.82 [3045] [373]
404 139 176 2.6 [2108, 2252, 2191, 2427, 2404, 2465] [220, 309, 236, 231, 332, 348]
405 230 306 2.09 [4789, 4756, 5155, 5138, 5171, 5038, 5304, 4806, 5454, 4656] [274, 304, 323, 214, 207, 371, 209, 177, 340, 321]
406 161 307 2.95 [7053, 6426, 6837, 6253, 6404, 6015, 6966, 6469] [271, 247, 303, 164, 171, 221, 370, 165]
407 272 370 2.3 [2158, 2025, 2098, 1911, 2091] [351, 270, 354, 249, 365]
408 319 142 3.88 [3437] [374]
409 200 161 4.99 [2391, 2808, 2539, 2765, 2626, 2635, 2513, 2426, 2643] [142, 208, 236, 251, 253, 255, 278, 220, 289]
410 313 218 3.2 [3458, 3107, 3359, 3206, 3468, 3414, 3129, 3173, 3031, 3567] [167, 224, 229, 230, 276, 330, 341, 372, 325, 182]
411 254 248 4.89 [14108, 14155, 13968, 13456, 13410, 15319, 15226, 13317] []
412 146 200 1.84 [2385, 2350, 2677, 2669, 2479] [331, 174, 345, 347, 344]
413 248 248 3.15 [3855, 4279, 3802, 3882] [373, 189, 319, 199]
414 342 307 3.63 [7846, 7466, 7792, 7439, 7602, 7927] [161, 254, 336, 232, 319, 201]
415 264 178 2.49 [4813, 4843, 4338, 4442, 4055, 4575, 4664, 4234, 4605] [258, 280, 262, 173, 133, 244, 172, 283, 129]
416 373 345 4.91 [13035, 11114, 12095, 11850, 11155, 12871, 11972] [245, 126, 147, 151, 130, 129, 156]
417 206 359 1.79 [2279, 2265, 2142, 1990] [309, 365, 181, 231]
418 287 198 3.43 [2847, 2857, 2949, 2773] [233, 286, 249, 322]
419 182 275 4.09 [11654, 12313, 12972, 13096, 12684, 11902, 13384, 13178, 12643, 12519] [138, 195, 226, 264, 210, 152, 227, 368, 211, 200]
420 272 307 2.9 [3305, 3340, 3528, 3587, 3481] [270, 251, 163, 289, 279]
421 188 277 3.28 [10721, 10394, 10902, 9849, 9812, 10466, 11775, 10612] [213, 217, 257, 145, 175, 234, 318, 263]
422 265 315 4.25 [20202, 19503, 17534, 18423, 19630, 17661, 18487, 19058] []
423 302 165 1.72 [2978] [343]
424 312 216 2.42 [11274, 11979, 12808, 11315, 12144, 13098, 12559, 12849, 11896, 11937] [166, 187, 364, 168, 188, 265, 300, 307, 224, 240]
425 247 333 3.8 [18363, 17967, 19684, 21534, 19750, 19090, 20345, 19222, 18033] [134, 135, 157, 158, 238, 159, 314, 256, 143]
426 336 366 2.81 [1928, 2183, 2148, 1971, 2098, 2325, 2297] [222, 334, 315, 294, 310, 332, 326]
427 265 255 2.07 [4542, 3905, 4307, 3947, 3822, 3739, 3864, 3933, 4528, 4404] [142, 209, 293, 255, 304, 253, 340, 333, 355, 323]
428 353 359 2.73 [3406, 3416, 3052, 3124, 2812, 3426, 3041] [278, 341, 177, 208, 176, 374, 205]
429 254 180 2.51 [2567, 2489, 2465, 2200, 2161, 2145, 2153, 2317, 2520] [229, 182, 305, 329, 167, 214, 220, 198, 330]
430 207 267 2.33 [4639, 4523, 5340, 5057, 5090, 5023, 4689, 4656] [221, 207, 252, 275, 292, 206, 372, 189]
431 157 257 1.2 [3587, 4064, 3574, 3638, 3909, 3819, 3651] [171, 236, 174, 219, 274, 247, 321]
432 155 237 3.11 [4003, 3779, 3740, 4319, 4201, 4227, 4056] [222, 170, 163, 271, 279, 370, 334]
433 305 330 4.64 [2448, 2050, 2418, 2440, 2125, 2237, 2170, 2395, 2403, 2350] [228, 281, 309, 325, 233, 286, 231, 371, 365, 199]
434 140 232 2.11 [8817, 8733, 9124, 7589, 8315, 7617] [287, 204, 320, 179, 261, 301]
435 277 332 3.08 [2094, 2073, 2128, 1984, 2005] [346, 348, 359, 266, 351]
436 240 258 2.52 [3392, 3030, 3102, 2906, 3278, 2937] [283, 289, 165, 164, 303, 251]
437 230 324 3.1 [13081, 13266, 12619, 15114, 13589, 14514, 14791] [144, 203, 162, 311, 272, 337, 361]
438 272 127 4.25 [2083] [299]
439 180 304 1.83 [2612, 2594] [349, 350]
440 239 232 1.97 [3324, 3418, 3116, 2981] [244, 258, 280, 302]
441 143 168 3.59 [2286, 2229, 2159, 2131, 2116, 2314] [360, 373, 276, 282, 249, 230]
442 235 212 1.87 [2701, 3186, 3148, 2982, 2817, 2914, 3041, 3118, 3196, 3177] [177, 133, 223, 198, 295, 322, 214, 190, 126, 323]
443 311 342 4.95 [7672] [353]
444 236 236 4.35 [7650, 7442, 7546, 7859, 7520, 8535] [192, 155, 196, 202, 215, 250]
445 316 262 2.74 [3104, 2838, 2691, 3064, 2770, 2868, 3113] [355, 237, 142, 333, 205, 304, 340]
446 261 187 4.14 [2160, 2341, 2168, 2349, 2137, 2207, 2506, 2270, 2482, 2176] [208, 173, 182, 220, 332, 262, 330, 209, 305, 278]
447 280 125 3.57 [2097, 2128, 2359, 2289, 2351, 2451, 2235, 2390] [141, 167, 239, 229, 294, 267, 181, 310]
448 143 303 4.48 [5438, 5455, 5296, 4890, 5155] [225, 313, 183, 296, 335]
449 195 152 1.69 [6701, 7084, 6408, 6362, 7220] [141, 223, 171, 239, 180]
450 256 250 3.11 [2345, 2242] [331, 172]
451 313 350 1.69 [5004, 5800, 5729, 5163] [190, 247, 302, 206]
452 258 363 2.76 [3898, 3964, 3977, 3937, 3674, 4161] [199, 253, 255, 252, 176, 293]
453 311 243 2.04 [2293, 2180, 2032, 2046, 2208, 2004, 2300, 2201] [352, 270, 371, 341, 315, 343, 354, 345]
454 276 174 2.53 [2263, 2505, 2287, 2513, 2239, 2538] [365, 325, 231, 228, 326, 374]
455 214 270 3.45 [4938, 4529, 4302, 4287, 4226] [292, 280, 275, 271, 221]
456 320 350 1.51 [2178, 2142, 2055, 2199, 2344, 2250] [165, 233, 164, 289, 283, 286]
457 196 330 2.95 [3411, 3328, 3225, 3028, 2986, 3048, 3214, 2955, 3110, 3131] [189, 244, 258, 323, 373, 303, 336, 251, 279, 370]
458 369 293 1.85 [2166, 2363, 2061, 2476, 2408, 2174, 2068] [219, 209, 207, 163, 266, 274, 236]
459 327 234 3.42 [4862, 4987, 5881, 5845] [128, 153, 201, 125]
460 208 292 2.36 [1978, 2180, 1937, 2145, 2228, 1985, 2013] [372, 299, 281, 347, 309, 329, 344]
461 225 211 1.06 [2620, 2322, 2556, 2612] [232, 142, 304, 355]
462 370 197 2.47 [3231] [212]
463 350 356 4.04 [6093, 5903] [242, 254]
464 242 358 4.08 [2968, 2479, 2669, 2950, 2796, 2841, 2886] [333, 177, 161, 319, 133, 340, 334]
465 168 179 2.07 [2039, 1963, 2122, 2164] [222, 276, 278, 249]
466 247 328 1.5 [4822, 5032, 4774, 4597, 4935] [139, 335, 225, 301, 342]
467 190 314 1.29 [5168, 4666, 5265, 4634, 5282, 4877, 4763, 4439, 4407, 4925] [169, 320, 273, 205, 297, 179, 362, 261, 287, 313]
468 215 260 1.63 [14143, 15076, 15420, 15027, 14045] [218, 235, 356, 288, 306]
469 263 237 3.99 [13125, 12432, 11699, 13247, 11209, 12840, 12188, 12677, 12595, 13329] [328, 191, 148, 324, 149, 316, 185, 327, 290, 338]
470 259 303 1.84 [17763] [357]
471 282 152 4.64 [3946, 3827, 4251, 3999] [183, 283, 363, 336]
472 321 370 4.46 [2294, 1993, 2301, 2081, 2030, 2213, 2147] [208, 173, 321, 174, 198, 262, 214]
473 290 368 1.4 [2379, 2247, 2330, 2668, 2594, 2586, 2677, 2644, 2578] [164, 165, 170, 220, 230, 305, 330, 371, 346]
474 268 188 2.72 [11566, 10707, 11527, 11879, 12660, 11293, 11801, 11058] [184, 140, 186, 243, 285, 257, 260, 204]
475 186 298 3.52 [4161, 4374, 4303, 4089, 4531] [197, 370, 263, 289, 232]
476 331 264 2.16 [4927, 4616, 5205, 4501, 4419, 4714, 5058, 4583] [212, 145, 366, 213, 175, 234, 296, 161]
477 169 363 2.88 [2176, 2002, 2143, 1809, 1989, 1909, 1902] [359, 182, 282, 351, 360, 341, 172]
478 181 318 2.57 [6844, 6917, 6722, 7940] [192, 217, 298, 312]
479 341 182 4.35 [5074] [318]
480 184 274 2.4 [10566, 10792, 12145, 12258, 11017, 11769] [128, 273, 308, 125, 342, 362]
481 186 161 3.81 [12638, 12108, 11048, 11782, 12190, 11007, 13413, 11701] [297, 154, 169, 284, 298, 250, 358, 312]
482 347 306 2.66 [6309, 6133, 6507, 6858, 6397, 6045, 6726, 6573, 6419] [163, 153, 258, 248, 252, 189, 196, 279, 269]
483 134 301 1.11 [7947, 8565, 8404, 7518, 8269, 7491, 8779] [139, 265, 300, 166, 301, 180, 364]
484 292 367 4.75 [3147] [268]
485 169 253 2.1 [2836, 2707, 2796, 2786, 2677, 2905, 3262] [142, 132, 167, 209, 150, 229, 303]
486 263 332 1.05 [2843, 3072, 2753, 2703, 3102, 2713, 3062, 2733] [228, 325, 244, 286, 323, 372, 355, 374]
487 146 249 4.44 [7628, 7445, 8254, 8516, 8019, 7392, 7288, 7053, 7366] [242, 215, 287, 353, 261, 225, 155, 179, 263]
488 362 324 4.38 [2387, 2141, 2007, 2208, 2327, 2112, 2357, 2349, 2342, 2067] [277, 136, 199, 207, 365, 221, 304, 319, 251, 222]
489 353 371 2.99 [2953, 2891, 2880, 2817, 2849, 2995, 3381, 3078, 3099] [190, 271, 270, 233, 274, 278, 275, 280, 292]
490 364 130 3.21 [2130, 2047, 1895, 2081, 1867, 1992] [181, 322, 231, 332, 348, 343]
491 317 169 3.49 [2496, 2231, 2169] [293, 236, 237]
492 169 241 2.45 [2058, 2367, 2109, 2338] [219, 340, 253, 333]
493 240 171 3.76 [6741, 5808, 6782, 6222, 5663, 5974, 6679, 5683, 6720] [320, 141, 201, 239, 168, 187, 335, 188, 223]
494 254 146 4.8 [2117, 2056, 2043, 1838, 1940, 1988, 1859, 2179, 1968] [133, 255, 309, 173, 177, 198, 206, 373, 125]
495 146 162 1.71 [2138, 2011] [267, 295]
496 290 353 4.75 [10329, 11109, 11852, 11927, 10255] []
497 329 224 4.07 [2252, 2388, 2358] [302, 247, 214]
498 360 352 3.53 [9761] [313]
499 233 160 3.91 [4596, 4245, 4498, 4357, 4273, 4301] [171, 319, 254, 224, 334, 183]
500 287 314 1.72 [2362, 2518, 2337, 2492, 2630, 2785, 2604, 2526, 2690, 2811] [164, 321, 174, 176, 165, 310, 331, 294, 262, 208]
501 174 158 2.37 [2481] [315]
502 198 138 3.92 [6059, 6015, 6503, 6370, 7036] [145, 175, 232, 213, 202]
503 356 351 3.75 [9183, 9275, 9000, 8695, 9336, 9030, 9488] [234, 317, 318, 212, 366, 367, 369]
504 187 276 1.05 [3723, 3992, 3467, 3736, 3531, 3685, 4030, 3775] [363, 240, 244, 277, 283, 221, 336, 307]
505 345 293 2.67 [2302, 2352] [249, 299]
506 314 278 4.04 [1993, 2215, 2093, 2122, 2000] [341, 281, 305, 276, 172]
507 248 363 3.59 [2951, 2761, 2676, 2790] [323, 355, 182, 304]
508 269 138 3.2 [8843, 9282, 8609, 8902] [190, 161, 337, 203]
509 307 363 4.77 [8818, 9949, 10627, 9690, 9141, 9271, 9432] [144, 195, 226, 152, 184, 186, 311]
510 277 360 1.14 [3052, 3411, 3153, 3041, 3221] [136, 292, 206, 150, 302]
511 312 206 4.95 [4508, 4652, 4263, 4738, 4162, 3946] [370, 197, 271, 247, 275, 280]
512 334 228 2.79 [2638, 2676, 2864, 2761, 2987, 2808, 2817, 2591] [132, 142, 199, 220, 209, 333, 340, 125]
513 318 150 3.28 [4885] [296]
514 187 240 4.53 [2177, 2093, 2156, 2205, 2191, 2114, 2260, 1996, 2267, 1892] [251, 372, 222, 330, 268, 303, 371, 266, 170, 207]
515 282 341 2.08 [5745] [217]
516 189 208 2.16 [4271, 4777, 4435, 4896, 4792, 4286, 4836, 4405] [196, 192, 177, 361, 133, 205, 272, 289]
517 303 343 2.86 [4072, 3476, 3613, 3911, 3625, 3749, 3936, 4084, 3464] [255, 162, 164, 173, 165, 198, 253, 254, 214]
518 282 359 3.19 [2266, 2545, 2225, 2512, 2348, 2438, 2380, 2405, 2421] [219, 293, 228, 326, 231, 373, 374, 286, 360]
519 290 160 2.72 [4223, 4029, 4197, 4236, 3731] [183, 236, 278, 153, 323]
520 241 157 4.65 [6654, 5514, 5575, 6125, 5860, 5881, 5759, 6166] [320, 139, 141, 168, 223, 242, 300, 335]
521 264 258 1.73 [6186, 6532, 5779, 6613, 6003, 6430] [166, 265, 140, 301, 201, 336]
522 260 302 1.78 [3320, 3366, 3574] [322, 274, 325]
523 161 326 4.34 [2451, 2410, 2643, 2563, 2627, 2427] [233, 208, 365, 309, 229, 167]
524 272 235 2.6 [2850, 3035, 3113, 3064, 3142, 2831] [221, 230, 355, 303, 282, 305]
525 295 179 3.21 [2506, 2515, 2410, 2558, 2602, 2532] [172, 262, 252, 332, 343, 307]
526 225 301 3.84 [2653, 2808, 2817, 3039, 2663] [142, 171, 189, 302, 240]
527 153 153 1.25 [2909, 3071, 3232, 3293, 2940, 2859, 2879, 2970] [150, 188, 248, 319, 224, 206, 239, 244]
528 249 199 2.65 [2835, 2918, 2624, 2688, 2486, 2817] [251, 277, 258, 292, 176, 304]
529 243 253 3.93 [2196, 2301, 2126] [268, 321, 295]
530 297 219 3.45 [4580] [342]
531 221 275 5.0 [2498, 2618, 2806, 2430, 2635, 2318, 2626, 2643] [132, 269, 283, 207, 363, 187, 372, 125]
532 335 150 1.29 [2384, 2168, 2408, 2312, 2433, 2473, 2304] [329, 341, 345, 349, 350, 352, 354]
533 356 157 1.03 [3277, 3694, 3649] [163, 364, 279]
534 301 172 1.05 [4106, 4828, 4543] [145, 261, 287]
535 341 169 3.69 [2751, 2822, 2964] [222, 340, 333]
536 189 174 3.78 [2840, 2895, 2941, 2767, 2739, 2968, 2648, 2629] [179, 155, 136, 174, 257, 209, 199, 243]
537 131 336 4.19 [5023] [260]
538 363 181 4.32 [2430, 2213, 2123, 2198, 2385, 2070] [263, 281, 270, 276, 249, 170]
539 228 324 4.13 [4441, 5028, 4885, 5218, 4679] [175, 308, 362, 356, 353]
540 311 138 2.73 [2709, 2545, 2372, 2314, 2248, 2347, 2396, 2578, 2421, 2643] [271, 181, 202, 213, 182, 215, 225, 237, 267, 180]
541 128 146 4.38 [3140, 2905, 3151, 3204] [280, 204, 273, 285]
542 318 299 1.75 [4958, 4610, 4716, 4746, 4232, 4278, 4172, 4761, 4247] []
543 172 303 1.61 [9746] [306]
544 371 191 1.26 [2149, 2285, 2157, 2052, 2382, 2172, 2435, 2472, 2194, 2300] [293, 299, 330, 275, 359, 344, 347, 334, 346, 371]
545 153 307 2.99 [10014, 11609, 12165, 11683] []
546 192 257 3.15 [4020, 3407] [128, 162]
547 339 308 4.63 [6582, 6268] [218, 361]
548 258 163 4.33 [2463, 2219, 2512, 2487, 2479, 2357, 2528, 2447, 2292] [370, 286, 232, 220, 296, 272, 197, 247, 373]
549 239 185 1.42 [2809] [235]
550 181 199 3.36 [2190, 2265] [219, 266]
551 369 297 1.19 [2308, 2202, 2495, 2316, 2446, 2438] [187, 192, 254, 196, 252, 351]
552 181 337 2.94 [2961, 2911, 2951, 3139, 2861, 2851, 2792, 2702, 2762] [288, 263, 307, 317, 169, 366, 292, 313, 369]
553 267 275 1.5 [2679, 3088, 2841, 2717, 2879] [149, 213, 217, 153, 243]
554 183 128 2.09 [6082, 6147, 7026, 6784, 7004, 7201, 6960, 6104, 6828] []
555 187 144 3.12 [17914, 16981, 19158, 17043, 17230, 19718, 19034, 19842] []
556 359 204 3.59 [4740, 4799, 4549, 4300, 4270, 4491, 4285, 4681, 4652, 4725] [273, 257, 215, 179, 155, 183, 188, 225, 202, 367]
557 320 224 4.03 [2262, 2506, 2499, 2147, 2109, 2338, 2208, 2086] [239, 374, 228, 221, 189, 171, 240, 258]
558 307 144 4.41 [5405, 5422, 5111] [285, 318, 364]
559 236 150 2.02 [2453] [348]
560 305 283 2.9 [3321, 3888, 3779, 3514, 3816, 3490, 3453] []
561 132 316 2.44 [3786, 3520, 4090, 3824, 3862, 3976] [131, 180, 302, 342, 319, 234]
562 162 308 2.23 [4251, 4352, 4367, 3932] [211, 369, 363, 269]
563 213 179 1.9 [3520, 4107, 3903, 3826] [132, 272, 248, 232]
564 215 279 3.89 [3664] [355]
565 191 186 2.46 [7980] [200]
566 180 142 1.89 [2506, 2644, 2212, 2522, 2546, 2400, 2530] [303, 310, 142, 283, 304, 294, 277]
567 287 337 4.8 [5978, 6523, 6038] [138, 210, 357]
568 326 362 2.11 [14130, 15524, 15620, 14370, 14178, 14515, 14995, 14611, 14274, 15139] [328, 368, 227, 362, 297, 327, 338, 324, 356, 264]
569 175 286 1.49 [3627] [224]
570 356 240 1.14 [2099, 2061, 2368, 2211, 2391, 2383] [150, 133, 208, 165, 206, 164]
571 245 275 3.24 [14339, 12457, 13667, 12502, 13756, 12636, 13891, 12860, 14652] [290, 127, 126, 148, 185, 149, 191, 169, 316]
572 129 200 3.01 [2026, 2144] [231, 315]
573 300 255 1.95 [2803, 3166, 2813, 3384, 3229, 2948, 3291] [177, 204, 192, 235, 244, 212, 323]
574 161 364 2.51 [4518, 4174, 4532, 4215, 3871] [287, 261, 203, 288, 275]
575 348 360 4.17 [2653, 2548, 2580, 2467, 2596, 2556] [333, 340, 289, 214, 205, 268]
576 246 209 2.88 [7705, 8544, 8308] [284, 308, 317]
577 150 174 3.23 [2235, 2228, 2212, 2404, 2082, 2374, 2443] [198, 207, 233, 331, 172, 262, 251]
578 244 247 4.79 [1925, 2260] [167, 372]
579 131 135 2.67 [2757, 2677, 2730, 2784] [337, 247, 271, 353]
580 125 202 2.21 [6653, 5480, 6350, 5622, 6572, 5986, 5682, 6087, 5460] [260, 139, 128, 127, 366, 145, 162, 196, 140]
581 203 162 4.91 [13324, 15014, 14965] [137, 246, 216]
582 198 331 3.66 [2675, 2701, 2525] [197, 296, 173]
583 283 171 4.83 [2043] [255]
584 130 360 4.18 [2559, 2888, 2719, 2657, 2692, 2924, 2407, 2550, 2728] [136, 175, 279, 209, 253, 254, 161, 187, 320]
585 215 342 3.28 [2144, 1967, 2243, 1988, 2115, 2038, 2045, 2130, 2306] [229, 163, 321, 222, 305, 274, 278, 309, 341]
586 338 145 3.97 [2204, 2114, 2444, 2106, 2392, 2256, 2475] [199, 176, 370, 242, 280, 263, 365]
587 201 304 1.8 [2037, 2171, 1950, 1843, 1917, 2111, 1823, 1964, 2024] [190, 293, 300, 223, 325, 334, 239, 335, 360]
588 181 251 2.84 [5116, 5245, 5910, 6076, 5467, 5356, 5670, 5042, 5208] [141, 153, 298, 243, 213, 217, 313, 265, 301]
589 211 144 1.98 [2146, 1991, 2382, 2168, 2161, 2058, 2279, 2176, 2006] [236, 168, 221, 171, 166, 201, 252, 371, 240]
590 257 294 2.2 [2149, 2424, 2260, 2357, 2364, 2379, 2283] [170, 336, 330, 189, 258, 292, 307]
591 236 337 4.86 [7540] [367]
592 153 164 3.0 [6016, 6603, 6896, 5953, 6058, 6687] [131, 342, 312, 154, 235, 211]
593 156 202 3.87 [8534, 8764, 8879, 8477, 9051, 8046, 7988, 9310, 9253] [250, 361, 337, 353, 369, 156, 194, 273, 358]
594 192 346 3.43 [4176, 3794] [300, 192]
595 251 295 2.9 [2000, 1888, 1895, 2084, 2223, 2077, 2272, 2160, 2153] [174, 142, 150, 249, 270, 322, 277, 326, 332]
596 190 227 1.6 [1970, 2202, 2108, 2355, 1977, 2122] [165, 206, 283, 373, 182, 343]
597 246 166 1.95 [2522, 2319] [212, 335]
598 202 309 1.87 [2404] [218]
599 238 145 3.39 [2217, 2185, 2351, 2414, 2406, 2501, 2154] [180, 202, 223, 234, 242, 263, 230]
600 254 321 3.5 [3133] [320]
601 160 194 2.72 [3190, 3659, 3536, 3369] [155, 215, 272, 204]
602 365 158 4.91 [2197, 2293, 2115, 2063, 2301, 2360, 2367, 2145, 2123, 2397] []
603 343 199 1.62 [3107] [257]
604 183 222 2.38 [3536, 3513, 3525] [285, 225, 179]
605 337 329 1.5 [2348, 2108, 2417, 2216, 2270, 2239, 2294, 2379, 2487] [219, 133, 303, 164, 276, 220, 286, 239, 126]
606 350 175 3.18 [2606, 2767, 3089, 3022, 2587, 2909] [168, 166, 175, 161, 183, 296]
607 237 148 3.19 [9480, 8768, 10386, 10095, 10548, 9771, 9448, 9351, 10483, 8865] [226, 147, 138, 288, 357, 195, 306, 200, 210, 160]
608 189 257 2.18 [2182, 2033, 2147, 2324, 2069, 2104] [319, 190, 295, 304, 299, 281]
609 286 302 1.45 [6009, 6665, 5804, 5660, 6235, 6029, 5824] [201, 318, 203, 232, 364, 287, 254]
610 168 327 3.91 [3473, 3219, 3166, 3367, 3325, 3176, 3155, 3409] [188, 247, 370, 261, 302, 271, 323, 187]
611 252 352 3.47 [3158, 3198, 2939] [244, 197, 163]
612 191 308 3.41 [2714, 2609, 2895] [248, 224, 280]
613 165 286 4.68 [2424, 2547, 2587] [268, 289, 340]
614 179 312 4.54 [2555, 2587, 2383] [333, 355, 372]
615 328 325 4.22 [8355, 8122, 7188, 8044, 8381, 7032, 7862] [241, 152, 130, 218, 339, 127, 184]
616 312 234 3.38 [2115, 2336] [205, 208]
617 308 356 3.1 [2270, 2277, 2313, 2114, 2015, 2008, 2334, 2058, 2228] [228, 251, 282, 240, 171, 198, 279, 252, 329]
618 148 216 1.28 [6751, 6978, 7046, 6842, 6321] [242, 263, 186, 144, 202]
619 261 329 2.84 [2395] [269]
620 337 194 1.88 [2214, 2393] [255, 374]
621 267 204 4.93 [4709, 4917, 5525, 4900, 5386, 5004, 5039, 4848, 4969] []
622 235 218 1.88 [2189, 2197, 2336, 2491, 2220, 2313, 2406, 2228] [207, 209, 221, 275, 231, 222, 363, 214]
623 339 283 1.66 [4143, 4311, 4372, 4648, 4908, 4128, 4464, 4388] []
624 345 224 4.9 [6091, 6271, 6383] [298, 234, 311]
625 336 138 3.17 [2340, 2573, 2668, 2435, 2496, 2461] [132, 307, 336, 278, 258, 292]
626 313 307 3.26 [5615, 5580, 4843] [140, 335, 128]
627 271 281 2.67 [2299, 2397, 2217, 2479, 2430, 2684, 2495, 2487] [136, 177, 150, 180, 189, 212, 223, 262]
628 363 229 2.98 [3036, 2960, 2638, 2609, 2733, 2723, 2619, 3065, 3008] [293, 199, 139, 142, 145, 190, 206, 277, 162]
629 195 307 4.82 [4395, 4409, 4479] [285, 366, 320]
630 354 231 2.02 [5512, 6118, 5247] [196, 211, 213]
631 156 261 3.78 [2861, 2780, 3063, 3174, 2810, 2931, 2992] [217, 243, 260, 301, 257, 239, 334]
632 277 151 4.76 [4486, 4655, 4516, 4777, 4624, 4808, 5023] [155, 300, 166, 272, 175, 284, 265]
633 360 367 1.67 [5701] [308]
634 204 196 3.86 [2886, 2914] [283, 325]
635 225 204 3.34 [2384, 2277] [267, 237]
636 337 233 4.46 [2981, 3500, 3522, 3191, 3224, 3566, 3533, 3346, 3301, 3544] [141, 319, 192, 153, 161, 313, 317, 168, 179, 183]
637 268 353 4.25 [2229, 1875, 2147, 1977, 2038, 2140, 1896, 1937, 2161] [274, 167, 172, 321, 173, 305, 233, 253, 266]
638 310 280 1.85 [6135, 6687] [154, 151]
639 233 152 3.03 [5776, 5381, 5075, 5398, 5309] [235, 215, 204, 225, 245]
640 281 282 1.17 [4423, 5133] [131, 342]
641 280 305 1.71 [3144, 3318, 3154, 2898] [165, 261, 296, 304]
642 248 357 4.28 [2747, 2703, 2869, 2764, 2457, 2378, 2554, 2729, 2641] []
643 157 247 1.45 [3979, 4244, 4700, 4082, 4332, 4804, 4037] [139, 171, 312, 188, 259, 367, 223]
644 287 332 4.8 [6702, 6659, 6530, 6273, 6552, 7003, 5950] [146, 194, 327, 291, 358, 156, 178]
645 304 129 1.31 [19339, 16713, 16653, 19160, 19100, 18921, 19518, 18145] []
646 176 315 3.04 [2283, 2290, 2172, 2200, 1949, 1942, 2228, 2026] [181, 309, 229, 176, 345, 236, 341, 346]
647 162 251 4.62 [12104, 12972, 12775, 12223, 11631, 12380, 10882, 10646, 12578] []
648 224 195 3.85 [6495, 5983] [212, 145]
649 162 364 1.88 [4859, 4532, 5023, 4729, 5105, 5187] [162, 133, 180, 217, 240, 187]
650 147 143 4.64 [2793, 3118, 2655, 2695, 2813, 3196, 2852, 3078] [224, 164, 221, 247, 248, 303, 279, 252]
651 321 181 3.41 [9117, 9181, 10285, 9559, 8770, 9906, 9685, 8739, 9780, 9370] [147, 227, 193, 264, 243, 338, 259, 260, 245, 368]
652 166 300 3.38 [2224, 2431] [355, 365]
653 295 263 1.79 [2901, 3079, 2929, 3032, 3070, 2591] [292, 275, 271, 280, 269, 197]
654 304 357 3.44 [2640, 2535, 2447, 2860, 2403, 2491, 2632, 2790] [330, 205, 170, 302, 289, 323, 336, 371]
655 262 177 2.96 [8294, 8568, 8871, 8963, 8689] [130, 328, 369, 324, 317]
656 293 331 3.55 [2588, 2680, 2801, 2829, 2634] [307, 340, 373, 363, 333]
657 126 309 3.82 [5469, 5939, 5743, 5292, 6076, 5978, 6174, 5959, 6037, 5900] [148, 353, 203, 297, 273, 285, 301, 287, 250, 257]
658 352 127 3.52 [3185, 2729, 2748, 2996, 3264] [244, 132, 163, 251, 370]
659 290 150 1.75 [5303, 5157, 4620] [364, 318, 320]
660 205 304 1.64 [6542, 6835, 6605, 6187] [191, 241, 337, 284]
661 171 268 3.48 [7528, 7552] [311, 339]
662 340 190 1.6 [5119, 4974, 4522, 4909] [361, 356, 190, 366]
663 190 294 2.89 [2797, 2788, 2902, 3064, 2893] [174, 189, 268, 258, 209]
664 243 205 2.45 [9399, 8064] [151, 144]
665 342 293 4.53 [3795, 3586, 3967, 3869, 4028, 3488, 3734, 3930, 4041, 3685] []
666 128 221 2.56 [3911, 3799, 3849, 4085, 3687, 4060] [192, 149, 179, 239, 150, 232]
667 180 232 1.76 [3333, 3698, 3139, 3253, 3082, 3539] []
668 149 369 2.34 [3800, 4345, 4146, 3614, 4226, 3707, 4279, 3827, 3920] []
669 170 332 3.71 [2609, 3082] [136, 372]
670 336 292 2.07 [4504, 3976, 4032, 3795, 3851, 4518, 4143, 4421, 4018] []
671 199 336 1.2 [2284, 2401] [182, 294]
672 163 205 3.75 [2231, 2329, 2516, 2361, 2434, 2508, 2679] [198, 207, 208, 214, 219, 220, 286]
673 253 325 2.46 [11674, 10568] [291, 160]
674 364 168 4.99 [6432, 6328, 6099, 5703] [290, 362, 298, 185]
675 137 272 4.86 [3344, 3255, 3222, 3355, 3630, 3310] []
676 205 262 1.96 [8978, 10761, 10365, 10035] []
677 192 202 4.69 [4264, 3991] [254, 313]
678 313 212 3.62 [5766, 6193, 6278, 6770, 7004, 6791, 6342, 6150, 5787, 5937] []
679 331 303 3.96 [2956, 3224, 3193, 2914, 3162, 3400, 3276, 3038, 3173] [140, 153, 161, 129, 128, 261, 277, 183, 201]
680 345 179 4.15 [4304, 3896, 3923, 4114, 3814, 3950, 4141, 4155, 3869, 3828] [211, 169, 168, 186, 152, 141, 316, 272, 300, 335]
681 192 259 1.53 [4893, 4590, 4984] [184, 265, 210]
682 358 288 4.41 [7174, 6602, 7484] [200, 138, 195]
683 299 309 2.55 [4989, 5093, 5127, 5075] [367, 312, 342, 308]
684 211 199 3.66 [2127] [310]
685 312 129 4.32 [3081, 2790, 3211, 3261] [222, 142, 255, 206]
686 262 253 1.02 [2288] [359]
687 246 170 4.13 [2898, 2809, 2658, 2622, 2400, 2542, 2693, 2427, 2551] [278, 177, 283, 228, 173, 253, 249, 270, 319]
688 140 286 3.69 [2544, 2745, 2469, 2310] [155, 296, 274, 175]
689 257 290 3.69 [2669, 2900, 2785, 2501, 2598, 2820, 2829, 2474, 2572, 2811] []
690 362 205 4.86 [4516] [306]
691 220 236 2.37 [4184, 4535] [131, 166]
692 168 223 3.68 [3053, 2790, 3083] [202, 213, 234]
693 256 261 2.04 [13456, 13796, 13584, 12136] []
694 329 290 4.04 [3286, 3000, 3472, 3242] [357, 199, 263, 226]
695 352 154 4.12 [8086, 8783, 8253] [146, 178, 156]
696 336 374 2.27 [3256] [315]
697 286 262 2.73 [2220] [360]
698 162 234 1.13 [2830, 2723] [322, 355]
699 348 176 4.92 [4964, 4826, 4612, 4489, 4168, 4704] [154, 242, 218, 235, 196, 288]
700 322 259 1.17 [3379, 3233, 3580, 3625, 3211] [204, 139, 336, 248, 247]
701 157 193 3.08 [2130, 2044, 2073, 2259, 2223, 2066] [281, 230, 276, 343, 331, 299]
702 334 292 1.96 [1897, 2272, 2279, 2223] [262, 350, 354, 349]
703 128 349 2.37 [2056, 2178] [305, 347]
704 304 211 2.97 [4666, 4480, 4728, 4526, 4604] [292, 252, 225, 223, 215]
705 232 222 4.32 [6701, 6491, 6538, 7518, 6934, 6654, 6351, 6584, 6608] [152, 211, 194, 157, 316, 226, 327, 358, 149]
706 218 212 4.6 [8408, 8985, 9926, 9046, 8651] []
707 144 170 4.49 [1899, 2285, 2173, 2229, 2117, 2060] [172, 374, 293, 334, 321, 233]
708 193 125 1.16 [2156, 2164, 2218, 2342, 2226, 2505, 2319] [165, 197, 236, 221, 231, 332, 304]
709 192 206 3.62 [2420, 2579, 2301, 2428, 2166, 2214, 2285, 2349, 2476, 2531] [325, 279, 269, 224, 271, 275, 295, 307, 302, 323]
710 300 253 4.11 [3573, 3297] [363, 188]
711 221 255 2.12 [3920, 4431, 4530, 4232, 4175, 4076, 4672, 4360, 4147] [153, 280, 261, 131, 175, 155, 128, 140, 162]
712 276 347 2.82 [2306, 2095, 2465, 2208] [167, 164, 303, 326]
713 275 144 1.53 [3100, 3736, 3282, 3361, 3588, 3475, 3134, 3441, 3225] [163, 333, 171, 258, 201, 370, 217, 340, 289]
714 309 158 3.21 [2489] [341]
715 320 248 4.33 [2657, 3089, 3023, 2788, 2807, 2967, 2563, 2948, 3051] []
716 167 361 1.31 [14166, 13512, 11856] []
717 332 183 4.46 [9975, 10488, 10521, 9430, 10296, 9622] []
718 156 172 1.17 [2076, 1822, 1902] [348, 344, 351]
719 329 164 1.26 [10240, 11174, 9341, 11036, 9652, 9998, 9756, 9583, 10724] []
720 279 259 1.23 [2151] [352]
721 370 273 4.23 [3957, 4027, 3831] [297, 186, 320]
722 368 228 1.03 [2200, 2344, 2299, 2208, 2148, 2102, 2329] [282, 189, 229, 205, 244, 266, 176]
723 161 211 3.48 [3069, 2614, 3117, 2914, 2672, 3088, 2895] [179, 132, 213, 361, 161, 366, 183]
724 128 261 2.54 [2357, 2161, 2379, 1972, 2226, 2277] [209, 187, 319, 180, 136, 309]
725 251 181 2.83 [2256, 2170, 2034, 2091, 2285, 1934] [296, 232, 198, 234, 192, 237]
726 341 312 2.8 [1857, 2140] [239, 365]
727 189 192 4.83 [2866, 2817, 2769, 2615] [357, 356, 364, 313]
728 221 143 2.61 [11250, 11133, 11679, 11562, 11797, 12734, 11718, 11289, 11992] []
729 192 259 4.44 [2756, 2890, 2711, 2908, 2604, 2541] [202, 148, 169, 318, 210, 251]
730 292 127 3.44 [2139, 2119, 2105, 1859, 2167] [268, 267, 373, 182, 371]
731 356 205 3.16 [4451, 4575, 4606, 5009, 4420] [184, 185, 241, 256, 272]
732 326 282 4.52 [10552, 10358, 10261, 10131, 9063, 10617, 9225, 9840, 10325] []
733 292 239 4.06 [11090, 9910] []
734 296 162 3.66 [2105, 1907, 1914, 2119, 1982, 2242, 2228, 2016, 2023, 1934] [145, 142, 168, 203, 170, 254, 300, 207, 214, 208]
735 290 289 2.98 [11691, 10449, 10011] []
736 163 326 3.29 [2250, 1957, 1901, 2006, 2041] [257, 263, 219, 273, 277]
737 253 187 4.92 [8181, 8397] []
738 276 151 3.37 [2729, 2681, 2615, 2767, 2986, 2872, 2910] [287, 283, 212, 285, 250, 301, 353]
739 359 361 1.48 [2869, 2907, 3021] [306, 290, 335]
740 342 358 1.43 [2201, 2107, 2136, 2265, 2337, 2344, 2222, 2057, 2308] [141, 150, 265, 197, 206, 240, 221, 262, 190]
741 170 311 2.14 [8056, 7955, 7477] []
742 244 225 3.7 [4628, 4347, 3869, 4502, 3799, 4108, 4080, 3855, 4544] [362, 339, 191, 367, 284, 298, 308, 312, 193]
743 197 344 1.11 [2339, 2489, 2380, 2523, 2724, 2271, 2682, 2598] [133, 275, 204, 235, 139, 271, 342, 372]
744 143 280 3.43 [3925, 3727, 3764, 3443, 3628] [130, 135, 245, 147, 337]
745 268 158 2.45 [3218, 3259, 3299, 2922, 3310, 2830, 3330, 3350, 3064] []
746 224 216 4.17 [2056, 1846, 1934, 2137, 1914, 1839, 2143, 2103] [334, 165, 177, 302, 220, 181, 286, 330]
747 174 268 1.8 [3053] [259]
748 194 164 1.46 [4357, 4179, 4124, 4165, 3850, 3960, 4302, 4220] []
749 200 168 4.03 [2836, 2723, 2657, 3007] [154, 129, 166, 324]
750 310 129 1.62 [4942, 5382, 5628, 5153, 5136, 5030, 4766] []
751 318 322 4.57 [5023, 4751, 5549, 5311, 4666, 5396] []
752 181 257 1.05 [5308, 5146, 4774, 4531, 5178, 5081, 5113] []
753 278 266 3.09 [2714, 2893, 3063] [218, 227, 355]
754 206 134 1.27 [2154] [329]
755 274 278 3.13 [5291, 5256, 5325, 5582, 4640, 5068, 4623, 5000, 5428, 5564] []
756 130 341 2.32 [5874, 6355, 5954, 5453, 5694] []
757 263 171 3.09 [2558, 2430, 2507, 2703] [288, 224, 293, 307]
758 155 362 3.65 [2481, 2499, 2921, 2885, 2849, 2930, 2490, 2795] [173, 180, 273, 210, 311, 368, 234, 323]
759 204 204 1.42 [2264, 2451, 2572, 2443] [222, 328, 304, 279]
760 214 136 1.44 [4998, 4756, 4595, 4772, 5143, 5111] []
761 359 197 3.02 [6578, 6494, 6224, 6848, 6786, 5787, 5683, 6182] []
762 257 347 2.38 [3027, 3569] [148, 264]
763 272 223 4.05 [11296, 10526, 10086, 11333, 10049, 10856] []
764 230 319 4.44 [1944, 1930, 2163, 2262, 2022, 2106] [172, 174, 247, 253, 269, 278]
765 138 237 3.95 [2319, 2547, 2335, 2682, 2386, 2555, 2750, 2395] [192, 196, 200, 242, 232, 263, 336, 305]
766 355 200 2.35 [4794, 4470, 4563, 4994] []
767 129 351 4.98 [4719, 5146, 5115, 4307] []
768 322 270 4.3 [2824, 3033] [357, 338]
769 148 239 3.89 [8517, 7772] []
770 329 145 3.0 [2915, 3069, 3012, 2944, 3117, 3079, 2790, 2848] [195, 238, 138, 356, 369, 317, 361, 314]
771 327 323 1.23 [2779, 3086, 2817, 2750] [137, 169, 239, 203]
772 169 301 4.46 [2212, 2396, 2348, 2533, 2244, 2621, 2388] [145, 188, 187, 260, 164, 248, 255]
773 181 252 4.28 [3556, 3331, 3450, 3722, 3782, 3272] []
774 214 343 1.95 [2100, 2454, 2311, 2228, 2477] [151, 303, 313, 244, 300]
775 366 298 2.32 [2027, 2313, 2256, 1955, 2234, 2277] [189, 366, 274, 161, 310, 374]
776 322 268 4.21 [7327, 7907, 6577, 7303, 7762, 7956] []
777 325 301 4.44 [5189, 4926, 5140, 4631, 5304, 4680, 4713, 4976] []
778 247 294 2.18 [3861, 3886, 3682, 3644, 3568, 3797, 3784, 3542, 3975, 4014] []
779 297 333 4.54 [13722, 15443, 13328] []
780 298 226 2.03 [3004, 3238, 3036, 3450, 3184, 3354, 3078] []
781 140 368 2.55 [13405, 11484, 12612, 13030, 12904, 12654, 11526, 12194, 11986, 13364] []
782 182 234 3.37 [2298, 2525, 2141, 2533, 2235, 2149, 2117, 2290, 2439] [144, 216, 140, 215, 199, 183, 168, 217, 285]
783 244 240 4.86 [4782, 4828, 4751] []
784 319 132 2.26 [2530, 2554, 2279, 2602, 2214, 2255, 2384, 2263] [318, 257, 143, 243, 228, 233, 364, 254]
785 281 293 4.89 [2852, 2690, 2771, 2619] [246, 213, 159, 186]
786 158 335 4.56 [1896, 1957, 1863, 1876, 1964, 1923, 2018] [225, 299, 249, 276, 296, 236, 321]
787 150 191 1.26 [2603, 2846, 2640] []
788 273 235 2.51 [8339] []
789 258 127 4.22 [4784, 5132, 5079] []
790 304 345 2.98 [5342] []
791 281 310 3.28 [9802] []
792 259 262 1.01 [2463, 2534] [158, 179]
793 290 260 3.93 [5839, 5502, 5521, 5745] []
794 358 237 1.49 [2006, 2143, 2294, 2338, 2330, 2229, 2201, 2078, 2049, 2042] [201, 250, 223, 301, 202, 319, 360, 346, 265, 353]
795 237 314 4.59 [5894, 6115, 6375, 6496, 6295] []
796 316 180 4.05 [7384] []
797 281 228 4.2 [2941, 2829, 2890, 3361, 2931] []
798 327 231 1.27 [2895] []
799 351 179 2.06 [10158, 10323, 8942, 9074, 9994, 9041] []
800 135 361 1.1 [4346, 4574, 3888, 4031, 4060, 4660, 4617, 4074, 4203] []
801 315 305 3.26 [5138, 5372, 5389, 4870] []
802 137 217 2.68 [2768] []
803 232 260 1.32 [2703, 2545, 2501] []
804 352 149 2.33 [11763, 12984, 12333, 11396, 13269, 11600, 11559] []
805 185 146 2.23 [3357, 3662, 3526, 3718, 3051, 3696, 3311] []
806 159 160 3.69 [17013, 14316, 15094] []
807 162 161 2.59 [2168, 2376] [134, 287]
808 220 209 2.17 [3143] []
809 183 333 3.06 [4916, 4212, 4763, 4411, 4840, 4334] []
810 212 353 3.14 [6484, 6528, 6463, 5858, 6917] []
811 290 202 3.68 [2682] []
812 334 164 1.44 [8736, 8627, 8083, 8164, 8872, 8573, 7566, 7375, 8110] []
813 142 216 2.19 [4984, 4211, 4196] []
814 156 356 3.5 [2006, 1851] [363, 281]
815 207 328 4.74 [2147, 2452, 2475, 2530] [146, 306, 297, 290]
816 236 193 1.19 [3609] []
817 316 338 1.16 [2057, 2171, 2037, 2104, 1923, 1843, 1957] []
818 338 133 3.32 [3948, 4674, 4296, 4282, 4398, 4311, 4717] []
819 215 134 4.83 [2441, 2200, 2465, 2332, 2208, 2247, 2301, 2270] []
820 142 352 3.36 [2166, 2304, 2273, 2472, 2411, 2189] []
821 324 190 2.95 [4748, 4556, 5005, 4764, 5117, 5262] []
822 223 330 4.18 [4179, 4088, 3537, 4284, 4166, 3577, 3708] []
823 255 324 2.86 [12460, 10835, 12150, 12576, 11492, 10602, 12073] []
824 291 336 3.29 [3273, 3384, 3262] []
825 328 238 4.28 [8260, 8151, 8315, 7715] []
826 310 143 1.38 [4087, 4450, 4143, 4031, 4115, 4073] []
827 312 170 1.64 [9716, 8778, 8869, 8717, 9595, 9413] []
828 157 129 4.22 [7427, 7450, 6652, 6516, 7336, 6424] []
829 261 190 4.91 [2383, 2104, 2338, 2059, 2443, 2149, 2406, 2428] []
830 184 306 2.61 [3720, 3178, 3539, 3619, 3110, 3528, 3268] []
831 345 288 3.05 [5099, 5762, 5062, 5191] []
832 302 265 4.85 [6096, 6604, 6198, 6137, 6218, 6422, 6015] []
833 325 199 1.6 [2418, 2401] []
834 309 282 4.57 [7412, 8910, 8774, 8365] []
835 315 326 2.17 [5849, 6679, 6658, 6036, 6513, 6492, 6160, 6803, 5953, 6285] []
836 231 313 1.86 [2539, 2484] []
837 136 371 3.85 [3227, 3239, 3854, 3677, 3416, 3523, 3499, 3298, 3310, 3712] []
838 130 303 4.31 [11202, 10588] []
839 180 358 1.41 [2270, 1897, 1917, 2000, 2146] []
840 344 243 2.75 [3407, 3361, 3198, 3582, 3442] []
841 278 132 1.11 [4664, 4988, 4939, 4405, 5263, 5280, 5037, 4502, 4583] []
842 303 317 3.44 [2800, 2643, 2671, 2939, 2634, 2874] []
843 276 363 2.46 [6006, 7150, 6622, 6182, 7194, 6710, 7128] []
844 309 341 1.63 [2765, 2756, 2832, 2775, 3023, 2641] []
845 371 226 3.44 [7253, 7418, 6617, 6570, 7441, 7700, 6758, 7465, 7747] []
846 207 366 2.09 [2050, 2297, 2318, 2198, 2205] []
847 305 221 4.82 [2347, 2448, 2625] []
848 306 125 2.73 [3599, 3343, 3494, 3541, 3250] []
849 339 161 2.26 [2065, 2099, 1901, 2140, 2092] []
850 232 310 3.19 [2957] []
851 324 162 2.4 [2921, 2732, 2714] []
852 184 187 1.93 [4419, 4677, 4208, 4238] []
853 256 162 4.62 [2236, 2628] []
854 206 288 2.32 [2386, 2081, 2030, 2132, 2226, 2255] []
855 230 282 2.92 [17259] []
856 233 223 1.69 [3542, 3347, 3611] []
857 219 155 4.95 [3856, 4104] []
858 364 149 1.48 [7745, 8567, 9078, 8624, 8340, 9163, 7943] []
859 220 147 2.51 [2556, 2640] []
860 229 169 4.27 [2242, 1998, 2116] [320, 205, 277]
861 168 246 1.87 [5649, 5741, 5301] []
862 308 260 5.0 [2161, 2382, 2217, 2146, 2572, 2280, 2398] []
863 267 259 3.77 [2829] []
864 214 291 3.77 [1981] [294]
865 359 355 2.66 [3610, 3057, 3212, 3378, 3522, 2990, 3511] []
866 232 305 1.31 [7750, 7390, 7699, 8033, 7338] []
867 142 129 2.1 [2358, 2649, 2544, 2463, 2657, 2536, 2220, 2576, 2495, 2617] []
868 183 374 1.36 [3343, 4014, 3782, 3697, 3490, 3392] []
869 239 216 2.88 [8972, 9470, 9204, 10434, 9902, 9105, 10766, 10234] []
870 212 285 3.83 [6722, 7261, 6535, 7448, 7706, 7354, 6394, 6371] []
871 347 343 1.86 [7716, 7789, 7642] []
872 353 222 3.01 [4658, 4444, 4329, 4058, 4301, 4001] []
873 176 143 3.87 [3491, 3281, 3326, 3502, 3524, 3546] []
874 253 208 1.17 [3602, 3347, 3784, 3287] []
875 365 197 4.46 [2044, 2195, 2109, 2166, 2008, 2296, 1979] []
876 129 368 4.85 [5829, 6613, 6295, 6719, 6041, 5765, 6231, 6168, 6274, 6337] []
877 221 209 4.58 [3863, 4030, 3581, 3799, 3568, 4133, 4094, 3889] []
878 234 271 4.46 [4772, 5147, 4463, 5310, 4821, 4675, 5229, 4919, 4610, 5294] []
879 208 219 3.67 [2593, 2541, 2680, 2428, 2567, 2384, 2837, 2732, 2628] []
880 284 331 3.2 [4190, 4681, 4374, 4205, 4405, 4512, 4497, 4436] []
881 175 130 2.48 [2624, 2444, 2224, 2436, 2640, 2616, 2371, 2575, 2273] []
882 207 330 3.9 [2235, 2195, 2317, 2390, 2674, 2479, 2438, 2349, 2284, 2634] []
883 374 169 3.78 [2325, 2646, 2621, 2604, 2494, 2342, 2765] []
884 297 198 2.65 [3573, 3746, 3237, 3630, 3769, 3191, 3376, 3399, 3607] []
885 337 141 1.08 [2464, 2534, 2448, 2401, 2503, 2300, 2378, 2260, 2206] []
886 141 125 2.19 [13345, 11052, 11830, 12485, 11257, 11707] []
887 192 125 4.09 [2266, 2036, 2168, 2161, 2210] []
888 221 332 1.74 [2447, 2212, 2187, 2439, 2309, 2414, 2374, 2536, 2293] []
889 321 371 1.59 [14017, 14489, 15150, 13639, 14961, 13167, 15102, 13356] []
890 358 206 4.1 [10167, 11473, 11544, 10908, 11508, 10061] []
891 178 358 2.06 [3869] []
892 247 303 2.95 [2608] []
893 338 129 2.27 [2147, 2041, 1950] [162, 342, 270]
894 331 331 2.1 [14392, 14797] []
895 193 211 1.04 [3454, 3050] []
896 157 251 4.55 [2912, 2818, 3091, 2565] []
897 237 182 3.81 [14266, 13772, 14414, 13426, 13969] []
898 284 162 2.81 [3040, 3100, 3159, 2812, 3219, 2911, 2851, 3139] []
899 337 164 1.54 [4260, 4679, 4203] []
900 251 157 4.66 [3606, 3305, 3536, 3339, 3594, 3502, 3165, 3189, 3397] []
901 161 159 3.73 [2979, 3454, 3509, 3344] []
902 302 131 4.24 [6844, 6916, 6556, 7349, 7493, 6724] []
903 189 334 2.54 [2964, 2498, 2726, 2809, 2909, 2488, 2543] []
904 307 285 2.61 [2571, 2330, 2839, 2373, 2640, 2744, 2347, 2356, 2778, 2364] []
905 136 317 3.86 [2182, 2175, 2065, 2101] []
906 258 292 4.54 [3024, 3400, 2941] []
907 335 240 2.55 [1923, 2306, 2072, 1972] []
908 301 373 4.88 [2221] [178]
909 154 161 2.8 [2512, 2598, 2487] []
910 274 296 4.2 [3819] []
911 204 368 1.15 [6283, 6404, 6222, 6323, 6384] []
912 146 218 3.56 [4306, 4772, 4712] []
913 128 145 2.84 [3610] []
914 332 320 2.83 [3427, 3209] []
915 304 351 1.61 [1953] [325]
916 230 225 1.35 [3109, 3058, 2966, 3355, 3365, 2864] []
917 294 211 2.26 [2612] []
918 258 258 3.52 [5703, 5721, 4861, 5264, 4756, 4738, 4949, 4878] []
919 338 259 2.96 [2292, 2142] []
920 297 277 1.65 [7593, 7292, 7222, 6644, 7199, 7037, 7083, 7014, 7130, 7060] []
921 164 183 2.18 [3732] []
922 216 322 1.1 [2680, 2554, 2353, 2462, 2379, 2370, 2295, 2529, 2395, 2278] []
923 145 182 4.61 [13578, 13627] []
924 258 282 2.96 [2634, 2479] []
925 207 374 4.47 [4244, 4201, 4070, 4012, 4419, 3997] []
926 368 282 4.15 [11208] []
927 271 345 4.79 [4024, 4098, 4424, 4794, 4823, 4365, 4660, 4128, 4675, 4009] []
928 190 315 1.88 [2062, 2013, 2262, 1910, 2000, 2158] []
929 179 367 1.44 [12432, 12387, 12839, 12568, 14286, 14602, 14376, 13969] []
930 130 264 4.4 [7792] []
931 199 262 1.47 [3944, 4597, 4228, 4100, 4611, 4115, 3959, 4327, 4654, 4285] []
932 309 366 1.79 [9439, 9266, 9323, 8252, 8686, 9121, 7905] []
933 128 310 1.73 [4675, 5005, 5146, 5020, 4659, 5036, 4769] []
934 212 172 1.3 [5316, 6131, 5918, 6014] []
935 187 295 2.32 [2925, 2905, 2984, 2786, 3203, 2885] []
936 357 251 4.67 [2224, 1849, 1876, 1958, 2122, 2019] []
937 374 256 2.82 [6983] []
938 244 135 1.07 [2657, 2754] []
939 321 263 3.05 [3530, 3336, 3304, 3164, 3132, 3487, 3368] []
940 247 373 2.02 [11151, 11887, 10673, 10047, 10341, 10930, 11188] []
941 175 284 2.98 [12205, 11379] []
942 367 275 2.06 [4544, 4913, 5234, 4672] []
943 293 251 4.02 [5062, 4514, 4933, 5143, 4901, 4401] []
944 209 292 2.81 [2498, 2671, 2964] []
945 170 201 4.55 [5693] []
946 213 334 3.63 [6416, 6765, 7005, 6830, 7114, 6612, 6023, 6001] []
947 319 308 4.47 [9307, 9988, 9242, 9502, 10442, 10020, 8983, 9112, 10280] []
948 297 288 1.75 [4889] []
949 180 251 2.85 [5516, 5357] []
950 198 164 4.33 [3202, 2798, 3305, 3171, 3160] []
951 343 144 4.75 [2551, 2518, 2492, 2382, 2534, 2458, 2703, 2653, 2577, 2627] []
952 280 153 3.71 [7245, 6937, 7157, 7047] []
953 175 294 1.41 [8922, 8379, 8741] []
954 235 129 4.03 [2827, 2867, 2878, 2776] []
955 243 245 2.31 [2902, 2883, 2791, 2652, 3031, 2689, 2911] []
956 331 277 2.59 [4472, 4687, 4144, 4072, 4229] []
957 175 226 3.33 [3410, 3557, 3240, 3127, 3716, 3648, 3104] []
958 253 275 2.49 [2014, 1973, 2152, 1884, 2124, 2262, 2083, 1939, 1904, 1877] []
959 235 211 3.49 [7927, 7492, 7806, 7081, 6936, 6550] []
960 294 316 2.56 [6775] []
961 331 271 4.53 [8238, 7973, 8357, 8032, 8740, 9065, 8445, 8150, 9567] []
962 329 347 4.39 [4624, 4398] []
963 258 209 3.54 [2354, 2183, 2245, 2470, 2191] []
964 208 214 3.32 [6080, 6371, 6351] []
965 265 353 1.21 [1949, 1855, 1943, 2198, 1875, 1822] []
966 266 128 3.53 [5229, 5355, 4869, 5462, 5408, 4959, 5534, 5912, 4977, 5642] []
967 300 271 4.42 [4999, 4921] []
968 357 359 4.62 [5907, 6193, 5543, 5467, 5180] []
969 305 300 2.62 [9304, 9779, 9507, 9609, 9440, 9236] []
970 300 261 2.48 [2034, 2054, 1994] [141, 129, 128]
971 301 308 2.78 [3203, 3060, 3038, 3611, 3214] []
972 136 336 1.99 [3482, 3303, 3090, 3101, 3414, 3314, 3045] []
973 367 362 3.0 [5763, 5650, 6216, 5706, 6198, 5404, 5574, 5971, 5461] []
974 299 301 1.32 [2926] []
975 345 267 3.39 [6089, 5841, 5631] []
976 175 131 1.69 [6451, 6554, 6285, 6802, 6595, 6699, 6037] []
977 259 308 3.3 [3441, 3557, 3361] []
978 356 320 4.28 [2298, 2106, 2078, 2270, 2263, 2213] []
979 140 192 4.52 [3805, 3782, 3190, 3736, 3654] []
980 249 331 2.91 [4154, 4141, 3882, 3572, 3999, 3727, 4012, 3870] []
981 284 287 4.52 [5187, 4963, 5219, 4835, 5267] []
982 293 142 1.07 [2866, 2532, 2588, 3051, 2987, 2977, 2773, 2801, 2625] []
983 143 329 2.78 [3405, 3513, 3632, 3573, 3585, 3944, 3525] []
984 139 178 2.48 [2241, 2474] []
985 304 312 1.05 [2780, 2558, 2472, 2729, 2481, 2430, 2720] []
986 336 345 2.15 [10306, 10159, 10636, 10012, 10892, 11809] []
987 308 231 2.53 [2634] []
988 173 353 2.48 [9820, 9512, 9789] []
989 138 186 3.19 [10787, 10375, 10753, 10959, 11131] []
990 324 202 4.88 [3296, 3362, 3264, 3593, 2989, 3417, 3516, 3033] []
991 140 170 1.04 [3405, 3451] []
992 141 164 4.28 [5289, 5882, 4911] []
993 164 265 3.74 [3493, 2957, 2936, 3257, 2968] []
994 317 180 4.62 [4726, 4211, 4242, 4802, 4696, 4984, 4953, 4817] []
995 132 280 4.36 [4752, 5668, 5034, 5509, 5245, 5157, 4823, 5597, 5404, 4946] []
996 281 276 2.57 [3094, 3253, 3219, 3265] []
997 212 353 4.49 [2124, 2027, 2159, 2215, 2257] []
998 211 364 1.76 [4137, 3900, 3663, 4255, 3939] []
999 139 125 1.6 [2765, 3042, 2878, 3165, 3154, 3124] []
