0 16
1 28
2 22
3 22
4 26
5 14
6 28
7 18
8 16
9 24
10 30
11 36
12 18
13 32
14 22
15 48
16 30
17 32
18 36
19 42
20 38
21 50
22 24
23 38
24 30
25 36
26 38
27 36
28 16
29 26
30 60
31 32
32 38
33 38
34 24
35 32
36 32
37 40
38 22
39 14
40 18
41 28
42 66
43 40
44 54
45 40
46 28
47 12
48 20
49 22
50 56
51 28
52 18
53 12
54 24
55 12
56 24
57 48
58 24
59 22
60 58
61 46
62 26
63 16
64 46
65 54
66 58
67 24
68 38
69 28
70 18
71 18
72 18
73 36
74 24
75 56
76 30
77 12
78 12
79 12
80 48
81 30
82 58
83 40
84 30
85 20
86 30
87 32
88 18
89 24
90 24
91 12
92 16
93 28
94 46
95 40
96 34
97 24
98 46
99 26
100 52
101 42
102 36
103 44
104 38
105 40
106 18
107 14
108 62
109 30
110 54
111 18
112 16
113 42
114 38
115 52
116 32
117 12
118 36
119 26
120 24
121 12
122 24
123 20
124 24
125 54
126 18
127 22
128 32
129 60
130 60
131 22
132 12
133 40
134 50
135 54
136 52
137 64
138 20
139 16
140 46
141 48
142 52
143 30
144 56
145 18
146 12
147 18
148 34
149 28
150 30
151 66
152 48
153 18
154 24
155 12
156 14
157 20
158 18
159 38
160 62
161 54
162 28
163 22
164 12
165 14
166 46
167 28
168 16
169 40
170 12
171 18
172 50
173 32
174 30
175 36
176 30
177 64
178 60
179 24
180 66
181 28
182 34
183 12
184 12
185 40
186 42
187 48
188 16
189 10
190 52
191 46
192 22
193 64
194 56
195 46
196 40
197 36
198 52
199 22
200 36
201 46
202 10
203 24
204 46
205 24
206 48
207 18
208 26
209 36
210 36
211 60
212 38
213 12
214 34
215 60
216 46
217 30
218 50
219 52
220 58
221 18
222 46
223 30
224 38
225 36
226 28
227 38
228 64
229 54
230 12
231 24
232 54
233 30
234 44
235 20
236 34
237 24
238 10
239 22
240 58
241 60
242 34
243 40
244 48
245 36
246 48
247 30
248 22
249 36
250 34
251 54
252 52
253 16
254 42
255 20
256 62
257 24
258 12
259 54
260 58
261 58
262 16
263 12
264 24
265 30
266 24
267 48
268 12
269 24
270 56
271 12
272 58
273 42
274 30
275 30
276 48
277 48
278 36
279 42
280 26
281 46
282 30
283 38
284 48
285 36
286 52
287 36
288 20
289 50
290 34
291 58
292 16
293 42
294 40
295 24
296 18
297 44
298 16
299 18
300 18
301 46
302 36
303 32
304 52
305 34
306 30
307 28
308 64
309 12
310 56
311 22
312 26
313 18
314 58
315 58
316 50
317 58
318 48
319 24
320 18
321 22
322 52
323 56
324 26
325 22
326 30
327 52
328 58
329 22
330 54
331 46
332 54
333 36
334 28
335 38
336 12
337 22
338 26
339 48
340 58
341 60
342 58
343 34
344 60
345 24
346 36
347 20
348 24
349 36
350 34
351 34
352 44
353 54
354 36
355 38
356 40
357 24
358 56
359 34
360 12
361 22
362 36
363 34
364 56
365 44
366 62
367 24
368 8
369 40
370 18
371 48
372 58
373 40
374 36
375 12
376 54
377 24
378 52
379 42
380 44
381 52
382 12
383 56
384 24
385 60
386 22
387 48
388 48
389 46
390 16
391 58
392 44
393 48
394 10
395 12
396 32
397 36
398 10
399 26
400 48
401 14
402 42
403 12
404 36
405 64
406 44
407 32
408 12
409 56
410 60
411 46
412 36
413 28
414 36
415 60
416 48
417 28
418 28
419 64
420 36
421 48
422 52
423 12
424 60
425 58
426 46
427 64
428 42
429 56
430 52
431 42
432 44
433 66
434 36
435 30
436 42
437 46
438 12
439 18
440 28
441 38
442 60
443 10
444 40
445 46
446 64
447 42
448 30
449 36
450 18
451 30
452 40
453 50
454 40
455 36
456 40
457 64
458 48
459 30
460 44
461 30
462 12
463 16
464 46
465 30
466 36
467 60
468 34
469 54
470 12
471 30
472 40
473 56
474 50
475 30
476 48
477 48
478 24
479 12
480 36
481 54
482 58
483 48
484 12
485 44
486 48
487 58
488 64
489 60
490 42
491 24
492 28
493 54
494 58
495 18
496 36
497 24
498 6
499 40
500 64
501 12
502 36
503 46
504 48
505 18
506 34
507 30
508 28
509 44
510 34
511 40
512 54
513 12
514 60
515 12
516 50
517 56
518 52
519 32
520 52
521 40
522 22
523 38
524 42
525 40
526 34
527 48
528 38
529 24
530 12
531 54
532 46
533 24
534 24
535 24
536 48
537 12
538 42
539 36
540 58
541 30
542 60
543 12
544 60
545 24
546 18
547 16
548 60
549 8
550 18
551 42
552 60
553 36
554 56
555 50
556 64
557 46
558 22
559 12
560 46
561 40
562 28
563 30
564 10
565 12
566 48
567 24
568 64
569 12
570 40
571 54
572 18
573 44
574 32
575 42
576 22
577 44
578 18
579 28
580 60
581 22
582 24
583 12
584 56
585 56
586 48
587 58
588 54
589 60
590 36
591 8
592 42
593 58
594 16
595 52
596 36
597 18
598 12
599 42
600 12
601 28
602 60
603 12
604 20
605 54
606 36
607 64
608 40
609 48
610 54
611 24
612 24
613 20
614 24
615 42
616 18
617 52
618 30
619 12
620 18
621 58
622 54
623 52
624 24
625 40
626 22
627 52
628 54
629 24
630 20
631 42
632 48
633 12
634 18
635 18
636 52
637 60
638 16
639 36
640 18
641 30
642 58
643 48
644 46
645 52
646 50
647 58
648 16
649 36
650 50
651 60
652 18
653 40
654 52
655 34
656 34
657 56
658 36
659 22
660 30
661 18
662 30
663 30
664 18
665 66
666 40
667 42
668 58
669 16
670 58
671 16
672 46
673 18
674 30
675 38
676 30
677 18
678 62
679 56
680 64
681 24
682 24
683 28
684 12
685 30
686 12
687 58
688 30
689 60
690 8
691 18
692 22
693 30
694 28
695 24
696 12
697 12
698 18
699 42
700 36
701 40
702 30
703 18
704 32
705 60
706 30
707 42
708 40
709 62
710 18
711 52
712 24
713 56
714 12
715 60
716 24
717 38
718 22
720 12
721 18
722 40
723 48
724 40
725 42
726 18
727 30
729 38
730 34
731 36
732 58
733 14
734 64
735 22
736 32
737 18
738 46
739 22
740 58
741 24
742 58
743 54
744 34
745 60
746 46
747 12
748 52
749 24
750 48
751 36
752 48
753 22
754 12
755 60
756 32
757 26
758 52
759 30
760 40
761 52
762 18
763 42
764 40
765 54
766 30
767 28
768 16
769 18
770 52
771 26
772 42
773 42
774 34
775 42
776 38
777 52
778 64
779 20
780 48
782 60
783 22
784 50
785 28
786 44
787 22
788 12
789 24
790 12
791 12
792 18
793 26
794 60
795 30
796 10
797 36
798 10
799 38
800 58
801 28
802 12
803 20
804 48
805 40
806 18
807 18
808 12
809 38
810 36
811 10
812 56
813 24
814 18
815 24
816 12
817 48
818 42
819 54
820 38
821 42
822 42
824 24
825 26
826 42
828 28
829 54
830 48
831 30
832 46
833 18
834 28
835 64
836 18
837 64
838 18
839 32
840 36
841 56
842 42
843 48
844 36
845 60
846 34
847 24
848 36
849 36
850 12
851 24
852 28
853 18
854 40
855 12
856 24
857 18
858 46
859 18
860 24
861 24
862 40
863 12
864 12
865 46
866 32
867 64
868 36
869 52
870 50
872 40
873 40
874 26
875 48
877 54
879 60
880 54
881 60
882 60
883 48
884 58
885 52
887 36
888 56
891 12
892 12
893 20
894 16
895 18
896 28
898 52
899 24
903 36
904 64
905 30
906 24
907 26
908 12
909 24
910 12
911 36
912 20
913 12
914 18
915 10
916 42
917 12
918 44
919 18
921 12
922 66
924 18
925 36
928 34
930 12
931 64
934 30
935 36
936 40
937 12
938 18
939 42
942 30
943 34
944 22
945 12
946 52
948 6
949 18
950 36
951 62
952 30
954 26
955 48
956 36
957 44
958 60
960 12
962 16
963 28
964 22
965 40
967 16
968 34
970 24
971 36
972 46
974 12
977 22
978 42
979 32
980 50
983 46
984 16
985 48
987 8
991 18
993 32
996 26
997 34
