0.0001481424416925062
0.0001481424416925062
0.0001481424416925062
0.0001481424416925062
0.00037754555620553363
0.00037754555620553363
0.00037754555620553363
0.00037754555620553363
0.00046499114724578403
0.0006022348775095137
0.0006022348775095137
0.0006022348775095137
0.0006022348775095137
0.0006022348775095137
0.0006022348775095137
0.0006022348775095137
0.0006022348775095137
0.0006022348775095137
0.0006022348775095137
0.0006022348775095137
0.0006022348775095137
0.0006022348775095137
0.0006022348775095137
0.0006022348775095137
0.0006022348775095137
0.0008821697763702438
0.0008821697763702438
0.0030594936308852958
0.0030594936308852958
0.0038423785788082457
0.0038423785788082457
0.00460070360534946
0.00460070360534946
0.005243055302220971
0.005243055302220971
0.005358089149988573
0.005362963203643114
0.005362963203643114
0.005362963203643114
0.005362963203643114
0.005362963203643114
0.005362963203643114
0.005362963203643114
0.005362963203643114
0.005640128264837213
0.0062506711711271985
0.0062506711711271985
0.007273306585390263
0.008485958404710173
0.009123551444434923
0.009307340178979268
0.009307340178979268
0.009785686410369528
0.011029137884778422
0.011029137884778422
0.011029137884778422
0.011029137884778422
0.011029137884778422
0.011029137884778422
0.011029137884778422
0.011029137884778422
0.011029137884778422
0.011029137884778422
0.011029137884778422
0.011029137884778422
0.011029137884778422
0.011502649586031456
0.01206252918181731
0.01206252918181731
0.01206252918181731
0.012547520844956542
0.012547520844956542
0.012809113553351688
0.012809113553351688
0.012809113553351688
0.012809113553351688
0.012809113553351688
0.013236294935397106
0.013236294935397106
0.013671654209529182
0.013671654209529182
0.013993222692727946
0.013993222692727946
0.013993222692727946
0.013993222692727946
0.013993222692727946
0.014121621982007357
0.014356207315717231
0.01499799522783282
0.01499799522783282
0.01541620504910149
0.01541620504910149
0.01541620504910149
0.01541620504910149
0.01541620504910149
0.016573842477331836
0.016573842477331836
0.017843001036812977
0.017843001036812977
0.017843001036812977
0.017843001036812977
0.018568135380053034
0.019066826765958514
0.019076085286191573
0.019076085286191573
0.019076085286191573
0.019076085286191573
0.019076085286191573
0.019076085286191573
0.019076085286191573
0.019967744052490938
0.020062066173274027
0.020880974581694373
0.020880974581694373
0.020880974581694373
0.020880974581694373
0.021395834348364236
0.021395834348364236
0.021395834348364236
0.021395834348364236
0.021395834348364236
0.021395834348364236
0.021440238795319644
0.021440238795319644
0.021712477222949812
0.021712477222949812
0.02177856691610481
0.02177856691610481
0.02177856691610481
0.02177856691610481
0.02177856691610481
0.02177856691610481
0.02177856691610481
0.02177856691610481
0.02390431226188076
0.02390431226188076
0.026897378910398714
0.027445826523790573
0.027668143188096187
0.027668143188096187
0.027766092173167053
0.027766092173167053
0.02829052109339401
0.029540435153208377
0.029540435153208377
0.029634947943678987
0.030160828815256287
0.0309140479516084
0.031092506266127348
0.031092506266127348
0.031092506266127348
0.03209485663630182
0.03209485663630182
0.03209485663630182
0.03279229219501316
0.03279229219501316
0.03351141247334769
0.033747592195765945
0.03418610795037699
0.03431209098218267
0.03431209098218267
0.03497695111475448
0.03497695111475448
0.03497695111475448
0.03599783472067697
0.03599783472067697
0.03599783472067697
0.03599783472067697
0.036430578564930566
0.036430578564930566
0.03652188563184739
0.03657775153194692
0.03657775153194692
0.03657775153194692
0.0368117696463198
0.03684508975738683
0.03684508975738683
0.03684508975738683
0.03684508975738683
0.0369187864700894
0.0377128069298487
0.03807265292256597
0.03807265292256597
0.03848743608780982
0.03848743608780982
0.03848743608780982
0.03848743608780982
0.04073990442006457
0.040981687959448426
0.04167179966817826
0.04167179966817826
0.04167179966817826
0.04167179966817826
0.04167179966817826
0.04175203338374806
0.04175203338374806
0.042320559909038026
0.042320559909038026
0.04268485730951067
0.04268485730951067
0.04268485730951067
0.04268485730951067
0.04268485730951067
0.04297932034714982
0.04297932034714982
0.044267621399966935
0.044814016267909706
0.044814016267909706
0.04513571106112325
0.04589095944685932
0.04589095944685932
0.04619285939807393
0.04619285939807393
0.046488268315519034
0.046488268315519034
0.046488268315519034
0.04697587233244177
0.04717230074848727
0.04717230074848727
0.04749401825800369
0.047595420086195064
0.0481098218659568
0.0481098218659568
0.048393006062056
0.048835521559347866
0.04896701219271957
0.04896701219271957
0.04896701219271957
0.04934294289501285
0.04934294289501285
0.04961313050457608
0.05065841726007606
0.05139183116919964
0.05139183116919964
0.05139183116919964
0.05139183116919964
0.05139183116919964
0.05153146199611983
0.05153146199611983
0.05153146199611983
0.05153146199611983
0.0526158188416855
0.0526158188416855
0.053807083844834826
0.05455980344217206
0.05517864659700373
0.05517864659700373
0.05597612581883257
0.0567265108251928
0.056959035469192724
0.05834016432658994
0.05912426491992338
0.06011084743818055
0.06011084743818055
0.06011084743818055
0.06011084743818055
0.060386903409059306
0.060821936340442605
0.060933949233006164
0.06094559522670457
0.061794400924063866
0.06237179460935521
0.06320644524713356
0.06389886607463194
0.06432308170856914
0.06432308170856914
0.06468034718273924
0.06540345826108147
0.06576884584706276
0.06736750436633335
0.06758442358835207
0.06763836029627089
0.06768793809489812
0.06768793809489812
0.07065254751858581
0.07065254751858581
0.07109024734136138
0.07109024734136138
0.07109024734136138
0.07109024734136138
0.07109024734136138
0.07109024734136138
0.07109024734136138
0.07116444292266992
0.07116444292266992
0.07158936882893689
0.07299721973443982
0.07299721973443982
0.07372904003321369
0.07372904003321369
0.07372904003321369
0.07453695802287133
0.07453695802287133
0.07553862958213438
0.07553862958213438
0.07553862958213438
0.07553862958213438
0.07591098614610688
0.07601105881498191
0.07601105881498191
0.07601105881498191
0.07601105881498191
0.07666640941785496
0.07666640941785496
0.07666640941785496
0.07666640941785496
0.07666640941785496
0.07666640941785496
0.07666640941785496
0.07666640941785496
0.07666640941785496
0.0774065585560319
0.0774065585560319
0.07780262795453377
0.07780262795453377
0.07780262795453377
0.07791920962579377
0.07791920962579377
0.07805693146702139
0.07805693146702139
0.07805693146702139
0.07814145869112253
0.08005382428846278
0.08065425046259278
0.08125051656650878
0.08141087927317599
0.08141087927317599
0.08141087927317599
0.08184594810511729
0.08184594810511729
0.08232643239047963
0.08232643239047963
0.08232643239047963
0.0824458260574544
0.0824458260574544
0.08315654172349336
0.08315654172349336
0.08315654172349336
0.08315654172349336
0.08376831918503704
0.0844465306875383
0.0844465306875383
0.08460033821500161
0.08685635760073589
0.08702156065323426
0.08702156065323426
0.08702156065323426
0.08762394229395144
0.08797673650948308
0.08797673650948308
0.08797673650948308
0.08834384063736102
0.08834384063736102
0.08888763934819793
0.08937868703286195
0.08937868703286195
0.09051872507035605
0.09051872507035605
0.09103863435106135
0.09281289543678616
0.09292275305757507
0.09324214001344773
0.0936001688548079
0.09390818405481989
0.09402425572532096
0.09464710384635808
0.09464710384635808
0.09607664577452578
0.09655988589808998
0.09765910056963963
0.09765910056963963
0.09777096230744302
0.0979754028003468
0.0979754028003468
0.0979754028003468
0.0979754028003468
0.0990171730050563
0.10072077214509377
0.10072077214509377
0.10072077214509377
0.10088870262062985
0.10175416194776822
0.10175416194776822
0.10205258322444273
0.10221792620579233
0.10221792620579233
0.10257517699687846
0.1030646429868112
0.10359430997167682
0.10410573505453047
0.10432248815614448
0.10449594534191356
0.10449594534191356
0.10491080988237171
0.10492277399004868
0.10492277399004868
0.10523455013162032
0.10703243795169594
0.10786143070954331
0.10815579471598989
0.10898854585293345
0.10898854585293345
0.10940946079766774
0.10957448804032724
0.10988687291062045
0.11062509067748526
0.11062509067748526
0.1109398846856619
0.1109398846856619
0.1109398846856619
0.11127382597373163
0.1115814618260812
0.1115814618260812
0.1115814618260812
0.11178475924464745
0.11195905818492825
0.11195905818492825
0.112286233415398
0.11290514216819797
0.11323985181849697
0.11323985181849697
0.11323985181849697
0.11323985181849697
0.11421481967753047
0.11421481967753047
0.11421481967753047
0.11421481967753047
0.11421481967753047
0.11421481967753047
0.11440113926972771
0.11491989132611301
0.11509877459431919
0.11509877459431919
0.11509877459431919
0.11524802947513864
0.11550628469954978
0.11550628469954978
0.11572070020530387
0.11578132950875726
0.11781639467107932
0.11781639467107932
0.11805548319423725
0.11827890889250413
0.11850254515314876
0.11850254515314876
0.11850254515314876
0.1187683304258119
0.1187683304258119
0.11919832733300381
0.1199202270651514
0.12013727604724156
0.12048840518360804
0.12048840518360804
0.12060855178274907
0.1210001211712448
0.1210001211712448
0.12117280824809304
0.12117280824809304
0.12117280824809304
0.12135868898487952
0.12144618955952834
0.12144618955952834
0.12203742329626391
0.1225949416559635
0.12286893090560938
0.12317160636151119
0.12366050168766123
0.12509075092361785
0.1254975468247496
0.1254975468247496
0.1254975468247496
0.1254975468247496
0.12601401522040911
0.12601401522040911
0.12601401522040911
0.12601401522040911
0.12601401522040911
0.12604868369910274
0.12604868369910274
0.12645714727194193
0.12645714727194193
0.12684700638619387
0.12684700638619387
0.1276027547944829
0.12826041483688325
0.12862253678049473
0.12906284075898075
0.12906284075898075
0.1294860152645332
0.13005377624340778
0.13005377624340778
0.13063923370674413
0.13078084418951696
0.13094597371226732
0.13094597371226732
0.13183653451609517
0.1328045093060155
0.13307872689170852
0.1333149066141268
0.13376686175946678
0.13376686175946678
0.13381272969145572
0.134086408510507
0.134086408510507
0.134086408510507
0.134086408510507
0.134086408510507
0.13424881301864044
0.13453710670382735
0.13453710670382735
0.13486866084091717
0.13497552477878555
0.13497552477878555
0.13547490038636742
0.13547490038636742
0.1360499979864032
0.1360499979864032
0.13615537334386218
0.1362638008343062
0.1362638008343062
0.13633672875978656
0.13729642959434868
0.1377835832715079
0.14075994487453472
0.14153536237975342
0.14153536237975342
0.14159672315531863
0.14181222055003004
0.14195017289236198
0.14237563603795264
0.14310724267837616
0.14310724267837616
0.14376994141881652
0.14376994141881652
0.14402018569717573
0.1442659127217433
0.14443140986503866
0.14478443685263895
0.14478443685263895
0.14478443685263895
0.1458457884839561
0.1461864552217975
0.1461864552217975
0.14661430147032298
0.1472198395349705
0.1472198395349705
0.1472198395349705
0.1472198395349705
0.1472975780636393
0.1472975780636393
0.14742652555345626
0.14783542792427704
0.14902844977660193
0.1499249078593889
0.1499249078593889
0.1504409072001193
0.1504409072001193
0.1504409072001193
0.1505827720980737
0.1505827720980737
0.15069093755197982
0.1513401023182854
0.1520123431538897
0.1535298176491021
0.15372196118983583
0.1542598176728296
0.15478801737078296
0.15512987113638724
0.155319123667882
0.15537337867037437
0.15537337867037437
0.15537337867037437
0.15640016120206907
0.15694921284611218
0.15728234755757572
0.1574594884175519
0.15836882445515899
0.15836882445515899
0.15836882445515899
0.15836882445515899
0.15880477494648607
0.15880477494648607
0.15884888676032888
0.15884888676032888
0.16006993178634685
0.16061725565003437
0.16098785237682228
0.16098785237682228
0.16113313525798992
0.16113313525798992
0.16208558410263846
0.16208558410263846
0.16271048995998152
0.16320430524320742
0.16392697066258252
0.16406127399179946
0.16420107204519652
0.16469773721485048
0.16469773721485048
0.16491790779951213
0.16491790779951213
0.16491790779951213
0.16491790779951213
0.16627116470391157
0.1668027610274761
0.16753034801508604
0.16763481580564416
0.16772792009779214
0.16820977237436593
0.16826997422732196
0.16826997422732196
0.16826997422732196
0.16850727993151132
0.16850727993151132
0.16856589966297866
0.16856589966297866
0.16856589966297866
0.16891675149298035
0.1695181616262114
0.1695181616262114
0.16964054574660245
0.17076452386007587
0.17076452386007587
0.17110081267457203
0.1714459546419174
0.17172276566327696
0.17172276566327696
0.17219047123606696
0.172597399376794
0.17343581894465407
0.17343581894465407
0.17348164778835556
0.17348164778835556
0.17418178060800957
0.17418178060800957
0.17487750264989133
0.17487750264989133
0.17511221745454245
0.1757914015983498
0.17604132116830748
0.17604132116830748
0.17604132116830748
0.17604132116830748
0.17604132116830748
0.1761262398508158
0.1761262398508158
0.176207130272512
0.17657871616160953
0.17667207288219844
0.1771891517287007
0.1771891517287007
0.1771891517287007
0.1771891517287007
0.1771891517287007
0.17736457772842112
0.17773226764379257
0.17773226764379257
0.17773226764379257
0.17773226764379257
0.17795979095127534
0.17795979095127534
0.17795979095127534
0.17820537324533972
0.17820537324533972
0.17903121875501454
0.17903121875501454
0.1793570424813946
0.1793570424813946
0.17947390086012233
0.17947390086012233
0.17947390086012233
0.17985264410900426
0.18064667951695695
0.18117130954429303
0.18124391349347688
0.18246250443164616
0.18256099144808416
0.18282091475136994
0.18417061402945356
0.1851746978365882
0.18531587079973175
0.18531587079973175
0.18531587079973175
0.18531587079973175
0.18564306902841154
0.1857063659679703
0.18611466560272652
0.18664011800379077
0.18701705372151742
0.1875787597067311
0.1875787597067311
0.18784504307792294
0.18836962298651938
0.18861156509294214
0.18914867937680546
0.18925404656083938
0.18966440284093547
0.18982696198393628
0.18982696198393628
0.1899203957248292
0.1899203957248292
0.1899203957248292
0.19052820793331304
0.19108572620884678
0.19108572620884678
0.19108572620884678
0.19108572620884678
0.19166502239903793
0.19166502239903793
0.19166502239903793
0.192023008266185
0.1928598026736375
0.19296369560074292
0.19319113186690662
0.19404956051514644
0.19404956051514644
0.19444295249312954
0.19477357955507132
0.19477357955507132
0.19480494635125797
0.19533051378610083
0.1957780277975058
0.1957780277975058
0.19603038298763512
0.19603038298763512
0.1960963314209064
0.1967208541658659
0.1967208541658659
0.1967208541658659
0.1968874818051195
0.1970639017871487
0.1970639017871487
0.19738656958908263
0.19774580116640053
0.19774580116640053
0.19822626132220778
0.19822626132220778
0.19846200485416987
0.19863161453739658
0.19899846559457077
0.19905969708733257
0.20246822044583188
0.20357391598684804
0.20357391598684804
0.20402725073884748
0.20415042414819326
0.2046050715618298
0.2053985216014704
0.2053985216014704
0.20600149468479112
0.20637893637879723
0.20713599954758438
0.20805024852269496
0.20859220233287196
0.2093333341377961
0.20979076565780252
0.20979076565780252
0.21019392834658981
0.21035384937061433
0.2109626118398576
0.21107541261319956
0.21107541261319956
0.21107541261319956
0.2121519916259603
0.21285481730435393
0.21289216378702014
0.21401322323714247
0.214116203123249
0.21563835849758103
0.21563835849758103
0.21563835849758103
0.21570448710830262
0.21584076370840394
0.21604657128959912
0.2166997560764626
0.21777399698998134
0.21777399698998134
0.21812602305010517
0.2184879664643922
0.21873335709306774
0.21873335709306774
0.2194638282997251
0.2194638282997251
0.21963281432610163
0.2200345407612057
0.22081540492822377
0.22088428661230589
0.22088428661230589
0.22103227617911567
0.22103227617911567
0.22191996120978003
0.22191996120978003
0.2220060351100832
0.22231303426992555
0.22344903891323356
0.22416689950645657
0.22420133917665075
0.22465381480154223
0.2247314146231022
0.22476284478629618
0.22497404918665814
0.22497404918665814
0.22628575224014116
0.22702490432448877
0.22702490432448877
0.22753177560180118
0.22754973460668912
0.22754973460668912
0.22754973460668912
0.22778396544833854
0.22815809718265093
0.22880064897932104
0.2289607049251681
0.22915555788032177
0.23125146807908553
0.23195061430424224
0.23249139062248314
0.23450674250084827
0.23519366591673804
0.23587665110264974
0.236379842037278
0.2368458942959587
0.2368458942959587
0.23757133922612883
0.23757133922612883
0.23768128629774762
0.23825964613453537
0.23825964613453537
0.23825964613453537
0.23853704545681187
0.23898641344431365
0.23898641344431365
0.23898641344431365
0.23898641344431365
0.2403436791858068
0.24065256569852891
0.24065256569852891
0.24115449998742233
0.2412626228033899
0.2412626228033899
0.2412626228033899
0.2416326421528224
0.2416326421528224
0.24174633528296888
0.24204013330828508
0.24238033756522115
0.24265636903422724
0.24280330821134305
0.2430271668777263
0.24358923038165997
0.24406231263614261
0.24423961251825105
0.24515488698951574
0.24557281102300071
0.24557281102300071
0.2465971074534065
0.24703179517898857
0.24703179517898857
0.24751221154535008
0.24768271930438363
0.24804411874084817
0.24865505825885145
0.2502511141644587
0.2502511141644587
0.2507079019868906
0.2510169628288391
0.2510708141544371
0.2510708141544371
0.2510708141544371
0.2519805822516004
0.2519805822516004
0.2520116875735788
0.25400966922050333
0.25400966922050333
0.25400966922050333
0.254521599434138
0.2548279939966403
0.255597991288704
0.25618467655122923
0.25658457964025183
0.2569706236384021
0.25846220724621943
0.2588163977636121
0.2590600796924387
0.25924322454855403
0.2598732783591287
0.2599172518665559
0.2609501569491895
0.26101198750282234
0.26156911339151423
0.2618151846421736
0.2618151846421736
0.2619935620384935
0.2621125359940075
0.2626172170956433
0.2626172170956433
0.2628068222435571
0.2631809802837741
0.264548799746671
0.2648323964049698
0.2648323964049698
0.2655735710742036
0.2655735710742036
0.2670040098821004
0.2675269454132242
0.2687172463818799
0.2694845037156807
0.26972032284483327
0.2712946510902481
0.27177018556585125
0.2719162696658461
0.27309534080745196
0.27309534080745196
0.27309534080745196
0.27309534080745196
0.27309534080745196
0.27382297603025396
0.2740803891310471
0.27442211838651887
0.27463178056368226
0.27463178056368226
0.27560151025061125
0.27560151025061125
0.27689612736460395
0.27689612736460395
0.27689612736460395
0.2777948646591854
0.2777948646591854
0.2777948646591854
0.27899867453914856
0.27899867453914856
0.27899867453914856
0.27908079332930685
0.27951051234819363
0.2800838269166769
0.28023429066424
0.2808478262341365
0.2809084817672097
0.2809084817672097
0.28119915227617137
0.28127999246802193
0.28127999246802193
0.28127999246802193
0.2815028286948988
0.2826246167540407
0.2843293952857071
0.2847441924575988
0.2850151881386403
0.28505046575317783
0.28514991171128373
0.2856498698513311
0.2857648599497862
0.2867329353463223
0.2867329353463223
0.28709864668077417
0.2873635686468961
0.28783732417943647
0.2883037877389634
0.2883037877389634
0.28879584477059694
0.28903198733333163
0.29076396429563106
0.29180204408899685
0.29184643303028596
0.29200105534106907
0.29215192470477863
0.29265045601547834
0.29313126134124734
0.29379100663178565
0.2939607106799599
0.2939607106799599
0.2942786494112639
0.2948634027103514
0.29556782966569006
0.29556782966569006
0.29656115427814816
0.29656115427814816
0.29656115427814816
0.29688898927750224
0.29704926581263186
0.297091402116652
0.29730028585932494
0.29736403451721144
0.2976667188353772
0.2979818900827668
0.29802155215259696
0.29802155215259696
0.29818174875053116
0.2988756289200083
0.2988756289200083
0.3004695153763036
0.3004695153763036
0.3012030359877885
0.3017094356535846
0.3022385816891609
0.3024009653958646
0.3024009653958646
0.30255522505207394
0.3028238627387489
0.30313476331370137
