0
0
0
0
0
0
0
0
0
0
0
0
0
0
0
0
0
0
0
0
0
0
0
0
0
0
0
0.00018982301727915262
0.00018982301727915262
0.00018982301727915262
0.00018982301727915262
0.00018982301727915262
0.00018982301727915262
0.00018982301727915262
0.00018982301727915262
0.00018982301727915262
0.00018982301727915262
0.00018982301727915262
0.00018982301727915262
0.00018982301727915262
0.00018982301727915262
0.00018982301727915262
0.00018982301727915262
0.00018982301727915262
0.00018982301727915262
0.00018982301727915262
0.00018982301727915262
0.00018982301727915262
0.0015510138488586025
0.0015510138488586025
0.0015510138488586025
0.0015510138488586025
0.0015510138488586025
0.0015510138488586025
0.0015510138488586025
0.0015510138488586025
0.0015510138488586025
0.0015510138488586025
0.0015510138488586025
0.0015510138488586025
0.0015510138488586025
0.0015510138488586025
0.0015510138488586025
0.0015510138488586025
0.0015642101690388059
0.0015642101690388059
0.0015642101690388059
0.0015642101690388059
0.0015642101690388059
0.0015642101690388059
0.0015642101690388059
0.0015642101690388059
0.0015642101690388059
0.0015642101690388059
0.001619942668816941
0.001619942668816941
0.001619942668816941
0.001619942668816941
0.001619942668816941
0.001619942668816941
0.001619942668816941
0.001619942668816941
0.001619942668816941
0.001619942668816941
0.001619942668816941
0.001619942668816941
0.001619942668816941
0.001619942668816941
0.001619942668816941
0.001619942668816941
0.001619942668816941
0.001619942668816941
0.001619942668816941
0.001619942668816941
0.001619942668816941
0.001619942668816941
0.001619942668816941
0.0031164048810900665
0.0031164048810900665
0.0033582374085885393
0.0033582374085885393
0.0033805126671406474
0.0033805126671406474
0.0033805126671406474
0.0033805126671406474
0.0033805126671406474
0.003731961412722494
0.003731961412722494
0.003731961412722494
0.003731961412722494
0.003731961412722494
0.004032163051733167
0.004032163051733167
0.004032163051733167
0.004032163051733167
0.004032163051733167
0.004032163051733167
0.004032163051733167
0.004032163051733167
0.004032163051733167
0.004032163051733167
0.004032163051733167
0.004072119887262675
0.004072119887262675
0.004072119887262675
0.004072119887262675
0.004072119887262675
0.004072119887262675
0.004072119887262675
0.004072119887262675
0.004072119887262675
0.004072119887262675
0.004214752602846649
0.004214752602846649
0.004227432281468631
0.0043066324383006244
0.004440705642597709
0.00486261473516948
0.00486261473516948
0.005062786515824104
0.005062786515824104
0.005297706518410057
0.005297706518410057
0.00555256350076107
0.005702137614145582
0.005702137614145582
0.005723779880218147
0.005723779880218147
0.005723779880218147
0.005873412993463197
0.006031260076918881
0.006143726343279506
0.006143726343279506
0.006143726343279506
0.006143726343279506
0.006143726343279506
0.006143726343279506
0.006143726343279506
0.006205555623578806
0.006205555623578806
0.006301554998938707
0.00634264844892782
0.0065424034543653635
0.006726363898670393
0.006926538690629963
0.006926538690629963
0.006926538690629963
0.006926538690629963
0.007561526636522567
0.007630438609633925
0.007805054454256225
0.007877270203727317
0.008048336562258871
0.008048336562258871
0.008048336562258871
0.008048336562258871
0.008048336562258871
0.008048336562258871
0.008172705561086494
0.008506757519151947
0.008988376592802492
0.009061561475197273
0.009137518318339765
0.009229436308141705
0.009229436308141705
0.009229436308141705
0.009354685465616401
0.01026095931112814
0.01026095931112814
0.01042989569390943
0.01042989569390943
0.01042989569390943
0.01042989569390943
0.01042989569390943
0.010545963085682591
0.01070565264267894
0.011275544461238459
0.011438410955194002
0.011438410955194002
0.011438410955194002
0.011609513022601882
0.011609513022601882
0.011609513022601882
0.011609513022601882
0.011609513022601882
0.011971184309694051
0.011971184309694051
0.012070529901171361
0.012267485669139195
0.012774543936192604
0.012774543936192604
0.013153075367559318
0.013153075367559318
0.013304556508663523
0.013304556508663523
0.013304556508663523
0.013304556508663523
0.013515270744937543
0.013515270744937543
0.01363238897176673
0.01363238897176673
0.01363238897176673
0.01363238897176673
0.013683721646988844
0.013683721646988844
0.013683721646988844
0.013683721646988844
0.013683721646988844
0.013919501022484192
0.013919501022484192
0.014097224412173422
0.014097224412173422
0.014097224412173422
0.014097224412173422
0.014097224412173422
0.014097224412173422
0.014166635218091736
0.014166635218091736
0.014166635218091736
0.014166635218091736
0.014166635218091736
0.014166635218091736
0.014166635218091736
0.01443112899590958
0.014975712811827777
0.015114886127198522
0.015114886127198522
0.015839322472087823
0.016398798337713936
0.016632599903909105
0.017090342824185336
0.01726015367726257
0.01726015367726257
0.01726015367726257
0.01726015367726257
0.01726015367726257
0.01770232373099291
0.017919671468398537
0.017919671468398537
0.01805232156991647
0.01805232156991647
0.0181252402150125
0.018864149983182577
0.018864149983182577
0.018864149983182577
0.01918963819220025
0.019477110144366705
0.019774106162498098
0.019897354358496988
0.02091446093831414
0.02091446093831414
0.02091446093831414
0.02091446093831414
0.02091446093831414
0.022827598013041146
0.022827598013041146
0.02313314206630712
0.02313314206630712
0.02313314206630712
0.02313314206630712
0.02313314206630712
0.02313314206630712
0.023364164390338893
0.023364164390338893
0.023364164390338893
0.023364164390338893
0.023364164390338893
0.02403438669200751
0.02420257025465101
0.02420257025465101
0.024348811921038244
0.024640860366065297
0.024640860366065297
0.02568191054566788
0.025771990040313865
0.025771990040313865
0.025771990040313865
0.02596697301363971
0.026118488763142073
0.026118488763142073
0.026118488763142073
0.026118488763142073
0.026118488763142073
0.026118488763142073
0.026118488763142073
0.026330275878803214
0.026330275878803214
0.026330275878803214
0.02643796280815946
0.02643796280815946
0.02643796280815946
0.026635681439338164
0.026635681439338164
0.0267710012142572
0.0267710012142572
0.026877722798160076
0.026877722798160076
0.026877722798160076
0.026877722798160076
0.026877722798160076
0.026877722798160076
0.026877722798160076
0.026877722798160076
0.026877722798160076
0.027641973298988185
0.027836827707828703
0.027836827707828703
0.027836827707828703
0.028169847482798986
0.028169847482798986
0.02827194622253904
0.028366725919298685
0.028366725919298685
0.028366725919298685
0.02843901037031315
0.028925948709339573
0.028925948709339573
0.030727961030270465
0.030854315610229187
0.030854315610229187
0.0315654412219528
0.0315654412219528
0.03163136506186285
0.03368266476889015
0.03390290697529015
0.03390290697529015
0.03405291127757614
0.034470370735334585
0.03535048740375389
0.03535048740375389
0.03535048740375389
0.03535048740375389
0.03535048740375389
0.03607994909335344
0.03638299469061284
0.03638299469061284
0.037133095905207324
0.0373877697776883
0.037682144453118634
0.03970408328177974
0.04019713895438125
0.04019713895438125
0.04037221879732784
0.040389662394372784
0.04045899130561243
0.04045899130561243
0.04045899130561243
0.04218702797964408
0.04257419605482654
0.04381115909294198
0.04381115909294198
0.04387820815372687
0.04387820815372687
0.04387820815372687
0.04387820815372687
0.04387820815372687
0.044718903550813774
0.044718903550813774
0.044819098081138736
0.044819098081138736
0.04489455022346272
0.04489455022346272
0.04489455022346272
0.04489455022346272
0.04501517903953092
0.04501517903953092
0.04554480126248512
0.04586663626470967
0.04605082055206425
0.04605082055206425
0.04605082055206425
0.04635695209370753
0.04635695209370753
0.04674690674640691
0.046921509474544106
0.046921509474544106
0.04708259997837094
0.04744441978692903
0.048336603906195014
0.048415288888709974
0.04964590587427581
0.04964590587427581
0.0501706579825198
0.05045077844806786
0.05045077844806786
0.05066319263979496
0.050732156141642955
0.05091916048656949
0.05091916048656949
0.051066481076231615
0.051324606552113496
0.05168136297605437
0.05199763407198445
0.05199763407198445
0.05199763407198445
0.05204450814910419
0.05204450814910419
0.052672561306505265
0.05320949566688575
0.05347562151986624
0.05347562151986624
0.05347562151986624
0.05347562151986624
0.05439663230675743
0.05439663230675743
0.05439663230675743
0.05439663230675743
0.05464231484167258
0.05495234372575145
0.05495234372575145
0.05495234372575145
0.05514174792948125
0.05548655464994172
0.05548655464994172
0.055520110765206576
0.056642452428058016
0.056642452428058016
0.056784141427410825
0.056784141427410825
0.05813713897119032
0.058292390662649324
0.058292390662649324
0.05835852208360719
0.05835852208360719
0.05915221078666763
0.059279710709594285
0.059279710709594285
0.06108647035965063
0.06109150401724207
0.06192270131245934
0.06213798388365899
0.06213798388365899
0.06213798388365899
0.062284414696820195
0.062284414696820195
0.062284414696820195
0.062415826453655586
0.062415826453655586
0.062415826453655586
0.06259083404427376
0.06259083404427376
0.06259083404427376
0.06307966553942966
0.06347263436226988
0.06374211593096188
0.06374211593096188
0.06392302119062279
0.0656879482346927
0.06600085506135588
0.06600085506135588
0.06729721661456438
0.06729721661456438
0.06827927245937922
0.06883695014586338
0.06925165417951237
0.06925165417951237
0.06925165417951237
0.06930376431991933
0.06930376431991933
0.06988974798768444
0.06988974798768444
0.06990254690316573
0.07010837381268442
0.07152898106201082
0.07194944760949043
0.07247188452819889
0.07287083983622075
0.0731037624504881
0.07385270772642905
0.07482031889964122
0.07482031889964122
0.07555050084651742
0.07579979915773613
0.07623016589165868
0.07644501971175789
0.07694746952414816
0.07824142293076843
0.07832933514078082
0.07832933514078082
0.07880160759521496
0.07880160759521496
0.07928728572813376
0.07947189628872618
0.07947189628872618
0.07947189628872618
0.08015936878402014
0.08015936878402014
0.08036036621673583
0.08058185208579154
0.08089052406544059
0.08110705366107349
0.08118676145358188
0.08118676145358188
0.08126307711398699
0.08126307711398699
0.08145305170275306
0.08145305170275306
0.08145305170275306
0.08145305170275306
0.08145305170275306
0.08151562954599144
0.08228663191652141
0.08244757066007098
0.08579276825628289
0.08579276825628289
0.08760493644776603
0.08760493644776603
0.08767345203147012
0.08767345203147012
0.08767345203147012
0.08852889054710235
0.0888880582784688
0.08939169610255003
0.08939169610255003
0.08991397247229695
0.09011371819529353
0.09047269773200091
0.0908609334364056
0.09092902036894032
0.09092902036894032
0.09197225667743235
0.09232396890984312
0.09232396890984312
0.09257835701478616
0.09306865623576004
0.09329409622720927
0.09367513514352122
0.09442510357695678
0.09452654409468549
0.09452654409468549
0.09472982210164131
0.09517807611635005
0.09630390960272367
0.09692372233724082
0.09749315297966056
0.0975970812373717
0.0975970812373717
0.0975970812373717
0.0975970812373717
0.0975970812373717
0.09781766842092328
0.09859662460757315
0.09898681418907553
0.10025861063513636
0.10044363801226812
0.10044363801226812
0.10052816563781464
0.10052816563781464
0.1007753351067469
0.10118827558903322
0.10118827558903322
0.10135091409484868
0.10186189730513466
0.10206837853195863
0.10206837853195863
0.10206837853195863
0.10295262157395373
0.10295262157395373
0.10295262157395373
0.10295262157395373
0.10295262157395373
0.10307746747593162
0.10313305724729757
0.10313305724729757
0.10451759439712953
0.1048819090485683
0.1048819090485683
0.1048819090485683
0.1048819090485683
0.1048819090485683
0.10509054766547968
0.10509054766547968
0.10540429292595838
0.10640676698131392
0.10712021695735015
0.10712021695735015
0.10712021695735015
0.10712021695735015
0.10755217768900045
0.10776473919897282
0.10776473919897282
0.10776473919897282
0.10776473919897282
0.10870777239316326
0.10968771833210689
0.11013153106639714
0.11026075938389981
0.11026075938389981
0.11063943598624895
0.11063943598624895
0.11063943598624895
0.11063943598624895
0.11090968390566806
0.11090968390566806
0.11090968390566806
0.11090968390566806
0.11158195908874385
0.1119115469017759
0.1119115469017759
0.1119115469017759
0.11202799795462678
0.1135145485011562
0.11407030526843583
0.11461015319539096
0.11503817535481035
0.11503817535481035
0.11503817535481035
0.11503817535481035
0.11515926813785261
0.11615111116087833
0.11615111116087833
0.11655481556433601
0.11655481556433601
0.11704333601448465
0.11704333601448465
0.11784239621597609
0.11784239621597609
0.1181890243271109
0.11867357632247315
0.11900698699196802
0.11900698699196802
0.11900698699196802
0.11900698699196802
0.11900698699196802
0.11910787079747573
0.11910787079747573
0.11910787079747573
0.1202052042479885
0.12032166483521688
0.12093589251935451
0.12093589251935451
0.12093589251935451
0.12093589251935451
0.12202617291399392
0.12218933833472656
0.12266125208904215
0.12266125208904215
0.12271008704983308
0.12271008704983308
0.12271008704983308
0.12271008704983308
0.12271008704983308
0.12271008704983308
0.12271008704983308
0.12271008704983308
0.1227584901095803
0.12314239747790132
0.12349498995796464
0.12359187034926525
0.1238881323516912
0.1238881323516912
0.1238881323516912
0.12511734632131566
0.1260850317940559
0.1262162532204926
0.1262162532204926
0.1263020969101694
0.12646080376638266
0.127307801252521
0.12807142015528297
0.12832189417939238
0.12832189417939238
0.12832189417939238
0.12832189417939238
0.12868159656904243
0.12880929980558573
0.12880929980558573
0.12915127916781294
0.12956122321858032
0.12956122321858032
0.12956122321858032
0.12984994790354445
0.12984994790354445
0.13024556497390202
0.13083423464098298
0.1309378516607515
0.1309378516607515
0.13119267707338805
0.13123371043850626
0.13123371043850626
0.13123371043850626
0.1315870220213319
0.1315870220213319
0.13200956018759852
0.13200956018759852
0.13200956018759852
0.13200956018759852
0.13285291777683522
0.1330003594062278
0.1330003594062278
0.13358191120498264
0.13436295940341902
0.13436295940341902
0.13462331460057048
0.13532019601820913
0.13532019601820913
0.13555725930637866
0.13555725930637866
0.13555725930637866
0.13562825638909398
0.13610671330619234
0.13667838852396275
0.13724783688712508
0.13724783688712508
0.13724783688712508
0.13736097291289479
0.1381185821523272
0.1381185821523272
0.13896510688112926
0.1392210754660614
0.1392210754660614
0.1403081622948437
0.14046136137972315
0.14046136137972315
0.14046136137972315
0.14046136137972315
0.14101832271854464
0.1413857039263052
0.1413857039263052
0.14194296618319907
0.14205001848798665
0.14569451639832917
0.14569451639832917
0.14569451639832917
0.14569451639832917
0.14569451639832917
0.14569451639832917
0.14569451639832917
0.14785364802106116
0.14832751093785299
0.14832751093785299
0.14832751093785299
0.1498092868613087
0.15029544624144214
0.15029544624144214
0.15085973027696192
0.15085973027696192
0.15125069167909813
0.15125069167909813
0.15175098946413146
0.15175098946413146
0.15277956853536012
0.15277956853536012
0.1537312573128489
0.15425084441450412
0.15425084441450412
0.15491846439978002
0.15498618872232714
0.1566960236844719
0.1569963785781293
0.15722545735397142
0.15735238586680872
0.15743613649333577
0.15754254837735562
0.15754254837735562
0.15889425554584385
0.15889425554584385
0.1592288326628747
0.15945737700347043
0.15987120281861908
0.1602177574106847
0.1602177574106847
0.16066698461463938
0.16104653077273265
0.16104653077273265
0.16200004781390287
0.16208125748579583
0.16208125748579583
0.16208125748579583
0.16300178758345565
0.16377188781477198
0.16377188781477198
0.16392842659160178
0.16418751458890346
0.16418751458890346
0.16418751458890346
0.16423524221771094
0.16473895389025317
0.16473895389025317
0.16473895389025317
0.16501954856827042
0.16501954856827042
0.16623712519948658
0.16680438466549266
0.16680438466549266
0.16680438466549266
0.16680438466549266
0.16960283327808037
0.16960283327808037
0.1709126920526683
0.1714094239484014
0.17182816303630327
0.17197673511045347
0.1721739945756455
0.17476475095662436
0.17580923292990197
0.17622620901219474
0.17622620901219474
0.1767697054201345
0.17742402326770607
0.1777888493887185
0.1781680644282747
0.1789115368638882
0.17993003175270414
0.1805520817024615
0.1806446600084322
0.18100632947884282
0.18113375051967806
0.18113375051967806
0.18154678805999067
0.18188031285839815
0.18188031285839815
0.18188031285839815
0.18311043000970537
0.18311043000970537
0.18343045775863226
0.18406637725909292
0.18443887411523568
0.18443887411523568
0.18443887411523568
0.18443887411523568
0.18488170842220467
0.1855126940728143
0.18561513961672785
0.18561513961672785
0.18590291534351885
0.18618110479608044
0.18632212794513706
0.18632212794513706
0.18702271179269664
0.18702271179269664
0.18734362291894183
0.18841005511198572
0.18874945440181157
0.18874945440181157
0.19004988913664836
0.19025734517088308
0.19025734517088308
0.19071165540925228
0.19100025462650155
0.1913434872997816
0.19206101465017106
0.19586319701845084
0.19586319701845084
0.19619823907940068
0.19643739505540758
0.19643739505540758
0.1970178152891149
0.1970178152891149
0.1979079542722234
0.1979079542722234
0.19808517548254778
0.20065397846135685
0.20065397846135685
0.20065397846135685
0.20065397846135685
0.20065397846135685
0.20065397846135685
0.20118381140773814
0.201428119344757
0.20198300101775354
0.20339465075631055
0.20383933700354767
0.2040997945955233
0.20436068764388635
0.20436068764388635
0.2044140658326592
0.20603607111554306
0.20603607111554306
0.20651843166409162
0.2069037611150277
0.20918909883788422
0.2093867271010847
0.20960754202604945
0.21026404285849698
0.21026404285849698
0.21045890204330894
0.21106681908596148
0.21232421893015066
0.21232421893015066
0.21232421893015066
0.21295878739677138
0.21300707997473164
0.21300707997473164
0.21383696079206052
0.21479488844395345
0.21555645995265046
0.215733425353843
0.21722161767757747
0.21722161767757747
0.21737872979016315
0.21977530088641345
0.21977530088641345
0.2201233982484547
0.2201233982484547
0.2206249081790839
0.22134672208382392
0.22169877403918814
0.22209465694716732
0.22234592289834007
0.22234592289834007
0.22323769670697607
0.22323769670697607
0.22482586014210212
0.22492167122533155
0.22497616418205368
0.22586160902614685
0.22590055206028967
0.22590055206028967
0.22751795882552092
0.2299788198681793
0.23042356820466184
0.23063459900606528
0.23096228752473302
0.23096228752473302
0.23112514048586003
0.23112514048586003
0.23112514048586003
0.23112514048586003
0.23134947924498586
0.23141471504696656
0.23141471504696656
0.23141471504696656
0.2316851626373871
0.2327325559982685
0.23459398108484136
0.23480753279056651
0.23509609747044893
0.23509609747044893
0.23518086228229626
0.23563199052786135
0.23571201202501907
0.23637888880270255
0.23637888880270255
0.2366673866656677
0.2366673866656677
0.2372464797558401
0.23783955804117074
0.23783955804117074
0.23847260355252167
0.23850260472501475
0.24019382090100855
0.24110056613611844
0.24115447047379748
0.24115447047379748
0.24115447047379748
0.24156824671556196
0.24207276315928947
0.2426068774919886
0.24278928212638817
0.24327117847166688
0.24370330964112816
0.24370330964112816
0.2443430093041399
0.2443430093041399
0.24533323768926868
0.24533323768926868
0.24533323768926868
0.24533323768926868
0.24544318529866876
0.24547390228000723
0.24573605118855404
0.2457697572329354
0.2459627461728705
0.2462504462219586
0.24629058223442327
0.24629058223442327
0.24629058223442327
0.24688875922159043
0.24688875922159043
0.24826777803128813
0.24826777803128813
0.2485497778623464
0.24904470919978622
0.2494198255385465
0.24957835989473132
0.2498923355881372
0.25002116290610377
0.25031909280507947
0.25070931464016194
