0.00011780577646943436
0.0009402535608899801
0.0013870336047976286
0.0014647343529762108
0.001744614373627789
0.002177393071530884
0.002939866582217638
0.0030981806583837176
0.0033967442064604
0.0038333934835517993
0.003877892865504828
0.00413333135503193
0.005225602604780083
0.005294761314552934
0.00562742338680196
0.00562742338680196
0.005993531145034168
0.006100890182773321
0.0061752146385759335
0.006558420226093835
0.006734248779673393
0.007239475180713488
0.007295518800871049
0.007413173378182517
0.009336411674025618
0.010117922212640986
0.01036445200214248
0.013837454665433783
0.014045704193192099
0.015569218006028956
0.017027970411395997
0.01803691116147715
0.018684955993453323
0.01933156020899255
0.01933156020899255
0.019757532199944586
0.020220830794026236
0.02035316941540271
0.0204639126021587
0.021535068027341474
0.021783968091481788
0.021977746842424196
0.0226280877463902
0.02306324851386075
0.023572422144580815
0.024416648929685876
0.024588125875269477
0.025872947121783247
0.028235249674882088
0.028926194735637303
0.029934177469328655
0.03038861964933731
0.031122772007395154
0.03296097282996574
0.033378793831711134
0.033617447011965514
0.03385677781686521
0.03395150511747188
0.03453720342854922
0.0351567139751259
0.03585851893139915
0.03614179355136729
0.03614179355136729
0.036482295323578585
0.03694092131032562
0.037334274122391826
0.03829821275744415
0.039281776041294986
0.03988598569380765
0.04078391611531391
0.041149990222131894
0.041581243546708196
0.04185559738882959
0.04250579421458432
0.04325171499866794
0.04335955917559117
0.043906328938548435
0.04461540030931008
0.04522455595214076
0.04617464347639921
0.04637676003710982
0.049370282007284
0.05035560626337988
0.0514426366696109
0.051713736967095254
0.05285020476262497
0.05303378293886758
0.05406949717854983
0.05563219325570556
0.05588003219250302
0.056641437624823675
0.05907106430747354
0.059268889201544696
0.059861486664074
0.060152627142382585
0.06172672030302857
0.06255451456305329
0.06458790710299371
0.06474146087331843
0.06527098768929113
0.06560188872105828
0.06726926716351801
0.0682301778707487
0.06865955597854745
0.06935573299133937
0.07042603341492727
0.07072678427820851
0.07201970325590266
0.07257274036781065
0.07319686477332768
0.07503002703352761
0.07800454204937064
0.07953834751657482
0.07990786216513752
0.08028586555628973
0.08033962296038191
0.08174274745518181
0.08233641539763968
0.08233641539763968
0.08271553395650232
0.08316387147934531
0.0840718355858016
0.08414873944372157
0.08758823755025234
0.08830988134606585
0.08865079987732925
0.0890823977181665
0.08986072687909019
0.08986072687909019
0.08986072687909019
0.08999965672674468
0.09080319466606948
0.09105550672148507
0.09135616061857779
0.09517067089898631
0.09557736167669072
0.09972162960550505
0.10025450740093989
0.10144150252675581
0.10204059888791832
0.10218546710076616
0.10324571173381693
0.10368475834787493
0.10569375057530052
0.10630064503591945
0.1068084127921859
0.10744996025053173
0.10959897151579165
0.10977487536350324
0.11022129749258369
0.11077144050790941
0.11172611876961273
0.11320483181884222
0.1136367338451072
0.11461213525890844
0.11494067881483372
0.11571896876669871
0.11622128799306426
0.1166838741683863
0.11721005156816713
0.11773759109037438
0.11847006406165486
0.11907647616535406
0.11947149833592997
0.12084086653978761
0.12119238965183377
0.12180712851358441
0.12196489653029689
0.12259901304909937
0.12286962680750892
0.12338761708574754
0.123455445890914
0.12379161089316433
0.12424440606632861
0.12489860099101288
0.12577508216692718
0.12651712188382708
0.12659584776864424
0.12671092672850887
0.12721643717772413
0.1283045638277255
0.12867471759572663
0.12910384190914953
0.1296449206225581
0.129929564542403
0.13023239447825327
0.13057103525162522
0.13399849945860703
0.13427444702970498
0.1354405972350811
0.13966967606493372
0.14192191267875826
0.14192191267875826
0.14219032673521467
0.14234254672513885
0.1427612972573773
0.14369702734163564
0.14413346412391223
0.14472065633695155
0.14480711296792753
0.14509714665463236
0.14657300053966163
0.1469878477314776
0.14732470102726244
0.14732470102726244
0.1488436121464984
0.149530560824516
0.14966848534686972
0.1501913282642755
0.15134697966384072
0.15390643074017926
0.1543813952571429
0.15762353895868816
0.15802415454386184
0.1581252641638346
0.1591822643088004
0.15967440734050062
0.15996625261693523
0.16007655906066826
0.16065553716641093
0.16132496006086283
0.16182723999756252
0.16182723999756252
0.162090926172024
0.16338207353046982
0.16355002289687184
0.16426307202801252
0.16426307202801252
0.1651661543700243
0.16560004141599716
0.16603013906619576
0.16726635707161908
0.16844517929094247
0.16886353967491932
0.16979024533404632
0.17006364167038712
0.1703933972233066
0.17113803188509447
0.1717483600748035
0.1718641969505952
0.17353083095910082
0.17574566473249706
0.1763975591275304
0.1782846516762503
0.1792008519401959
0.1798608334447032
0.18020988856350662
0.18105554137022584
0.1845212667893159
0.1849410130694735
0.1872957641632107
0.18819458949949144
0.1892322829564961
0.1892322829564961
0.19056715018018053
0.19075537359821168
0.19137085526644335
0.19199473325382596
0.1921092942910208
0.19254914847229004
0.19355930257263973
0.1940272703360222
0.1949833386827386
0.19568096625578077
0.19608909120567264
0.19663566826254655
0.19706799624096097
0.19771907199038113
0.19842495593864062
0.2007428452701938
0.20106113194213274
0.20115015816798026
0.20193284837071415
0.20218245884988206
0.20549929150278926
0.20616879653965206
0.20671433504447229
0.20671433504447229
0.20745880406902142
0.20765265999857926
0.2109540682940209
0.21100101295621854
0.211477282389872
0.21153236658076788
0.21183172910683912
0.2123503776952051
0.2123503776952051
0.2129709655018351
0.2135742869083432
0.21393294102818441
0.21407724144751983
0.21508124187057154
0.21550726843443158
0.21661854552866863
0.21691743964607132
0.21743483478473666
0.2177760403241247
0.21810389943712927
0.2183166544867679
0.21878005867331138
0.21892180622066265
0.2192671669160762
0.22069501025686591
0.22115562844725262
0.22140000114555702
0.22200920594594098
0.22218427296296464
0.22273912283449612
0.22286332351122112
0.2233062741626863
0.2234131992355033
0.2248640154634748
0.22523642397460264
0.22567016308479512
0.22650113615140582
0.22662962696746491
0.22673771125283884
0.22721189856644508
0.22729637139430592
0.22775664066789697
0.22810925323808248
0.22832766876003355
0.22832766876003355
0.22832766876003355
0.22889785055068151
0.22902143802574582
0.22954242823102797
0.22959807591789483
0.23021304704738224
0.23027566683612907
0.23064652728830706
0.23075074066505488
0.2325915832829464
0.23272357398470458
0.23297459507621593
0.23338256474525323
0.23413869085717381
0.2363652109558425
0.23664074930710258
0.23733585501229973
0.23788841248933262
0.2388897098873843
0.239071019069607
0.24110567094931976
0.24147596129095442
0.2416072334671904
0.2419994460803616
0.24263289856092712
0.24332087928960727
0.24400795481960674
0.24483075676256183
0.24528262642124593
0.24631573233370996
0.24712105639337
0.24766247717998402
0.24832751773558126
0.24928137134704
0.2498125199199222
0.25043259966134174
0.2526139691567542
0.2531297763683818
0.25346463807677905
0.25372189413545687
0.2540983130333838
0.2541743841313067
0.25484319371860276
0.25523520946382733
0.25720662674222844
0.2575746662542265
0.25887886859476844
0.25897434335607317
0.2592769784048539
0.25946983371520166
0.2597963652592493
0.2612875210695303
0.26138833206572093
0.2625676833472344
0.2644814387466074
0.26456990228702665
0.26456990228702665
0.2646895902333102
0.2652086293583421
0.2678048498508764
0.2679743580561538
0.26813580625382144
0.2695244495995738
0.2698854253349638
0.27040246285764663
0.27075512629702553
0.27125794466121234
0.27144166646013496
0.2719995618873147
0.27267471608811916
0.2730595889396385
0.2732324818095318
0.27350732099894054
0.2736990627437161
0.27537906857310357
0.276084839524459
0.27631056571707946
0.27710124516121193
0.2775166247539542
0.27801868736320484
0.27824710263999697
0.27873428278956086
0.279193274897392
0.27954578375458955
0.2798770593736791
0.2798770593736791
0.2801034860076357
0.28040254706098416
0.2806578528306051
0.2810519875337683
0.2810519875337683
0.2811715346652597
0.28131964032004153
0.28131964032004153
0.2822113094899617
0.28263279687327447
0.2828661610248478
0.28401859066324864
0.28464028771602135
0.2863357987857257
0.2872497496778037
0.28750152185624145
0.28750152185624145
0.28750152185624145
0.2876343838353994
0.2879633000451758
0.288093969738113
0.28837735411997284
0.28857879759860294
0.28902004816526816
0.28940018559103176
0.29085740245826197
0.29180501973494954
0.29194527392446773
0.29214933976037594
0.2921807934347989
0.2948131844891162
0.2950775366607484
0.2952050819220566
0.2953600181480137
0.29550138241604373
0.2959811191842485
0.29623677159979356
0.2964289842773251
0.2978017008628302
0.2981339673079016
0.2989103637229685
0.29922456065554004
0.2994220529519807
0.299828318437899
0.2999774944025477
0.30027183397684615
0.30037605293645475
0.3005093448999012
0.3005988095072931
0.3007572698927633
0.30098508569363747
0.3010485235944278
0.3011114222078144
0.30161915253485866
0.3020080461319277
0.3022459574640463
0.302499596065365
0.30307770044747323
0.3050320016850235
0.30531318620154085
0.3058001649822209
0.3071509163455277
0.3080851699345613
0.3090935515508526
0.30952508775086646
0.3098071459420492
0.3098778925767448
0.3102062276168478
0.31028873583926087
0.31028873583926087
0.31074341831002045
0.31081647866342527
0.3112688707425189
0.31139246673105503
0.31228129970019236
0.3131017745851688
0.3134773650553734
0.3138208352817648
0.314068854396985
0.31456289776323426
0.3152343890064226
0.3152343890064226
0.3158765675584691
0.3160616094516187
0.3163669614556433
0.31650188708623656
0.31713437285116897
0.31886176005790223
0.31907253319076445
0.31944658885869276
0.3198025578517465
0.320309772123391
0.32101545320658736
0.3212491033080866
0.32160978958012054
0.32226246190984026
0.3231378819657771
0.32322107959837876
0.3233644353720731
0.32361781162424436
0.3240318807233742
0.32430921345729546
0.32442004590026685
0.32486234179247403
0.325137309578397
0.32527959945782164
0.32572258733370946
0.32623778691552263
0.32639236371557634
0.3266168931968448
0.3273714991578678
0.32744093597901885
0.32817228369195134
0.32843589584528693
0.3307791317791384
0.33122343536665033
0.33255718471299767
0.3328222123893322
0.3329415375071121
0.3331624897552676
0.3335008228323748
0.33424828360209746
0.3344915275185867
0.3349125113559217
0.334957492109736
0.33536458099717487
0.33560513916809215
0.3360249118334967
0.33636583622728883
0.33658590985938674
0.33658590985938674
0.33750918099475236
0.33768637538125723
0.33774769272920846
0.33804511149626976
0.33837785959510136
0.33855904827803285
0.33878418099422125
0.33937365049658547
0.33943776744665777
0.33969165284021446
0.33981705969325604
0.3402568933130741
0.3411583534108632
0.34170674834348636
0.3421320599250363
0.34244421238462674
0.34333425430656433
0.34333425430656433
0.3433870759040765
0.3437458105923555
0.3438680558041109
0.34435741082477667
0.3447952458086702
0.34634090874856055
0.3464771514572766
0.34675909650883013
0.34701192187610047
0.34724087576023593
0.34735729293280704
0.34765378609436104
0.3482609448379271
0.34852732945732295
0.3492855252994659
0.349647660642966
0.3499717592679707
0.35006446918772843
0.3508209788258965
0.35088697951997483
0.35121457196662287
0.35121457196662287
0.35157245383612484
0.35165253778864136
0.3516779403916506
0.3520299474547551
0.35293419532391385
0.353239141589016
0.35360874993273145
0.3538766537076237
0.3539761456180238
0.35480948235057014
0.355820604910506
0.35627974111076033
0.3566799285386448
0.3571934556343348
0.35772726428701696
0.3578405417659408
0.35793673909540485
0.3582108869201446
0.3587795118379369
0.35890597074567837
0.35890597074567837
0.35910099968639186
0.35944087687130977
0.36077601230112266
0.36127889568505306
0.3617690594292753
0.36185328226964575
0.36188643827193173
0.362216322901458
0.36225770354318754
0.362537150756327
0.36258555536244197
0.36282470774002973
0.36346482328364826
0.36351623278320716
0.3637515976251072
0.364212387336336
0.36435981472065804
0.36496626727448167
0.3660100035211164
0.36606157134906964
0.36702435640222786
0.36741062439049854
0.3676886653531107
0.3679973497901706
0.3682011882965427
0.3682011882965427
0.36846095145589863
0.36877361490718824
0.36945692333005414
0.3695276838901712
0.3697812688873839
0.3697812688873839
0.3702417809524029
0.3702417809524029
0.3707461422862553
0.37109564921952626
0.37128342830777045
0.37160047954951686
0.3717814631114801
0.37207521291618406
0.37207521291618406
0.37316178233359104
0.37353969777186363
0.3736086836086576
0.374314908413273
0.3743659221777164
0.37496640683642846
0.37506452248415967
0.3754240737163333
0.37558456291540226
0.3759546337346146
0.3765723587461624
0.3773046753116265
0.37739669815763266
0.3776726306185752
0.3777318668701273
0.3777604584461698
0.3792649767718792
0.3795321936856046
0.3795321936856046
0.38005452153696684
0.3802057134449239
0.380381481523232
0.3808421294123128
0.3808787466230154
0.3811782213083366
0.38135584445141335
0.38140525902207967
0.382148298863702
0.38234794398747596
0.3826712047823282
0.38336434504669553
0.38388366006682295
0.3839672162225886
0.3849074417952368
0.38496390902037325
0.38511903571251777
0.3859257092080388
0.3865406674051505
0.3866598204137966
0.3868213016422318
0.3871632336827277
0.38797455017124505
0.38823898825221387
0.3882988700444678
0.38904602813350786
0.38937769475925715
0.38960820690991144
0.3900438448184792
0.3901248028318664
0.39034663576032447
0.3910103744625426
0.3911677612625803
0.3915277482880469
0.3916242429771433
0.3916242429771433
0.3918414154830705
0.3920207457627776
0.39214737956423457
0.3923957044720625
0.3926736613581961
0.39297098385961554
0.3932233332278638
0.3935626878269763
0.3935626878269763
0.3938009303056268
0.3942151358549003
0.39451353951658097
0.39477335874146013
0.3950962449341662
0.39559428253792855
0.3956463844976352
0.39584350701978943
0.39672271825952826
0.39672271825952826
0.39703447010858883
0.39733868895305025
0.397636797618265
0.39766279352666584
0.39802990057923093
0.3984397082808938
0.39892295373697034
0.3991606594947701
0.3994122514048955
0.3994864235450055
0.39987669011395466
0.40014271789361816
0.40074500894023746
0.4009159840123881
0.4011566921369569
0.4019297610565374
0.4020676283194767
0.40221068396703885
0.4023696109506528
0.4027298890809077
0.40308242035734176
0.403281453090039
0.4036214489777341
0.403905999671896
0.4039532556690651
0.40607182586003304
0.4066609776827506
0.40680640598320594
0.4070177673220818
0.4071308745120624
0.40754520489252427
0.408086612957871
0.40946328514061997
0.4097526974384392
0.4099999237836843
0.41034177816389816
0.4111307034277099
0.4113946182531083
0.411795893483991
0.4120912941139509
0.4129980444389979
0.4131883795855114
0.41332604367886844
0.41361429635695796
0.4136857365883386
0.4142631697722394
0.4144188901465668
0.41515140990118926
0.4154719586536669
0.4155036022143755
0.4161293891275706
0.41617923843606214
0.4173433698542373
0.41756009620222695
0.417704487394652
0.4177697391012695
0.4178335597431952
0.41795771730865655
0.4184877964548792
0.41931132769623153
0.41967073081095313
0.41985423543142786
0.42002497585892545
0.420237976251541
0.4203941735537521
0.42079197380209515
0.4210650766823808
0.4213794202092505
0.42159370742567004
0.4220556436134535
0.42211317253952557
0.42211317253952557
0.4221818091463228
0.42286338443170834
0.42330103347651765
0.42343559909286704
0.4235141340091987
0.42363781371453413
0.4244778679938512
0.42499138833571876
0.4250215436651551
0.42534328769701224
0.4254204612384063
0.42545378477184276
0.4256625911605131
0.42594786287404934
0.4267176617167802
0.42713945207920445
0.4272020981910641
0.42753042104724615
0.42781463734640235
0.429343966145276
0.42956633376961795
0.43022292822529
0.43048730545409175
0.43071901253852624
0.43079037633841444
0.430922980017701
0.4323862711840258
0.4329939326293949
0.4333563737039791
0.4333563737039791
0.43363377391334956
0.4340671509852099
0.4343802051465114
0.43457503578732326
0.43678302005872693
0.4373173157042203
0.4375821710425578
0.4376373194435686
0.4381285078108919
0.4382026010260013
0.43833835201633925
0.43858485800629426
0.43877419636560694
0.438856779917245
0.438856779917245
0.43960568634260544
0.43960568634260544
0.43972469029688704
0.440145064354524
0.44033535125687917
0.44039106914734455
0.44039106914734455
0.4405380355745613
0.4407896238639687
0.44112750582481963
0.44118131447833947
0.4413464888192917
0.44154748946356803
0.441777943755043
0.4418423715167988
0.4419423277000646
0.442344091080725
0.44268682329255793
0.44285836931712447
0.4432920996851589
0.44345974511660424
0.44345974511660424
0.44404024527850794
0.4442453445141222
0.4443909571255117
0.4446700040299669
0.4448059689569818
0.4450201023467852
0.4453719604200737
0.4468901951249665
0.4470873617852985
0.44731779170698627
0.4474128641411009
0.4474730471500138
0.4477289734656427
0.4477289734656427
0.4481730089355394
0.4483372258020169
0.44842449778463217
0.4496794873619198
0.4497634545932666
0.4497634545932666
0.449976090046179
0.45022169706901993
0.45073813549246006
0.45095243156769027
0.45111236263810556
0.45144250989678886
0.4521984079257027
0.45241047663739736
0.45255631952393804
0.4527181196655705
0.4530958008777127
0.4531251444478618
0.4539301974577153
0.45395394617174806
0.45419140272359787
0.4543431291833723
0.4557702008011312
0.45587171944651744
0.456003660156815
0.45631960327008886
0.45661828894952067
0.4567275978560409
0.45702476973433126
0.457639734228747
0.45775239116872024
0.45802391949698906
0.4585004089248869
0.45860626589136616
0.45925778355755437
0.45967776182964853
0.4603008105565504
0.46079245874348346
0.46087833827310676
0.4617565052423447
0.4619253923695378
0.4620060247259936
0.4629569526465873
0.4632976505375804
0.46381224493922735
0.4642209067246043
0.46445581024561416
0.4648468594599584
0.46502449426327197
0.465263068122977
0.46542376195352897
0.46745185066883
0.4679948876323708
0.4681890894631354
0.4690839487933259
0.4691479887458158
0.4691711903363601
0.469692864532352
0.4697194347076916
0.47013878400509374
0.4708394442563911
0.4719486785084253
0.47222779550297406
0.4723403450208674
0.4725207745920322
0.4727710214221644
0.4728754906764113
0.47317962778097383
0.47323225618683096
0.4732911826208057
0.4734829515508116
0.4735125067633131
0.4735125067633131
0.4739970835364604
0.47414265450924237
0.47474252888538915
0.4757117585049415
0.4758503234593077
0.47598870558991696
0.47602724231456367
0.4761465605126369
0.4764340023321485
0.476488316656073
0.47702124899808696
0.47726780460162155
0.47741472535329516
0.4775123403474593
0.47776436856040233
0.47810033993230283
0.47819339758420243
0.47847478414952516
0.4785665743910921
0.4795687315530147
0.48009298028158665
0.4801188071219989
0.4802128642460867
0.48033680454574224
0.4805417010684671
0.48082909052086686
0.4811889525378419
0.48131275529575696
0.48152287513627523
0.4817491581658515
0.4821255491701945
0.4825517857992249
0.48392252499055577
0.4844799116058444
0.4851940179536996
0.4853324501123659
0.4853324501123659
0.4854019135319276
0.48542191210396946
0.4855630435427603
0.4855893322986426
0.48570429815024396
0.4859529733952814
0.4859795666609944
0.4862373531421251
0.48629837015923005
0.4866388710597965
0.4871411087495273
0.48785566454119345
0.4883284954740619
0.48857278955296163
0.4888987073882726
0.4891914998359855
0.4892725598509552
0.4894616385847235
0.4895160808371323
0.48971538164016093
0.4899145080696262
