0 271 133 3.32 [3317, 3573, 3340, 3184] [125, 127, 126, 128]
1 292 332 3.09 [2141, 2227, 2477, 2290, 2126, 2313] [131, 130, 129, 132, 127, 126]
2 345 160 2.53 [4974, 4835, 4418, 4619, 4341] [133, 129, 128, 127, 126]
3 300 202 1.54 [5325, 5521, 5253, 4860] [135, 134, 136, 137]
4 274 126 1.78 [2589, 2495, 2716, 2784, 2427] [141, 139, 140, 138, 142]
5 205 295 2.75 [4276, 4221] [143, 144]
6 208 341 4.37 [3580, 3417, 4120, 3781, 3630, 4045, 3869] [125, 126, 129, 128, 127, 145, 131]
7 293 143 4.43 [3920, 4080, 3907] [130, 146, 132]
8 358 278 4.86 [2303, 2164] [147, 133]
9 331 173 2.66 [3498, 3207, 3118, 3453] [148, 134, 135, 149]
10 258 170 2.07 [11518, 12834, 12793, 13245, 11559] [125, 138, 139, 150, 131]
11 324 170 2.39 [3433, 3264, 3675, 3808, 3288, 3518, 3506] [136, 137, 140, 151, 141, 142, 152]
12 187 145 2.62 [2584, 2883, 2856] [154, 153, 155]
13 251 297 3.95 [15470, 15316, 15725, 15368, 13989] [157, 147, 156, 158, 130]
14 167 250 4.6 [5473, 5620, 5676] [148, 160, 159]
15 214 262 3.81 [3104, 2875, 3083, 3364, 2833, 2812, 3426, 3166, 2854] [133, 134, 135, 162, 136, 137, 161, 140, 125]
16 137 214 1.44 [2354, 2340, 2194, 2026, 2179, 2165, 2325, 2201] [163, 164, 165, 166, 167, 168, 169, 170]
17 361 239 2.04 [2903, 2845, 3040, 2962, 3187, 2727, 3099, 2786] [163, 164, 165, 166, 171, 167, 168, 169]
18 207 283 1.79 [2104, 2221, 2131, 2062, 1863, 2207, 1904, 1980, 2042, 1959] [170, 172, 173, 174, 175, 176, 177, 178, 179, 180]
19 308 199 1.19 [15649, 13539, 15796, 14128, 13735, 15305, 14716, 13686, 14373] [182, 167, 181, 170, 172, 173, 174, 175, 176]
20 277 227 1.77 [18524, 18128, 20238, 18590, 19579, 18656] [132, 133, 183, 141, 153, 142]
21 149 300 2.86 [15358, 14435, 14483, 15164, 15407, 14824, 13754, 13949, 14969] [186, 143, 144, 185, 184, 149, 140, 145, 154]
22 218 154 3.51 [4857, 5054, 4841, 5315] [151, 152, 155, 187]
23 222 348 1.8 [9785, 8382, 9815, 8322, 8901, 8718, 8931] [189, 163, 188, 164, 165, 166, 168]
24 241 233 3.52 [7278, 7643, 7010, 7351, 7327] [146, 190, 155, 161, 162]
25 254 357 2.77 [2572, 2783, 2528, 2642, 2625, 2854] [169, 177, 171, 178, 179, 191]
26 247 275 3.76 [3878, 3818, 3564, 3866, 3383, 3721] [192, 193, 169, 194, 134, 180]
27 231 309 3.39 [3845, 4356, 4115, 4413, 3888] [135, 196, 171, 195, 136]
28 314 226 2.13 [4475, 4396, 4538] [199, 198, 197]
29 149 267 4.75 [8450, 8754, 7567, 8174] [191, 200, 128, 127]
30 174 270 2.76 [3907, 4252, 4065, 4195, 4670, 4411, 4714, 4368, 4627, 4685] [163, 177, 164, 178, 202, 179, 201, 197, 203, 204]
31 320 322 1.2 [2609, 2599, 2924, 2800, 3105, 2819, 2771, 2943, 2962, 2675] [209, 206, 207, 208, 205, 210, 211, 212, 213, 214]
32 322 165 4.16 [2091, 2024, 2360, 2270, 2255, 2397] [198, 175, 216, 199, 205, 215]
33 214 147 3.32 [2885, 2949, 3435, 3149, 3329, 3170] [172, 198, 217, 199, 206, 205]
34 281 240 4.95 [6245, 6887, 6352] [148, 218, 159]
35 335 336 3.24 [2874, 2757, 2698, 2903, 3040, 2727, 2659, 2747] [207, 208, 209, 210, 219, 211, 212, 213]
36 288 287 2.72 [2463, 2374, 2205, 2487, 2640, 2261] [214, 222, 181, 221, 220, 223]
37 204 369 1.71 [2046, 2255, 1962, 2018, 2262, 1899, 2060, 2150, 2220, 2074] [228, 225, 226, 227, 224, 229, 230, 231, 232, 233]
38 144 213 2.97 [7185, 7818, 7745] [180, 234, 235]
39 371 244 1.15 [2940, 3016, 2834] [237, 236, 238]
40 164 256 3.79 [5002, 5459] [187, 239]
41 155 185 3.89 [2335, 2128, 2246, 2298, 2394] [222, 207, 208, 220, 240]
42 353 150 4.63 [2940, 3019, 2793, 2980, 2823, 2646, 3058, 2744, 3068, 2882] [192, 243, 177, 215, 193, 137, 242, 171, 241, 194]
43 302 183 3.55 [2019, 2238, 2392, 2158, 2246, 2070, 2107, 2136] [214, 221, 244, 223, 224, 225, 226, 227]
44 142 373 3.49 [14161, 12665, 12805, 13787, 15002, 12712, 15329, 14535, 13880] [160, 126, 129, 151, 127, 134, 245, 195, 152]
45 211 338 3.91 [18912, 20217, 19564, 20869, 18260, 17673] [178, 216, 193, 246, 146, 137]
46 177 157 4.29 [2974, 2592, 2674, 2810] [247, 179, 188, 201]
47 264 274 4.5 [4221] [248]
48 126 156 1.23 [1895, 2148, 2011] [236, 249, 237]
49 142 128 3.96 [5523, 5291, 5845] [196, 192, 250]
50 137 266 3.82 [2361, 2597, 2297, 2219, 2147, 2329, 2447, 2590, 2376, 2487] [207, 251, 208, 209, 174, 210, 211, 252, 212, 219]
51 307 218 1.56 [5077, 4969, 5402, 4878, 5041] [228, 229, 253, 230, 231]
52 196 145 2.24 [18032, 16430] [254, 190]
53 198 305 2.34 [4896] [255]
54 191 287 4.51 [4074, 3531, 4010] [256, 169, 257]
55 139 280 1.85 [1997] [258]
56 162 203 4.37 [12937, 10821, 11699] [259, 135, 194]
57 257 296 2.92 [6655, 6142, 5772, 6368, 5731, 5567, 6060, 6327] [260, 201, 171, 217, 166, 136, 202, 203]
58 164 240 3.81 [5124, 5318, 5494] [204, 232, 261]
59 245 164 3.37 [2082, 2180, 1992] [233, 262, 228]
60 179 251 3.62 [4143, 4208, 3961, 3819, 3624, 4039, 3767, 4117, 4195, 3611] [264, 263, 213, 197, 179, 238, 189, 258, 265, 188]
61 139 242 2.34 [2124, 1913, 2060, 2166, 2236, 2243, 1927, 2201, 2215] [236, 229, 230, 249, 267, 266, 237, 268, 269]
62 134 157 1.04 [2042, 1953, 2145, 2062, 2221, 2104] [274, 271, 272, 273, 270, 275]
63 359 294 1.37 [6277, 6876] [270, 276]
64 241 234 4.0 [2846, 2940, 3080, 2640, 2930, 2968, 2668] [206, 223, 277, 165, 221, 240, 198]
65 309 164 1.88 [10764, 10519, 10939, 11288, 11253, 10904, 10275, 11183, 9855] [224, 219, 244, 278, 279, 251, 205, 280, 198]
66 142 262 1.62 [6718, 6652, 6083, 5996, 6827, 6455, 6543, 6017, 6193, 5908] [282, 266, 229, 230, 281, 249, 267, 231, 236, 237]
67 241 170 2.47 [5123, 5231, 5195, 5518] [214, 220, 222, 283]
68 191 164 2.67 [1903, 2044, 2206, 2030, 2129, 2248] [253, 268, 285, 269, 271, 284]
69 303 349 2.63 [4468, 4184, 4856, 4811, 4139] [209, 207, 286, 287, 208]
70 353 339 4.97 [3262, 3054] [288, 215]
71 349 327 2.52 [1930, 2166] [270, 289]
72 336 310 3.29 [4085, 3823] [290, 225]
73 317 229 4.27 [12298, 10192, 11207, 11245, 11659, 11508, 11847] [291, 138, 210, 211, 226, 227, 241]
74 251 303 3.25 [3259, 3062, 3106] [292, 233, 262]
75 245 252 2.62 [4735, 4302, 4446, 4590, 3912, 4359, 4388, 4229, 4475] [293, 212, 252, 272, 176, 233, 255, 228, 262]
76 305 333 1.74 [3444, 3621, 3291, 3562] [273, 294, 274, 295]
77 324 338 3.27 [1866] [296]
78 167 232 4.08 [2608] [297]
79 244 205 1.99 [1937] [298]
80 298 250 2.41 [3584, 3619, 3376, 3307, 3133, 3226, 3769] [268, 275, 253, 249, 182, 231, 299]
81 135 161 3.66 [4844, 5281, 5509, 5754] [168, 221, 242, 300]
82 246 323 2.41 [7420, 7969, 8119, 7844, 7270, 7694, 8044, 7195, 8219] [206, 243, 302, 247, 199, 240, 289, 177, 301]
83 139 152 3.9 [3651, 3833, 3602, 3639, 3541, 3323] [269, 303, 271, 277, 223, 209]
84 165 273 4.04 [2279, 2182, 2554, 2481, 2400] [253, 236, 304, 284, 273]
85 310 321 3.94 [2219, 2080, 2032] [305, 274, 268]
86 225 155 4.17 [3412, 3193, 3381, 2859] [306, 275, 307, 207]
87 250 334 3.2 [13409, 12251, 14211, 14122, 14612] [218, 139, 285, 288, 308]
88 293 281 1.98 [5503, 5857, 5798] [294, 309, 310]
89 353 305 3.75 [4176, 4162, 3965, 3994] [311, 312, 264, 265]
90 310 304 2.45 [12051, 12467, 12164] [292, 313, 296]
91 175 330 4.41 [4545] [314]
92 300 258 1.75 [6325, 5904] [315, 295]
93 288 299 3.42 [4329, 4424, 4248, 4261] [298, 316, 297, 304]
94 355 270 2.32 [14018, 14104, 13201, 13330, 12083, 13803, 13932, 12900] [318, 317, 239, 248, 150, 319, 320, 215]
95 187 221 3.04 [3265, 3212, 3350, 2915, 3021, 2894, 2926] [305, 299, 321, 237, 266, 267, 268]
96 310 141 2.11 [2824, 2558, 2700, 2602, 2860, 2469] [325, 276, 323, 324, 322, 326]
97 214 322 3.56 [15577, 13593, 16321] [256, 148, 327]
98 128 318 3.59 [7826, 8333, 6864, 7092, 7801, 7041, 7497] [250, 328, 155, 161, 257, 162, 196]
99 186 246 1.69 [3639, 3651, 3358, 3733, 3265, 3627] [332, 330, 331, 329, 333, 334]
100 346 351 3.82 [2300, 1914, 2195, 1921, 2307, 2096, 2132, 2082, 2146] [336, 229, 322, 230, 335, 281, 282, 276, 309]
101 262 204 3.31 [6600, 7035, 6370, 6852, 7241, 6668] [225, 323, 187, 263, 337, 232]
102 216 142 3.83 [14806, 13902, 14949, 14521, 13140] [339, 238, 338, 324, 191]
103 366 189 2.26 [4819, 4574, 4688, 4525, 4557, 4982, 5047] [325, 294, 310, 295, 315, 341, 340]
104 168 341 4.04 [1986, 2180, 1920, 1873, 1940, 1886] [274, 342, 270, 281, 282, 309]
105 299 288 1.2 [5119, 5594, 5558, 5576, 5101, 4991, 5996, 5265, 5338, 5466] [349, 344, 345, 346, 347, 348, 343, 350, 351, 352]
106 319 218 4.91 [2627, 2897] [252, 353]
107 373 330 1.29 [3147, 3038] [354, 355]
108 188 238 3.73 [8249, 7661, 8142, 8356, 7688, 7288, 8062, 7928, 8329, 8436] [342, 234, 306, 358, 235, 180, 290, 261, 357, 356]
109 211 244 1.23 [4600, 4616, 4416, 4953, 4662, 5030] [347, 348, 349, 360, 350, 359]
110 363 125 4.57 [3171, 3058, 2865, 3283, 3324, 3313, 3262, 2895, 2997, 3028] [303, 258, 189, 362, 361, 363, 364, 197, 213, 269]
111 207 299 2.37 [2462, 2891] [326, 365]
112 190 236 3.19 [2712, 2771, 2763] [367, 366, 368]
113 126 253 3.57 [4244, 3911, 4535, 4258, 4382, 4355] [283, 212, 369, 284, 333, 307]
114 156 167 2.37 [2651, 2802, 2567, 2896, 2999, 2820, 2877, 2614] [326, 329, 330, 331, 370, 332, 334, 343]
115 129 345 3.04 [4296, 3863, 3905, 4212, 4338, 4492, 4436, 4045, 4282] [321, 214, 220, 286, 335, 371, 372, 222, 336]
116 201 137 1.67 [3254, 3442, 3390, 2825, 3138, 3107, 3097] [351, 373, 374, 344, 345, 346, 347]
117 280 270 3.56 [5382] [366]
118 362 341 4.89 [4359, 4167, 4536, 4462, 4551] [260, 202, 353, 311, 367]
119 307 248 2.37 [3020, 3154, 3340, 3165] [326, 329, 365, 330]
120 134 347 4.86 [3883, 3998, 4070] [272, 312, 368]
121 194 187 2.96 [7386] [355]
122 240 219 3.51 [6129, 6069, 6387] [277, 271, 370]
123 177 302 1.12 [7764, 7238, 7644] [349, 352, 354]
124 279 372 2.54 [19284, 17613, 18577] [361, 203, 287]
125 295 368 4.1 [2308, 2549, 2613, 2188, 2404, 2637, 2180, 2348] [208, 293, 373, 163, 233, 374, 167, 228]
126 142 145 2.72 [3208, 3099] [360, 331]
127 267 367 4.77 [17811, 17427, 20502] [156, 131, 362]
128 183 296 1.21 [3552, 3497, 3595, 2973, 3235] [348, 350, 354, 349, 359]
129 342 219 3.06 [3153, 2979, 2777, 2835, 2758, 3143, 2603, 2941, 2931, 3114] [341, 274, 249, 267, 229, 322, 170, 281, 276, 340]
130 244 183 2.51 [4382, 4075, 4507, 4005, 4354, 4242, 3796, 3810, 4047] [299, 266, 305, 237, 322, 282, 173, 181, 267]
131 274 350 2.25 [5012, 5227, 5872] [174, 231, 365]
132 251 149 1.89 [7089] [332]
133 203 358 1.03 [15944, 15335, 17550, 18103, 17439, 16221, 15114, 15391, 16941] [344, 346, 348, 349, 350, 352, 345, 354, 359]
134 349 346 1.92 [1858, 2111, 1981, 2084, 2146, 2015, 2139, 2159, 2235] [350, 352, 346, 354, 359, 348, 344, 347, 351]
135 287 335 3.5 [13814, 12364, 13473, 11511, 14027, 13302, 11853, 12279] [314, 159, 297, 128, 363, 273, 145, 169]
136 372 370 4.84 [2643, 2328, 2392, 2538, 2231, 2408, 2255, 2295, 2376] [372, 220, 253, 293, 164, 255, 165, 208, 222]
137 262 209 2.21 [5772, 5477, 4998, 5920, 5053, 5237, 5422, 5883, 5791, 5219] [330, 268, 170, 334, 182, 230, 270, 325, 340, 249]
138 165 137 1.44 [3185, 3296, 3135] [347, 349, 351]
139 341 278 1.24 [4844, 5291] [347, 351]
140 185 304 3.69 [2033, 1969, 1926, 2161, 1962, 2303, 2282, 2005] [294, 295, 309, 310, 315, 360, 343, 326]
141 270 328 4.42 [5039, 4634, 4439, 4698, 4990, 4488, 4682] [364, 204, 192, 217, 316, 201, 242]
142 307 184 4.36 [2671, 2740, 2483, 2723, 2466, 2414, 2543, 2337] [321, 371, 233, 373, 262, 214, 286, 172]
143 236 157 2.02 [3663, 3125, 3428, 3540, 3573, 3596] [351, 344, 346, 345, 347, 329]
144 331 198 4.88 [5486, 5307, 5864, 5091, 5414, 5900, 5666, 4965, 5145] [223, 202, 300, 161, 213, 369, 264, 162, 179]
145 137 165 3.73 [2930, 3182] [274, 374]
146 310 182 1.45 [2801] [349]
147 232 227 3.82 [5765, 4886] [298, 163]
148 233 203 1.89 [2025, 2011, 2081, 2157, 2122, 2074, 2248] [348, 344, 349, 350, 352, 354, 359]
149 130 369 4.72 [4280, 4249, 4827, 4358] [187, 175, 335, 197]
150 365 280 2.29 [2695, 2740, 2926, 2597, 2766] [346, 347, 351, 344, 329]
151 342 137 3.19 [5261, 5484, 5316, 5595, 5521, 5688, 6097, 5818, 5539, 5428] [165, 209, 171, 240, 224, 243, 336, 252, 244, 188]
152 231 207 1.91 [4160, 3836, 3822, 4484, 4428, 4245, 4216, 3948, 4625] [346, 344, 350, 351, 345, 347, 359, 348, 329]
153 239 318 2.91 [2350, 2444, 2693] [326, 329, 331]
154 290 306 1.43 [5349, 4979, 5419] [352, 349, 354]
155 220 281 1.65 [9680] [360]
156 244 186 3.69 [2442, 2381] [341, 343]
157 187 251 1.7 [2041, 2269, 2092] [349, 352, 354]
158 144 243 4.22 [1897, 2229] [173, 305]
159 304 321 1.25 [13999, 12916, 11876, 13349, 14129, 13306, 12266, 13739] [344, 345, 329, 347, 331, 350, 352, 351]
160 320 346 1.81 [8408, 8331, 8075, 7998, 7511, 7178, 7767, 7357, 7434, 7229] [341, 299, 281, 276, 229, 181, 266, 237, 267, 282]
161 253 263 2.75 [2458, 2656, 2466, 2532, 2507, 2615, 2384, 2573, 2714] [346, 295, 309, 310, 315, 326, 348, 359, 294]
162 321 125 2.05 [2702, 3025, 2897, 2829, 2907] [315, 326, 349, 352, 354]
163 144 201 4.09 [2544, 2168, 2145] [365, 167, 173]
164 221 287 1.97 [2579] [354]
165 338 190 2.6 [7915, 7890] [304, 303]
166 192 310 2.37 [6263, 6834, 5933, 6966, 6329, 6241, 6351] [228, 373, 176, 371, 236, 233, 262]
167 186 129 4.71 [2220, 2277, 2351, 2466] [268, 274, 286, 374]
168 153 356 4.9 [9360, 9512] [265, 368]
169 372 266 2.62 [5592, 5977, 5997, 6018, 6565, 6443] [164, 251, 255, 278, 372, 275]
170 232 276 4.38 [8653] [337]
171 216 210 3.41 [1984, 2031] [310, 326]
172 272 256 2.76 [2136, 1955, 2283, 2053, 2241, 1913, 1997, 1934] [294, 295, 309, 315, 326, 310, 346, 354]
173 160 304 2.07 [6854, 6495, 6411, 6748, 6010] [305, 309, 270, 322, 230]
174 296 149 4.55 [3278, 3668, 3055, 3445] [189, 333, 136, 247]
175 235 155 2.96 [2398, 2091, 2293, 2039, 2031, 2271] [295, 315, 326, 329, 348, 359]
176 301 247 4.65 [4714, 4697, 4984, 4883, 5406] [168, 166, 204, 206, 367]
177 140 341 4.28 [4308, 4380, 4539, 4222, 4322, 3890, 4409, 4150, 4020, 4351] [258, 269, 307, 221, 279, 177, 283, 247, 199, 280]
178 335 342 2.07 [8247, 8801, 9325, 9005, 8101, 7985, 8218, 8014, 8742, 8480] [207, 286, 293, 321, 172, 208, 214, 219, 253, 220]
179 207 318 1.49 [3552, 3112, 3529] [354, 294, 352]
180 262 133 3.65 [9387, 9026, 9617, 10109, 10700, 10372, 9485, 10043, 10733, 9124] [192, 153, 196, 242, 301, 272, 201, 250, 353, 155]
181 322 242 3.59 [2284, 2067, 2161, 2320, 2147] [310, 331, 332, 343, 315]
182 335 326 1.37 [2136, 2114, 2072, 2093, 2306, 2207] [345, 347, 350, 349, 354, 346]
183 165 220 4.25 [5221] [302]
184 333 341 2.53 [2553] [351]
185 149 137 4.68 [6179, 6076, 6651, 6466, 5543, 6138] [217, 212, 312, 284, 161, 225]
186 232 127 2.13 [1944, 2274, 2282, 2038, 2253, 2131, 2325] [332, 326, 348, 329, 359, 344, 295]
187 172 258 1.13 [4214, 4781, 4856, 4348, 4811, 4423, 4722, 4408, 4647] [346, 310, 315, 326, 331, 332, 343, 294, 295]
188 371 263 3.08 [3292, 3245] [334, 340]
189 182 340 1.01 [4652] [349]
190 230 206 2.1 [4717, 4444, 4487, 4343, 4185, 4401, 4588, 3941] [360, 182, 310, 329, 331, 294, 343, 249]
191 318 344 2.27 [3980, 3966, 3926, 4127, 4394, 3806, 4287, 3993] [170, 295, 326, 325, 332, 181, 315, 330]
192 299 196 1.61 [12474, 14545, 14453] [167, 374, 365]
193 215 187 4.91 [2279, 1905, 2148, 2044, 1912, 2065, 1947, 2134, 1885, 2231] [334, 173, 268, 174, 182, 231, 229, 274, 170, 340]
194 315 250 1.38 [10761, 10492, 9416, 9584, 10526, 9887, 9786, 9214, 10660] [348, 351, 266, 267, 345, 282, 347, 237, 359]
195 319 264 1.82 [3221, 3582, 3374, 3593, 3308, 3199, 3276, 3560] [360, 344, 281, 346, 276, 352, 354, 350]
196 348 343 3.37 [3362, 3618, 3451, 3607, 3250, 3630] [231, 341, 274, 305, 249, 325]
197 265 214 1.88 [5453, 5354, 4608, 5437, 5420] [310, 330, 294, 343, 299]
198 144 204 2.75 [2811, 2888, 2897, 2916, 2620, 2830, 2878, 2725] [276, 295, 315, 331, 281, 332, 181, 326]
199 317 165 3.55 [3882, 4032, 4264] [205, 222, 372]
200 304 227 4.49 [6295, 6723, 6520, 6678, 7197] [189, 232, 223, 257, 366]
201 276 359 3.68 [1911, 2239, 2176, 2197, 1918, 1890, 2058] [309, 322, 332, 360, 299, 331, 230]
202 374 235 1.75 [4289] [354]
203 223 256 4.67 [2567, 2473, 2284] [371, 334, 198]
204 237 278 3.6 [3558, 3642, 3679, 3958, 3630, 3946, 3849] [198, 228, 236, 275, 233, 373, 255]
205 135 188 2.78 [4094, 3736, 3974] [322, 276, 270]
206 349 239 2.2 [2289, 2472, 2576, 2400, 2305, 2233, 2568, 2624] [360, 344, 346, 349, 350, 281, 352, 329]
207 139 232 2.24 [2828, 2628] [329, 350]
208 330 320 1.97 [10037, 9046, 10070, 9871] [262, 174, 371, 321]
209 371 152 1.79 [5223, 5730, 6031, 5392, 5975] [230, 295, 181, 326, 315]
210 337 141 3.83 [2657, 2592, 2341, 2455, 2398, 2293] [330, 309, 266, 270, 281, 276]
211 201 136 4.15 [3428, 3538, 3373, 3119, 3251, 3483, 3626, 2987, 3406] [251, 278, 222, 164, 205, 372, 289, 172, 275]
212 366 364 1.75 [8222, 8652, 9368, 8938, 9225, 9253] [230, 282, 299, 332, 343, 322]
213 134 148 2.64 [3469] [294]
214 373 140 2.33 [2166, 2195, 2210, 2325, 1979] [310, 344, 349, 352, 331]
215 193 231 4.16 [3211, 2968, 2936, 3390, 3316, 3242, 2957, 3274, 3411] [255, 173, 176, 293, 334, 268, 198, 325, 289]
216 270 323 4.91 [17258, 17641, 15074, 16439, 17750, 15838, 15784] [200, 311, 130, 241, 328, 127, 147]
217 148 272 3.51 [5067, 4540, 5098, 4494] [304, 243, 333, 136]
218 314 358 3.28 [11003, 11444, 11123, 12287, 12368, 12167, 12127, 11765, 12890, 12970] [125, 213, 179, 260, 263, 258, 261, 234, 357, 356]
219 302 250 4.63 [2117, 1921, 2103, 2076, 2211, 2002, 2198, 1969] [229, 170, 182, 249, 340, 270, 330, 274]
220 182 223 3.05 [4605, 4683, 5121, 4276, 4871, 4761, 4698, 4792, 4839] [207, 219, 373, 182, 286, 220, 228, 253, 305]
221 301 243 2.01 [4806, 4732] [360, 267]
222 258 343 3.99 [11633, 10940, 11962, 10868, 11597, 11451, 10831] [316, 184, 358, 185, 323, 300, 186]
223 131 369 4.11 [2563, 2390, 2554, 2658] [231, 270, 309, 341]
224 257 328 3.79 [5286, 5318, 5138, 4793, 4892, 4481] [336, 355, 283, 240, 244, 165]
225 204 153 4.26 [3288, 3022, 3192, 3001, 3107] [340, 208, 289, 214, 236]
226 167 166 3.44 [2162, 2020, 1959, 2209] [310, 331, 329, 237]
227 209 289 1.41 [2568, 2676, 2810, 2577, 2595, 2944] [344, 346, 354, 347, 350, 359]
228 231 133 2.86 [3274, 3306, 2967, 3062, 3030, 3126, 3295, 2861, 3369, 3051] [276, 237, 181, 315, 294, 295, 360, 326, 281, 310]
229 203 131 3.23 [5931, 5383, 5755, 5696, 6225, 6029, 6401, 6303] [199, 136, 177, 171, 279, 247, 303, 252]
230 374 195 4.77 [3257] [289]
231 222 302 3.0 [3220, 3634, 3646] [237, 170, 229]
232 163 245 4.61 [2178, 2500, 2454, 2239, 2124, 2109, 2339, 2086] [229, 274, 341, 231, 167, 249, 330, 170]
233 373 317 1.8 [5473, 5402, 5208, 5296, 4855] [329, 331, 351, 348, 345]
234 369 171 4.23 [4912, 4714, 5340, 4796, 4631, 5043, 4829] [269, 221, 364, 271, 277, 298, 280]
235 320 317 1.42 [2819, 3031, 2745] [352, 349, 346]
236 355 200 3.37 [2899, 2629, 2619, 2796, 2545, 2778] [266, 267, 360, 281, 294, 276]
237 255 273 3.04 [7093, 6939, 6873] [307, 333, 304]
238 308 362 2.44 [9710] [370]
239 246 169 2.11 [4812, 4561, 4595] [310, 315, 181]
240 318 365 1.16 [8752, 8421, 9504, 9323, 8632, 9594, 9895, 8180, 8271, 8902] [322, 266, 295, 299, 281, 326, 359, 282, 309, 267]
241 302 217 2.69 [8191, 8432, 8459, 8137, 8406, 7681, 7546, 8486, 8164, 7466] [188, 283, 336, 224, 209, 205, 164, 355, 243, 165]
242 313 220 3.41 [3031, 3002, 3088, 2868, 2639] [249, 231, 270, 276, 230]
243 318 320 4.73 [5138, 5271, 5238, 5105, 4804, 5021] [296, 335, 313, 302, 239, 292]
244 236 195 2.14 [2168, 2073, 2148, 2202, 1972, 2229, 2188] [344, 352, 347, 350, 349, 354, 346]
245 274 293 1.31 [6750, 6495, 7306, 6332, 6541, 7260, 7167] [331, 329, 332, 345, 343, 360, 294]
246 177 208 2.32 [7379, 6632, 6745, 7221, 6972, 6270, 6202] [374, 176, 233, 274, 341, 229, 167]
247 327 155 2.45 [7533, 7388, 7848, 7727] [222, 251, 278, 372]
248 277 253 1.08 [3845, 3692, 3768] [347, 344, 354]
249 273 312 4.81 [2518, 2727, 2937, 2554, 2673] [172, 255, 293, 173, 219]
250 150 216 2.59 [5820, 6562, 6402, 6321, 6101] [198, 334, 325, 371, 262]
251 180 358 3.59 [2121, 1898, 1925, 1864, 1959, 2074, 2013, 2155, 2006, 1831] [181, 230, 237, 249, 270, 276, 310, 315, 330, 346]
252 251 193 3.14 [6117, 6196, 6037, 5998, 5760, 6473, 6216, 6334, 5661] [268, 244, 247, 252, 171, 275, 289, 240, 177]
253 179 374 3.22 [3393, 3480] [231, 365]
254 361 177 1.52 [2105, 1912, 1898, 2119, 1988, 2064, 2188, 2222] [310, 181, 315, 348, 349, 350, 351, 352]
255 324 244 1.14 [2139, 2250, 2258] [351, 350, 348]
256 129 274 4.31 [4929, 5063, 4896, 5263, 5046, 4511, 5246, 4578, 5347, 4779] [175, 183, 187, 298, 197, 132, 277, 130, 364, 141]
257 279 187 2.45 [10567, 9652, 10668] [307, 142, 271]
258 242 321 3.53 [3487] [365]
259 363 289 4.05 [11625, 11129, 11093, 10774, 9676, 9711, 10703, 10314, 10455] [342, 264, 290, 235, 140, 143, 284, 144, 149]
260 243 181 4.58 [2882, 2701, 2485, 2512, 2584, 2458, 2927, 2449, 2837] [305, 207, 174, 182, 208, 214, 373, 220, 236]
261 138 325 2.77 [5378, 5843, 5521, 5039, 5468, 4896, 5771, 5271, 4985] [228, 340, 253, 233, 321, 174, 286, 255, 330]
262 311 164 3.37 [2796, 2564] [270, 170]
263 367 365 2.87 [4891] [341]
264 318 253 4.71 [4030, 3802, 4177] [221, 163, 280]
265 280 189 4.05 [3362, 3444, 3574, 3715] [208, 305, 373, 293]
266 183 345 1.34 [2871, 3043, 3123] [354, 347, 237]
267 131 231 4.24 [2586, 2328, 2287, 2461, 2361, 2453, 2719] [231, 322, 249, 309, 270, 170, 365]
268 337 188 2.87 [2461] [230]
269 334 255 4.52 [8319, 9917, 9525] [154, 369, 306]
270 252 176 1.69 [9305, 8320, 9160, 9537, 8030, 8146, 8783, 8378, 8957] [249, 181, 343, 276, 237, 266, 281, 299, 282]
271 273 215 4.11 [4116] [278]
272 279 180 4.34 [2186, 2170, 2254, 2483, 2262, 2292, 2361, 2377, 2399] [170, 330, 214, 220, 322, 270, 207, 231, 309]
273 207 160 2.44 [11463, 11253, 9541, 9436, 11114, 10764] [370, 269, 133, 163, 303, 279]
274 182 155 3.5 [2256, 2035, 2083, 1993] [310, 332, 360, 315]
275 257 233 4.42 [2021, 1865, 1919, 1851] [332, 230, 267, 294]
276 304 194 1.24 [10368, 11096, 9778, 11339, 11373, 10957, 11304, 9362] [176, 360, 172, 173, 295, 331, 310, 198]
277 141 172 4.44 [3542, 3517, 3922, 3358, 3493, 3346, 3407, 3309, 3382] [199, 136, 333, 207, 214, 208, 219, 220, 222]
278 312 221 2.52 [3819, 3807, 3420, 3432, 3532] [230, 309, 365, 326, 315]
279 153 225 3.09 [16518, 14737, 15763, 16356, 16950, 15871] [308, 162, 248, 312, 367, 285]
280 236 238 1.55 [2481, 2537, 2239, 2594] [349, 348, 350, 344]
281 289 283 4.23 [8401, 8747, 8891, 8458, 7910, 7794, 8545, 8660] [254, 317, 319, 313, 180, 166, 318, 320]
282 286 230 3.14 [5824, 5939, 5213, 6187] [236, 251, 182, 372]
283 260 125 4.83 [2836, 2771, 3021, 2567, 2753, 2975] [255, 253, 293, 228, 262, 334]
284 224 140 4.13 [4316, 4162, 4285, 4979, 4717, 4362, 4455] [177, 164, 188, 355, 221, 199, 209]
285 339 168 3.87 [3062, 3397, 3364, 3241, 3632, 3274] [330, 321, 374, 371, 325, 274]
286 282 176 4.9 [2174, 2247, 2050, 2152, 2094, 2393, 2218, 2378] [167, 365, 170, 229, 231, 286, 341, 233]
287 303 369 4.9 [2516, 2698, 2394, 2403, 2472] [374, 340, 371, 321, 274]
288 253 294 1.69 [2311, 2270, 2460] [351, 359, 352]
289 353 208 3.0 [6292, 6503, 5870, 6672, 6187, 6905, 6461, 5722] [278, 373, 219, 289, 222, 304, 293, 207]
290 238 256 3.65 [3887, 3642, 3531, 3960, 3777] [325, 228, 233, 305, 286]
291 314 284 2.09 [12308, 11478, 11968, 10269, 11855, 11629, 10194, 10571, 10836] [224, 240, 252, 136, 268, 243, 171, 205, 220]
292 293 315 1.56 [1909, 1998] [329, 346]
293 326 175 4.82 [2305, 2459, 2386, 2491, 2612, 2524] [167, 341, 174, 274, 340, 374]
294 349 177 2.79 [8025, 8050, 6994, 6700, 7780, 7289] [283, 333, 165, 208, 244, 247]
295 242 158 2.37 [6655, 5975, 6570] [371, 170, 330]
296 240 354 4.2 [4696, 4183] [336, 275]
297 163 193 1.54 [3062, 2811, 2765, 2839, 2802, 2672, 3025, 2904, 2737, 2727] [329, 344, 345, 346, 347, 350, 354, 351, 359, 348]
298 260 348 4.06 [16663, 16929] [259, 291]
299 130 357 2.01 [2804, 2446] [294, 267]
300 279 190 1.43 [12949, 11202] [270, 229]
301 368 171 3.9 [4688, 4961, 4807, 5389, 5475, 5611, 5458] [132, 209, 187, 364, 280, 215, 150]
302 341 274 1.9 [4152, 4251, 4096, 4011, 4490, 4265] [230, 315, 322, 345, 332, 326]
303 287 167 4.99 [2455, 2616, 2411, 2696, 2857] [228, 253, 255, 340, 334]
304 340 240 3.81 [8380, 7670, 7775, 7486, 8537, 7592, 7513, 8012, 7355] [257, 168, 190, 175, 335, 183, 197, 202, 204]
305 135 209 4.24 [8012, 7440, 6818, 7639, 6992] [366, 206, 189, 296, 212]
306 248 228 3.69 [3621, 3633, 3344, 3957] [305, 286, 174, 262]
307 310 283 1.64 [2086, 2106, 2187, 2053, 2160] [267, 346, 347, 349, 352]
308 319 192 3.87 [1974, 2022, 1852, 1838, 1866, 1934, 1981, 2233, 1906, 2111] [181, 231, 281, 237, 266, 294, 299, 309, 276, 249]
309 174 139 1.21 [13580] [365]
310 340 230 1.04 [2953, 2874, 2893, 2735, 2745, 3071, 2844, 3180, 3140] [282, 309, 329, 231, 344, 348, 351, 359, 343]
311 226 224 2.97 [6960, 6169, 7157] [188, 199, 275]
312 153 195 2.94 [3585, 4101, 3817, 3804] [266, 321, 322, 249]
313 187 130 1.75 [2102, 2316] [349, 354]
314 260 362 4.3 [4743, 5056, 5212, 5421, 4726, 5230, 5143, 4900, 4691] [141, 239, 277, 298, 150, 302, 215, 271, 221]
315 196 360 4.58 [2627, 2432, 2368, 2441, 2303, 2400, 2635, 2230, 2287] [233, 167, 231, 274, 325, 341, 374, 172, 309]
316 280 172 3.38 [4120, 4341, 4003, 3973, 4032, 4606, 4826, 4562] [173, 253, 176, 198, 228, 255, 334, 340]
317 195 147 3.97 [2852, 2816, 2764, 2561, 2825, 2860, 2482, 2464, 2658] [174, 274, 321, 233, 325, 341, 249, 276, 374]
318 169 358 3.17 [4085, 4248, 3880, 4003, 3962, 4234, 3676, 3785] [167, 172, 231, 262, 286, 305, 330, 309]
319 189 187 3.94 [2798, 3083, 2808] [170, 371, 325]
320 225 227 1.1 [4711, 4741] [267, 332]
321 270 244 2.63 [3000, 3345, 3081] [315, 294, 299]
322 136 204 1.92 [2651, 2333, 2626, 2385, 2582, 2436, 2600, 2789, 2505] [181, 347, 237, 230, 326, 346, 350, 352, 281]
323 271 217 1.89 [15124, 17543, 17048, 17213, 15234, 16389, 15014, 15784, 17653] [132, 355, 307, 336, 142, 280, 133, 125, 131]
324 192 325 3.19 [18696, 19892, 19829, 18318] [160, 338, 339, 194]
325 140 145 2.49 [2334, 2488, 2458] [329, 343, 282]
326 215 162 1.82 [3114, 3373, 2942, 3502] [281, 359, 237, 322]
327 156 249 1.16 [2203, 2366, 2084, 2069, 2024, 2106, 2433, 2441] [294, 299, 181, 354, 230, 348, 351, 345]
328 157 185 4.05 [5967, 5834, 5513, 6155, 5230, 6004, 5910, 5891, 5853] [239, 187, 141, 292, 150, 277, 298, 302, 364]
329 235 286 4.1 [2873, 2727, 2974] [233, 374, 321]
330 210 287 1.43 [5469, 5431, 5679, 5909, 6004, 5851, 5813, 5832, 5450] [174, 274, 267, 332, 343, 310, 360, 266, 276]
331 287 169 2.24 [6826, 6181, 7293, 6582, 7226, 6204, 6092] [173, 198, 253, 214, 341, 228, 249]
332 131 135 2.86 [5732, 5276, 5136, 5767, 5662, 5083, 5504, 5679] [255, 236, 176, 334, 305, 219, 286, 340]
333 212 309 4.27 [7386, 7361, 8032, 7013, 7485, 8107] [204, 232, 225, 161, 223, 217]
334 309 278 4.37 [5123, 5674, 5052, 5835] [215, 302, 221, 292]
335 241 152 3.57 [2185, 2350, 2078, 2214, 2278, 2221] [326, 282, 331, 299, 295, 315]
336 222 126 4.5 [2374] [325]
337 235 161 2.48 [11628, 12038, 11963] [269, 364, 370]
338 321 353 4.57 [2592, 2228, 2617, 2657] [172, 167, 262, 371]
339 321 135 1.13 [3648, 3600, 3780, 3612, 3588, 3684, 3936, 3456] [230, 294, 344, 329, 350, 349, 346, 322]
340 251 136 3.14 [6674, 7936, 7426, 7596, 6844, 6989, 6577, 6552, 7790] [163, 303, 251, 271, 164, 177, 165, 188, 279]
341 374 294 3.4 [3436, 3545, 2965, 3479, 3097, 3020, 3293, 3458, 3053] [170, 321, 182, 229, 270, 233, 374, 231, 330]
342 133 238 4.75 [5105, 5496, 4868, 4902, 5462, 5021, 5445, 5546, 4817] [187, 304, 141, 202, 298, 209, 277, 292, 150]
343 172 145 4.64 [7669, 7243, 6892, 6917, 7468] [353, 366, 192, 257, 337]
344 266 129 1.93 [6338, 5826, 6040, 6189, 6659, 5805, 6787, 6509, 6488] [181, 207, 282, 262, 281, 222, 372, 237, 309]
345 316 153 2.08 [5608, 5719, 5756] [373, 299, 325]
346 216 179 3.44 [7110, 8027, 6912, 7482, 8151] [199, 302, 163, 215, 239]
347 176 310 2.31 [2382, 2587, 2422] [352, 347, 348]
348 135 191 4.01 [10574, 9900, 10237] [288, 218, 301]
349 150 159 1.27 [3842, 4009, 4137, 3636, 3687] [295, 315, 331, 351, 345]
350 236 151 1.35 [3247, 3213, 3573, 3472, 3427] [167, 354, 359, 326, 371]
351 247 257 2.67 [10597, 10060, 10740, 11098, 11743] [221, 168, 244, 247, 333]
352 160 297 1.94 [3271, 3369, 3141, 3217, 3293, 3402, 3076] [172, 278, 182, 274, 289, 293, 322]
353 235 218 3.43 [3484, 3869, 3792, 3921, 3651, 4062, 3741, 4178] [214, 233, 374, 321, 236, 340, 174, 255]
354 370 173 4.59 [7127, 7018, 6865, 6733, 6318] [335, 296, 232, 206, 183]
355 167 346 1.84 [5787, 6445, 6146, 5528, 5508, 6545] [229, 334, 330, 170, 176, 219]
356 179 330 1.61 [3348, 4040, 3719, 3855, 3521, 4003, 3496] [198, 365, 230, 231, 270, 266, 276]
357 260 302 4.78 [2743, 2762, 3144] [208, 253, 289]
358 160 130 3.3 [4695, 4966, 5322, 5169, 4796, 4881, 5084, 5068, 5152] [236, 240, 278, 283, 305, 182, 373, 293, 372]
359 270 288 3.04 [3635, 3887, 4152, 3648, 3938] [249, 228, 286, 341, 173]
360 150 187 2.57 [2806] [346]
361 273 290 1.26 [5199, 5056, 4705] [294, 332, 343]
362 213 132 4.51 [5716, 4942, 5681, 4854, 5118, 5101] [212, 175, 197, 171, 190, 224]
363 137 336 4.49 [2189, 2228, 2150, 2382, 2197] [167, 172, 322, 371, 274]
364 280 207 1.34 [7598, 6866, 7446, 7345, 7270, 7572, 7118, 7547, 7421, 7522] [205, 207, 220, 214, 222, 243, 275, 268, 136, 252]
365 229 280 3.29 [6669, 7284, 7449, 7473, 7780, 7662, 6740] [164, 251, 271, 283, 279, 303, 177]
366 163 184 2.59 [3436, 3097, 3282, 3381, 3075, 3184, 3414, 3392, 3009, 3479] [267, 255, 325, 310, 329, 374, 360, 315, 326, 295]
367 217 210 5.0 [2274, 2230, 2194] [233, 340, 174]
368 142 348 1.38 [2115] [347]
369 167 324 1.38 [8969, 8212, 8268, 8240, 7652, 8380] [208, 321, 262, 289, 293, 253]
370 262 287 1.78 [2619, 2602] [350, 348]
371 331 302 2.32 [4036, 4324, 4238, 3892, 3979, 3993, 4152] [365, 198, 371, 228, 286, 331, 172]
372 214 161 3.78 [2426, 2395, 2365, 2510, 2304, 2174, 2288, 2205, 2487] [309, 167, 270, 299, 237, 274, 276, 281, 231]
373 139 221 2.05 [2554, 2582, 2777, 2991, 2694, 2749] [345, 359, 352, 344, 351, 349]
374 294 200 3.58 [3475, 3606, 3310, 3212, 3562] [173, 278, 340, 219, 341]
375 361 374 2.51 [11377] [269]
376 314 351 4.08 [7043, 7425, 7616, 7473, 6733, 6613, 7544, 6661] [155, 189, 201, 250, 196, 153, 272, 197]
377 148 324 4.96 [5233, 5504, 5436] [277, 242, 202]
378 148 354 4.0 [4336, 5140, 4257, 4415, 4794, 5109, 4730, 4526] [142, 240, 132, 165, 188, 307, 243, 127]
379 193 360 4.24 [2440, 2186, 2337, 2369, 2218, 2520] [233, 176, 322, 334, 249, 174]
380 284 369 3.86 [2252, 2153, 1947, 1962, 2330, 2096, 1919] [230, 266, 255, 267, 282, 360, 181]
381 147 270 1.54 [2716, 3068, 3116, 2735, 2668, 2649, 2592, 3078, 2830] [229, 372, 325, 330, 347, 348, 310, 346, 374]
382 320 324 1.22 [2915] [373]
383 183 170 1.84 [4245, 4074, 4192, 3995, 4324, 3745, 3627, 3653, 3588] [182, 170, 236, 274, 305, 167, 309, 343, 231]
384 266 270 1.42 [2836, 2707, 2670, 2551] [281, 332, 354, 270]
385 316 324 3.37 [3505, 3898, 3430, 4037, 3809, 3518, 3721, 3581, 3657] [173, 255, 228, 278, 252, 219, 334, 176, 371]
386 168 320 3.25 [10500, 9558, 9087] [318, 180, 175]
387 339 300 1.84 [17114, 15741, 15952, 15160, 14896, 16480, 15318] [275, 205, 268, 222, 136, 372, 280]
388 139 331 4.56 [2469, 2198, 2454, 2402, 2093, 2176, 2386, 2447] [174, 172, 341, 286, 198, 365, 233, 340]
389 307 174 3.28 [3273, 3228, 3082, 3531, 3553, 3374, 3396] [249, 276, 266, 207, 373, 220, 214]
390 239 369 1.68 [14691, 14538] [289, 355]
391 319 213 3.32 [4590, 4770, 4123, 4214, 4334, 4785, 4078, 4349, 4710] [325, 236, 172, 208, 252, 182, 198, 286, 305]
392 227 324 1.49 [6396, 6375, 6544, 6818, 6290, 6797, 6121] [294, 293, 330, 374, 322, 299, 229]
393 325 171 1.15 [5561, 5385, 6109, 5953, 5835, 5816, 6070] [230, 181, 237, 295, 267, 340, 315]
394 167 344 2.18 [4328] [326]
395 130 275 3.4 [3531] [334]
396 194 218 4.36 [6144, 6501, 6211, 6837, 6278] [190, 212, 292, 223, 298]
397 148 176 1.89 [4080, 3780, 4210, 4158, 3819] [282, 233, 329, 360, 274]
398 127 328 3.98 [2957] [341]
399 372 183 4.41 [7417, 8391, 8608, 8851] [139, 260, 263, 357]
400 314 183 2.99 [2362, 2471, 2646, 2429, 2512, 2370, 2420] [281, 174, 331, 365, 310, 332, 270]
401 364 141 2.0 [2532, 2337] [350, 359]
402 266 322 2.03 [4622, 4830, 4117, 4444, 4518, 4191] [278, 373, 167, 253, 219, 255]
403 330 319 1.82 [3045] [262]
404 139 176 2.6 [2108, 2252, 2191, 2427, 2404, 2465] [170, 231, 344, 345, 346, 351]
405 230 306 2.09 [4789, 4756, 5155, 5138, 5171, 5038, 5304, 4806, 5454, 4656] [207, 173, 214, 220, 133, 371, 336, 321, 129, 228]
406 161 307 2.95 [7053, 6426, 6837, 6253, 6404, 6015, 6966, 6469] [165, 142, 188, 240, 243, 236, 364, 370]
407 272 370 2.3 [2158, 2025, 2098, 1911, 2091] [309, 349, 352, 348, 347]
408 319 142 3.88 [3437] [176]
409 200 161 4.99 [2391, 2808, 2539, 2765, 2626, 2635, 2513, 2426, 2643] [182, 252, 307, 334, 262, 325, 132, 131, 208]
410 313 218 3.2 [3458, 3107, 3359, 3206, 3468, 3414, 3129, 3173, 3031, 3567] [174, 170, 231, 341, 276, 365, 266, 270, 309, 249]
411 254 248 4.89 [14108, 14155, 13968, 13456, 13410, 15319, 15226, 13317] [151, 158, 152, 138, 135, 157, 226, 154]
412 146 200 1.84 [2385, 2350, 2677, 2669, 2479] [274, 281, 343, 354, 332]
413 248 248 3.15 [3855, 4279, 3802, 3882] [215, 187, 177, 141]
414 342 307 3.63 [7846, 7466, 7792, 7439, 7602, 7927] [161, 209, 304, 302, 239, 320]
415 264 178 2.49 [4813, 4843, 4338, 4442, 4055, 4575, 4664, 4234, 4605] [150, 278, 164, 286, 172, 283, 224, 233, 373]
416 373 345 4.91 [13035, 11114, 12095, 11850, 11155, 12871, 11972] [245, 126, 195, 210, 159, 227, 211]
417 206 359 1.79 [2279, 2265, 2142, 1990] [310, 305, 282, 198]
418 287 198 3.43 [2847, 2857, 2949, 2773] [253, 255, 219, 336]
419 182 275 4.09 [11654, 12313, 12972, 13096, 12684, 11902, 13384, 13178, 12643, 12519] [169, 238, 265, 324, 256, 191, 368, 363, 297, 273]
420 272 307 2.9 [3305, 3340, 3528, 3587, 3481] [360, 133, 303, 199, 271]
421 188 277 3.28 [10721, 10394, 10902, 9849, 9812, 10466, 11775, 10612] [234, 225, 254, 166, 179, 261, 317, 319]
422 265 315 4.25 [20202, 19503, 17534, 18423, 19630, 17661, 18487, 19058] [327, 358, 134, 216, 314, 184, 246, 306]
423 302 165 1.72 [2978] [331]
424 312 216 2.42 [11274, 11979, 12808, 11315, 12144, 13098, 12559, 12849, 11896, 11937] [141, 171, 258, 187, 204, 287, 356, 313, 213, 217]
425 247 333 3.8 [18363, 17967, 19684, 21534, 19750, 19090, 20345, 19222, 18033] [143, 128, 290, 126, 316, 264, 369, 300, 144]
426 336 366 2.81 [1928, 2183, 2148, 1971, 2098, 2325, 2297] [293, 343, 167, 329, 351, 359, 326]
427 265 255 2.07 [4542, 3905, 4307, 3947, 3822, 3739, 3864, 3933, 4528, 4404] [132, 214, 252, 340, 207, 220, 279, 125, 251, 307]
428 353 359 2.73 [3406, 3416, 3052, 3124, 2812, 3426, 3041] [370, 374, 163, 208, 173, 334, 176]
429 254 180 2.51 [2567, 2489, 2465, 2200, 2161, 2145, 2153, 2317, 2520] [228, 262, 325, 182, 229, 230, 305, 321, 330]
430 207 267 2.33 [4639, 4523, 5340, 5057, 5090, 5023, 4689, 4656] [202, 188, 215, 177, 364, 244, 336, 371]
431 157 257 1.2 [3587, 4064, 3574, 3638, 3909, 3819, 3651] [150, 243, 168, 199, 198, 221, 247]
432 155 237 3.11 [4003, 3779, 3740, 4319, 4201, 4227, 4056] [192, 206, 174, 303, 293, 271, 274]
433 305 330 4.64 [2448, 2050, 2418, 2440, 2125, 2237, 2170, 2395, 2403, 2350] [219, 133, 255, 341, 142, 170, 224, 365, 126, 253]
434 140 232 2.11 [8817, 8733, 9124, 7589, 8315, 7617] [203, 337, 242, 183, 335, 232]
435 277 332 3.08 [2094, 2073, 2128, 1984, 2005] [348, 346, 322, 266, 345]
436 240 258 2.52 [3392, 3030, 3102, 2906, 3278, 2937] [283, 237, 267, 164, 299, 181]
437 230 324 3.1 [13081, 13266, 12619, 15114, 13589, 14514, 14791] [139, 145, 155, 361, 218, 272, 353]
438 272 127 4.25 [2083] [276]
439 180 304 1.83 [2612, 2594] [350, 344]
440 239 232 1.97 [3324, 3418, 3116, 2981] [294, 240, 231, 165]
441 143 168 3.59 [2286, 2229, 2159, 2131, 2116, 2314] [295, 270, 249, 281, 282, 309]
442 235 212 1.87 [2701, 3186, 3148, 2982, 2817, 2914, 3041, 3118, 3196, 3177] [236, 163, 279, 167, 182, 332, 315, 333, 292, 277]
443 311 342 4.95 [7672] [301]
444 236 236 4.35 [7650, 7442, 7546, 7859, 7520, 8535] [180, 153, 192, 196, 201, 320]
445 316 262 2.74 [3104, 2838, 2691, 3064, 2770, 2868, 3113] [373, 278, 251, 366, 296, 370, 257]
446 261 187 4.14 [2160, 2341, 2168, 2349, 2137, 2207, 2506, 2270, 2482, 2176] [172, 307, 189, 325, 208, 228, 262, 321, 305, 343]
447 280 125 3.57 [2097, 2128, 2359, 2289, 2351, 2451, 2235, 2390] [132, 190, 197, 233, 250, 269, 252, 125]
448 143 303 4.48 [5438, 5455, 5296, 4890, 5155] [212, 223, 298, 224, 304]
449 195 152 1.69 [6701, 7084, 6408, 6362, 7220] [168, 296, 189, 202, 366]
450 256 250 3.11 [2345, 2242] [310, 286]
451 313 350 1.69 [5004, 5800, 5729, 5163] [190, 250, 206, 244]
452 258 363 2.76 [3898, 3964, 3977, 3937, 3674, 4161] [133, 142, 214, 199, 150, 247]
453 311 243 2.04 [2293, 2180, 2032, 2046, 2208, 2004, 2300, 2201] [347, 334, 374, 326, 330, 229, 352, 349]
454 276 174 2.53 [2263, 2505, 2287, 2513, 2239, 2538] [219, 173, 176, 340, 207, 220]
455 214 270 3.45 [4938, 4529, 4302, 4287, 4226] [257, 292, 333, 364, 221]
456 320 350 1.51 [2178, 2142, 2055, 2199, 2344, 2250] [329, 266, 360, 359, 322, 255]
457 196 330 2.95 [3411, 3328, 3225, 3028, 2986, 3048, 3214, 2955, 3110, 3131] [277, 283, 197, 279, 303, 271, 370, 164, 215, 302]
458 369 293 1.85 [2166, 2363, 2061, 2476, 2408, 2174, 2068] [165, 230, 163, 253, 341, 170, 243]
459 327 234 3.42 [4862, 4987, 5881, 5845] [209, 175, 318, 161]
460 208 292 2.36 [1978, 2180, 1937, 2145, 2228, 1985, 2013] [240, 276, 289, 346, 365, 331, 336]
461 225 211 1.06 [2620, 2322, 2556, 2612] [251, 132, 177, 239]
462 370 197 2.47 [3231] [269]
463 350 356 4.04 [6093, 5903] [357, 260]
464 242 358 4.08 [2968, 2479, 2669, 2950, 2796, 2841, 2886] [188, 182, 236, 252, 208, 307, 293]
465 168 179 2.07 [2039, 1963, 2122, 2164] [351, 270, 249, 309]
466 247 328 1.5 [4822, 5032, 4774, 4597, 4935] [263, 319, 337, 278, 355]
467 190 314 1.29 [5168, 4666, 5265, 4634, 5282, 4877, 4763, 4439, 4407, 4925] [261, 166, 317, 179, 223, 203, 185, 186, 163, 183]
468 215 260 1.63 [14143, 15076, 15420, 15027, 14045] [140, 235, 323, 284, 288]
469 263 237 3.99 [13125, 12432, 11699, 13247, 11209, 12840, 12188, 12677, 12595, 13329] [129, 248, 149, 148, 125, 185, 186, 308, 312, 342]
470 259 303 1.84 [17763] [234]
471 282 152 4.64 [3946, 3827, 4251, 3999] [197, 225, 212, 242]
472 321 370 4.46 [2294, 1993, 2301, 2081, 2030, 2213, 2147] [305, 371, 373, 262, 334, 325, 198]
473 290 368 1.4 [2379, 2247, 2330, 2668, 2594, 2586, 2677, 2644, 2578] [172, 167, 174, 286, 274, 228, 275, 205, 281]
474 268 188 2.72 [11566, 10707, 11527, 11879, 12660, 11293, 11801, 11058] [232, 201, 250, 257, 254, 287, 335, 356]
475 186 298 3.52 [4161, 4374, 4303, 4089, 4531] [302, 239, 280, 298, 277]
476 331 264 2.16 [4927, 4616, 5205, 4501, 4419, 4714, 5058, 4583] [240, 150, 304, 199, 190, 215, 206, 224]
477 169 363 2.88 [2176, 2002, 2143, 1809, 1989, 1909, 1902] [282, 348, 321, 207, 231, 295, 345]
478 181 318 2.57 [6844, 6917, 6722, 7940] [189, 196, 202, 213]
479 341 182 4.35 [5074] [292]
480 184 274 2.4 [10566, 10792, 12145, 12258, 11017, 11769] [192, 204, 217, 258, 260, 313]
481 186 161 3.81 [12638, 12108, 11048, 11782, 12190, 11007, 13413, 11701] [285, 263, 162, 301, 357, 203, 367, 319]
482 347 306 2.66 [6309, 6133, 6507, 6858, 6397, 6045, 6726, 6573, 6419] [271, 251, 279, 366, 283, 243, 333, 247, 336]
483 134 301 1.11 [7947, 8565, 8404, 7518, 8269, 7491, 8779] [153, 337, 318, 161, 370, 168, 296]
484 292 367 4.75 [3147] [268]
485 169 253 2.1 [2836, 2707, 2796, 2786, 2677, 2905, 3262] [164, 132, 165, 176, 136, 219, 220]
486 263 332 1.05 [2843, 3072, 2753, 2703, 3102, 2713, 3062, 2733] [303, 233, 229, 255, 374, 289, 222, 330]
487 146 249 4.44 [7628, 7445, 8254, 8516, 8019, 7392, 7288, 7053, 7366] [180, 166, 317, 320, 242, 179, 225, 223, 261]
488 362 324 4.38 [2387, 2141, 2007, 2208, 2327, 2112, 2357, 2349, 2342, 2067] [173, 244, 133, 142, 340, 221, 372, 177, 127, 269]
489 353 371 2.99 [2953, 2891, 2880, 2817, 2849, 2995, 3381, 3078, 3099] [343, 188, 237, 253, 332, 299, 364, 267, 307]
490 364 130 3.21 [2130, 2047, 1895, 2081, 1867, 1992] [181, 341, 322, 294, 365, 310]
491 317 169 3.49 [2496, 2231, 2169] [214, 373, 266]
492 169 241 2.45 [2058, 2367, 2109, 2338] [170, 252, 207, 354]
493 240 171 3.76 [6741, 5808, 6782, 6222, 5663, 5974, 6679, 5683, 6720] [212, 221, 187, 141, 171, 197, 175, 183, 209]
494 254 146 4.8 [2117, 2056, 2043, 1838, 1940, 1988, 1859, 2179, 1968] [334, 325, 305, 208, 262, 276, 270, 236, 293]
495 146 162 1.71 [2138, 2011] [347, 315]
496 290 353 4.75 [10329, 11109, 11852, 11927, 10255] [169, 238, 265, 368, 191]
497 329 224 4.07 [2252, 2388, 2358] [182, 275, 371]
498 360 352 3.53 [9761] [361]
499 233 160 3.91 [4596, 4245, 4498, 4357, 4273, 4301] [244, 177, 269, 205, 298, 303]
500 287 314 1.72 [2362, 2518, 2337, 2492, 2630, 2785, 2604, 2526, 2690, 2811] [142, 321, 133, 249, 372, 198, 326, 360, 127, 309]
501 174 158 2.37 [2481] [239]
502 198 138 3.92 [6059, 6015, 6503, 6370, 7036] [364, 190, 206, 302, 277]
503 356 351 3.75 [9183, 9275, 9000, 8695, 9336, 9030, 9488] [218, 196, 213, 318, 353, 366, 145]
504 187 276 1.05 [3723, 3992, 3467, 3736, 3531, 3685, 4030, 3775] [280, 164, 136, 165, 163, 268, 132, 131]
505 345 293 2.67 [2302, 2352] [230, 172]
506 314 278 4.04 [1993, 2215, 2093, 2122, 2000] [167, 231, 228, 286, 274]
507 248 363 3.59 [2951, 2761, 2676, 2790] [289, 355, 219, 340]
508 269 138 3.2 [8843, 9282, 8609, 8902] [272, 292, 139, 304]
509 307 363 4.77 [8818, 9949, 10627, 9690, 9141, 9271, 9432] [149, 256, 363, 273, 297, 323, 324]
510 277 360 1.14 [3052, 3411, 3153, 3041, 3221] [150, 222, 174, 220, 215]
511 312 206 4.95 [4508, 4652, 4263, 4738, 4162, 3946] [199, 224, 333, 239, 189, 202]
512 334 228 2.79 [2638, 2676, 2864, 2761, 2987, 2808, 2817, 2591] [173, 252, 373, 278, 307, 293, 255, 331]
513 318 150 3.28 [4885] [188]
514 187 240 4.53 [2177, 2093, 2156, 2205, 2191, 2114, 2260, 1996, 2267, 1892] [334, 207, 208, 236, 330, 214, 374, 229, 176, 233]
515 282 341 2.08 [5745] [240]
516 189 208 2.16 [4271, 4777, 4435, 4896, 4792, 4286, 4836, 4405] [133, 225, 142, 279, 275, 182, 247, 251]
517 303 343 2.86 [4072, 3476, 3613, 3911, 3625, 3749, 3936, 4084, 3464] [262, 253, 271, 325, 283, 365, 341, 305, 282]
518 282 359 3.19 [2266, 2545, 2225, 2512, 2348, 2438, 2380, 2405, 2421] [270, 281, 276, 295, 329, 371, 372, 170, 322]
519 290 160 2.72 [4223, 4029, 4197, 4236, 3731] [337, 155, 296, 298, 175]
520 241 157 4.65 [6654, 5514, 5575, 6125, 5860, 5881, 5759, 6166] [356, 183, 168, 288, 250, 153, 161, 261]
521 264 258 1.73 [6186, 6532, 5779, 6613, 6003, 6430] [201, 287, 140, 284, 232, 254]
522 260 302 1.78 [3320, 3366, 3574] [350, 355, 336]
523 161 326 4.34 [2451, 2410, 2643, 2563, 2627, 2427] [150, 215, 303, 286, 243, 228]
524 272 235 2.6 [2850, 3035, 3113, 3064, 3142, 2831] [163, 209, 289, 269, 244, 274]
525 295 179 3.21 [2506, 2515, 2410, 2558, 2602, 2532] [172, 266, 181, 294, 321, 310]
526 225 301 3.84 [2653, 2808, 2817, 3039, 2663] [164, 177, 197, 307, 198]
527 153 153 1.25 [2909, 3071, 3232, 3293, 2940, 2859, 2879, 2970] [219, 346, 344, 335, 212, 187, 359, 352]
528 249 199 2.65 [2835, 2918, 2624, 2688, 2486, 2817] [208, 236, 165, 167, 132, 252]
529 243 253 3.93 [2196, 2301, 2126] [332, 299, 343]
530 297 219 3.45 [4580] [257]
531 221 275 5.0 [2498, 2618, 2806, 2430, 2635, 2318, 2626, 2643] [141, 171, 214, 179, 278, 205, 280, 340]
532 335 150 1.29 [2384, 2168, 2408, 2312, 2433, 2473, 2304] [348, 207, 231, 267, 351, 349, 237]
533 356 157 1.03 [3277, 3694, 3649] [235, 223, 317]
534 301 172 1.05 [4106, 4828, 4543] [166, 242, 260]
535 341 169 3.69 [2751, 2822, 2964] [221, 293, 268]
536 189 174 3.78 [2840, 2895, 2941, 2767, 2739, 2968, 2648, 2629] [222, 313, 334, 320, 309, 370, 373, 249]
537 131 336 4.19 [5023] [180]
538 363 181 4.32 [2430, 2213, 2123, 2198, 2385, 2070] [176, 136, 220, 233, 255, 173]
539 228 324 4.13 [4441, 5028, 4885, 5218, 4679] [190, 217, 192, 206, 258]
540 311 138 2.73 [2709, 2545, 2372, 2314, 2248, 2347, 2396, 2578, 2421, 2643] [302, 330, 277, 229, 230, 204, 345, 374, 372, 315]
541 128 146 4.38 [3140, 2905, 3151, 3204] [215, 150, 202, 189]
542 318 299 1.75 [4958, 4610, 4716, 4746, 4232, 4278, 4172, 4761, 4247] [235, 296, 155, 179, 224, 239, 197, 337, 303]
543 172 303 1.61 [9746] [342]
544 371 191 1.26 [2149, 2285, 2157, 2052, 2382, 2172, 2435, 2472, 2194, 2300] [243, 283, 209, 188, 199, 326, 364, 360, 333, 174]
545 153 307 2.99 [10014, 11609, 12165, 11683] [162, 194, 320, 317]
546 192 257 3.15 [4020, 3407] [335, 212]
547 339 308 4.63 [6582, 6268] [225, 313]
548 258 163 4.33 [2463, 2219, 2512, 2487, 2479, 2357, 2528, 2447, 2292] [175, 163, 244, 269, 355, 141, 271, 298, 371]
549 239 185 1.42 [2809] [187]
550 181 199 3.36 [2190, 2265] [171, 275]
551 369 297 1.19 [2308, 2202, 2495, 2316, 2446, 2438] [132, 164, 247, 177, 223, 336]
552 181 337 2.94 [2961, 2911, 2951, 3139, 2861, 2851, 2792, 2702, 2762] [204, 370, 280, 361, 251, 279, 234, 307, 221]
553 267 275 1.5 [2679, 3088, 2841, 2717, 2879] [133, 242, 205, 165, 257]
554 183 128 2.09 [6082, 6147, 7026, 6784, 7004, 7201, 6960, 6104, 6828] [140, 145, 260, 284, 353, 356, 261, 166, 288]
555 187 144 3.12 [17914, 16981, 19158, 17043, 17230, 19718, 19034, 19842] [159, 160, 195, 186, 227, 211, 338, 210]
556 359 204 3.59 [4740, 4799, 4549, 4300, 4270, 4491, 4285, 4681, 4652, 4725] [153, 302, 161, 183, 254, 258, 287, 366, 250, 277]
557 320 224 4.03 [2262, 2506, 2499, 2147, 2109, 2338, 2208, 2086] [142, 253, 252, 170, 207, 286, 228, 220]
558 307 144 4.41 [5405, 5422, 5111] [196, 180, 218]
559 236 150 2.02 [2453] [289]
560 305 283 2.9 [3321, 3888, 3779, 3514, 3816, 3490, 3453] [136, 168, 202, 189, 240, 201, 209]
561 132 316 2.44 [3786, 3520, 4090, 3824, 3862, 3976] [213, 139, 304, 318, 272, 232]
562 162 308 2.23 [4251, 4352, 4367, 3932] [217, 333, 285, 298]
563 213 179 1.9 [3520, 4107, 3903, 3826] [150, 192, 373, 278]
564 215 279 3.89 [3664] [292]
565 191 186 2.46 [7980] [323]
566 180 142 1.89 [2506, 2644, 2212, 2522, 2546, 2400, 2530] [236, 305, 172, 354, 325, 281, 322]
567 287 337 4.8 [5978, 6523, 6038] [339, 301, 361]
568 326 362 2.11 [14130, 15524, 15620, 14370, 14178, 14515, 14995, 14611, 14274, 15139] [129, 245, 367, 148, 125, 259, 297, 308, 185, 324]
569 175 286 1.49 [3627] [364]
570 356 240 1.14 [2099, 2061, 2368, 2211, 2391, 2383] [208, 214, 276, 219, 262, 347]
571 245 275 3.24 [14339, 12457, 13667, 12502, 13756, 12636, 13891, 12860, 14652] [235, 203, 256, 248, 263, 273, 291, 319, 312]
572 129 200 3.01 [2026, 2144] [293, 270]
573 300 255 1.95 [2803, 3166, 2813, 3384, 3229, 2948, 3291] [141, 190, 163, 175, 199, 206, 268]
574 161 364 2.51 [4518, 4174, 4532, 4215, 3871] [223, 155, 337, 335, 179]
575 348 360 4.17 [2653, 2548, 2580, 2467, 2596, 2556] [372, 341, 222, 182, 321, 340]
576 246 209 2.88 [7705, 8544, 8308] [204, 363, 357]
577 150 174 3.23 [2235, 2228, 2212, 2404, 2082, 2374, 2443] [173, 198, 215, 283, 167, 274, 255]
578 244 247 4.79 [1925, 2260] [176, 365]
579 131 135 2.67 [2757, 2677, 2730, 2784] [271, 233, 244, 212]
580 125 202 2.21 [6653, 5480, 6350, 5622, 6572, 5986, 5682, 6087, 5460] [234, 197, 242, 171, 257, 149, 187, 296, 239]
581 203 162 4.91 [13324, 15014, 14965] [137, 178, 193]
582 198 331 3.66 [2675, 2701, 2525] [269, 334, 243]
583 283 171 4.83 [2043] [231]
584 130 360 4.18 [2559, 2888, 2719, 2657, 2692, 2924, 2407, 2550, 2728] [132, 355, 336, 177, 164, 188, 275, 125, 247]
585 215 342 3.28 [2144, 1967, 2243, 1988, 2115, 2038, 2045, 2130, 2306] [332, 294, 331, 374, 266, 282, 343, 299, 295]
586 338 145 3.97 [2204, 2114, 2444, 2106, 2392, 2256, 2475] [174, 237, 224, 229, 330, 249, 221]
587 201 304 1.8 [2037, 2171, 1950, 1843, 1917, 2111, 1823, 1964, 2024] [310, 267, 307, 251, 303, 309, 279, 329, 181]
588 181 251 2.84 [5116, 5245, 5910, 6076, 5467, 5356, 5670, 5042, 5208] [191, 225, 272, 285, 287, 139, 313, 366, 318]
589 211 144 1.98 [2146, 1991, 2382, 2168, 2161, 2058, 2279, 2176, 2006] [289, 165, 370, 252, 371, 207, 280, 142, 293]
590 257 294 2.2 [2149, 2424, 2260, 2357, 2364, 2379, 2283] [133, 201, 205, 206, 215, 220, 214]
591 236 337 4.86 [7540] [339]
592 153 164 3.0 [6016, 6603, 6896, 5953, 6058, 6687] [146, 213, 258, 218, 250, 288]
593 156 202 3.87 [8534, 8764, 8879, 8477, 9051, 8046, 7988, 9310, 9253] [217, 368, 254, 284, 158, 140, 145, 238, 342]
594 192 346 3.43 [4176, 3794] [189, 153]
595 251 295 2.9 [2000, 1888, 1895, 2084, 2223, 2077, 2272, 2160, 2153] [168, 161, 170, 190, 212, 219, 202, 283, 208]
596 190 227 1.6 [1970, 2202, 2108, 2355, 1977, 2122] [141, 183, 175, 232, 209, 228]
597 246 166 1.95 [2522, 2319] [192, 236]
598 202 309 1.87 [2404] [277]
599 238 145 3.39 [2217, 2185, 2351, 2414, 2406, 2501, 2154] [199, 230, 244, 253, 292, 286, 298]
600 254 321 3.5 [3133] [337]
601 160 194 2.72 [3190, 3659, 3536, 3369] [155, 304, 260, 353]
602 365 158 4.91 [2197, 2293, 2115, 2063, 2301, 2360, 2367, 2145, 2123, 2397] [163, 222, 166, 150, 247, 302, 269, 262, 271, 372]
603 343 199 1.62 [3107] [356]
604 183 222 2.38 [3536, 3513, 3525] [179, 196, 335]
605 337 329 1.5 [2348, 2108, 2417, 2216, 2270, 2239, 2294, 2379, 2487] [180, 172, 364, 223, 240, 243, 303, 305, 279]
606 350 175 3.18 [2606, 2767, 3089, 3022, 2587, 2909] [221, 224, 361, 261, 251, 333]
607 237 148 3.19 [9480, 8768, 10386, 10095, 10548, 9771, 9448, 9351, 10483, 8865] [149, 191, 146, 194, 265, 162, 301, 323, 169, 226]
608 189 257 2.18 [2182, 2033, 2147, 2324, 2069, 2104] [315, 176, 255, 325, 346, 359]
609 286 302 1.45 [6009, 6665, 5804, 5660, 6235, 6029, 5824] [161, 201, 192, 166, 206, 232, 202]
610 168 327 3.91 [3473, 3219, 3166, 3367, 3325, 3176, 3155, 3409] [307, 136, 164, 212, 177, 268, 182, 370]
611 252 352 3.47 [3158, 3198, 2939] [355, 275, 188]
612 191 308 3.41 [2714, 2609, 2895] [280, 132, 340]
613 165 286 4.68 [2424, 2547, 2587] [168, 198, 321]
614 179 312 4.54 [2555, 2587, 2383] [274, 336, 173]
615 328 325 4.22 [8355, 8122, 7188, 8044, 8381, 7032, 7862] [152, 157, 154, 285, 363, 138, 337]
616 312 234 3.38 [2115, 2336] [270, 360]
617 308 356 3.1 [2270, 2277, 2313, 2114, 2015, 2008, 2334, 2058, 2228] [365, 326, 334, 142, 165, 167, 278, 231, 374]
618 148 216 1.28 [6751, 6978, 7046, 6842, 6321] [180, 356, 357, 353, 183]
619 261 329 2.84 [2395] [190]
620 337 194 1.88 [2214, 2393] [209, 373]
621 267 204 4.93 [4709, 4917, 5525, 4900, 5386, 5004, 5039, 4848, 4969] [153, 175, 223, 234, 242, 261, 296, 260, 277]
622 235 218 1.88 [2189, 2197, 2336, 2491, 2220, 2313, 2406, 2228] [141, 233, 252, 215, 276, 322, 341, 283]
623 339 283 1.66 [4143, 4311, 4372, 4648, 4908, 4128, 4464, 4388] [155, 257, 272, 292, 317, 298, 320, 361]
624 345 224 4.9 [6091, 6271, 6383] [151, 135, 339]
625 336 138 3.17 [2340, 2573, 2668, 2435, 2496, 2461] [150, 199, 289, 207, 293, 133]
626 313 307 3.26 [5615, 5580, 4843] [318, 287, 139]
627 271 281 2.67 [2299, 2397, 2217, 2479, 2430, 2684, 2495, 2487] [163, 189, 174, 205, 247, 244, 271, 302]
628 363 229 2.98 [3036, 2960, 2638, 2609, 2733, 2723, 2619, 3065, 3008] [313, 197, 179, 187, 225, 239, 208, 196, 366]
629 195 307 4.82 [4395, 4409, 4479] [364, 288, 335]
630 354 231 2.02 [5512, 6118, 5247] [158, 200, 204]
631 156 261 3.78 [2861, 2780, 3063, 3174, 2810, 2931, 2992] [214, 219, 269, 279, 220, 304, 303]
632 277 151 4.76 [4486, 4655, 4516, 4777, 4624, 4808, 5023] [168, 342, 258, 190, 333, 250, 218]
633 360 367 1.67 [5701] [147]
634 204 196 3.86 [2886, 2914] [371, 240]
635 225 204 3.34 [2384, 2277] [281, 343]
636 337 233 4.46 [2981, 3500, 3522, 3191, 3224, 3566, 3533, 3346, 3301, 3544] [141, 251, 209, 212, 213, 221, 224, 236, 243, 171]
637 268 353 4.25 [2229, 1875, 2147, 1977, 2038, 2140, 1896, 1937, 2161] [309, 332, 266, 249, 282, 229, 294, 330, 299]
638 310 280 1.85 [6135, 6687] [238, 245]
639 233 152 3.03 [5776, 5381, 5075, 5398, 5309] [311, 259, 368, 273, 291]
640 281 282 1.17 [4423, 5133] [148, 241]
641 280 305 1.71 [3144, 3318, 3154, 2898] [215, 372, 222, 283]
642 248 357 4.28 [2747, 2703, 2869, 2764, 2457, 2378, 2554, 2729, 2641] [253, 165, 228, 142, 132, 170, 262, 129, 305]
643 157 247 1.45 [3979, 4244, 4700, 4082, 4332, 4804, 4037] [179, 284, 248, 189, 256, 328, 319]
644 287 332 4.8 [6702, 6659, 6530, 6273, 6552, 7003, 5950] [137, 324, 300, 297, 316, 227, 312]
645 304 129 1.31 [19339, 16713, 16653, 19160, 19100, 18921, 19518, 18145] [200, 130, 135, 311, 328, 126, 362, 156]
646 176 315 3.04 [2283, 2290, 2172, 2200, 1949, 1942, 2228, 2026] [295, 348, 331, 345, 237, 255, 351, 267]
647 162 251 4.62 [12104, 12972, 12775, 12223, 11631, 12380, 10882, 10646, 12578] [290, 264, 157, 144, 226, 369, 138, 143, 151]
648 224 195 3.85 [6495, 5983] [160, 185]
649 162 364 1.88 [4859, 4532, 5023, 4729, 5105, 5187] [145, 140, 196, 159, 186, 361]
650 147 143 4.64 [2793, 3118, 2655, 2695, 2813, 3196, 2852, 3078] [225, 336, 150, 164, 252, 280, 366, 370]
651 321 181 3.41 [9117, 9181, 10285, 9559, 8770, 9906, 9685, 8739, 9780, 9370] [128, 146, 154, 125, 147, 158, 195, 152, 210, 193]
652 166 300 3.38 [2224, 2431] [176, 286]
653 295 263 1.79 [2901, 3079, 2929, 3032, 3070, 2591] [188, 355, 247, 302, 313, 172]
654 304 357 3.44 [2640, 2535, 2447, 2860, 2403, 2491, 2632, 2790] [199, 177, 163, 278, 244, 307, 373, 325]
655 262 177 2.96 [8294, 8568, 8871, 8963, 8689] [241, 246, 265, 211, 308]
656 293 331 3.55 [2588, 2680, 2801, 2829, 2634] [187, 197, 203, 320, 268]
657 126 309 3.82 [5469, 5939, 5743, 5292, 6076, 5978, 6174, 5959, 6037, 5900] [234, 235, 254, 155, 263, 272, 338, 339, 367, 317]
658 352 127 3.52 [3185, 2729, 2748, 2996, 3264] [239, 133, 206, 275, 271]
659 290 150 1.75 [5303, 5157, 4620] [169, 260, 166]
660 205 304 1.64 [6542, 6835, 6605, 6187] [291, 216, 194, 242]
661 171 268 3.48 [7528, 7552] [314, 178]
662 340 190 1.6 [5119, 4974, 4522, 4909] [301, 261, 153, 217]
663 190 294 2.89 [2797, 2788, 2902, 3064, 2893] [192, 232, 201, 334, 298]
664 243 205 2.45 [9399, 8064] [327, 184]
665 342 293 4.53 [3795, 3586, 3967, 3869, 4028, 3488, 3734, 3930, 4041, 3685] [296, 129, 335, 288, 126, 161, 175, 139, 257, 304]
666 128 221 2.56 [3911, 3799, 3849, 4085, 3687, 4060] [191, 202, 213, 323, 223, 357]
667 180 232 1.76 [3333, 3698, 3139, 3253, 3082, 3539] [136, 342, 173, 269, 182, 287]
668 149 369 2.34 [3800, 4345, 4146, 3614, 4226, 3707, 4279, 3827, 3920] [180, 285, 259, 218, 363, 277, 353, 289, 292]
669 170 332 3.71 [2609, 3082] [167, 293]
670 336 292 2.07 [4504, 3976, 4032, 3795, 3851, 4518, 4143, 4421, 4018] [318, 149, 279, 162, 183, 356, 303, 306, 368]
671 199 336 1.2 [2284, 2401] [350, 344]
672 163 205 3.75 [2231, 2329, 2516, 2361, 2434, 2508, 2679] [181, 198, 205, 231, 321, 340, 374]
673 253 325 2.46 [11674, 10568] [358, 134]
674 364 168 4.99 [6432, 6328, 6099, 5703] [316, 256, 245, 273]
675 137 272 4.86 [3344, 3255, 3222, 3355, 3630, 3310] [203, 148, 240, 225, 212, 250]
676 205 262 1.96 [8978, 10761, 10365, 10035] [159, 300, 137, 227]
677 192 202 4.69 [4264, 3991] [320, 366]
678 313 212 3.62 [5766, 6193, 6278, 6770, 7004, 6791, 6342, 6150, 5787, 5937] [259, 258, 248, 319, 238, 337, 284, 306, 186, 313]
679 331 303 3.96 [2956, 3224, 3193, 2914, 3162, 3400, 3276, 3038, 3173] [171, 141, 209, 168, 341, 207, 224, 208, 274]
680 345 179 4.15 [4304, 3896, 3923, 4114, 3814, 3950, 4141, 4155, 3869, 3828] [204, 129, 206, 190, 126, 185, 312, 179, 215, 221]
681 192 259 1.53 [4893, 4590, 4984] [160, 297, 324]
682 358 288 4.41 [7174, 6602, 7484] [241, 191, 216]
683 299 309 2.55 [4989, 5093, 5127, 5075] [357, 338, 342, 361]
684 211 199 3.66 [2127] [310]
685 312 129 4.32 [3081, 2790, 3211, 3261] [244, 132, 251, 364]
686 262 253 1.02 [2288] [329]
687 246 170 4.13 [2898, 2809, 2658, 2622, 2400, 2542, 2693, 2427, 2551] [233, 283, 333, 214, 174, 270, 365, 219, 330]
688 140 286 3.69 [2544, 2745, 2469, 2310] [150, 220, 230, 142]
689 257 290 3.69 [2669, 2900, 2785, 2501, 2598, 2820, 2829, 2474, 2572, 2811] [163, 199, 372, 165, 232, 370, 302, 187, 189, 197]
690 362 205 4.86 [4516] [363]
691 220 236 2.37 [4184, 4535] [140, 367]
692 168 223 3.68 [3053, 2790, 3083] [145, 177, 192]
693 256 261 2.04 [13456, 13796, 13584, 12136] [147, 246, 314, 178]
694 329 290 4.04 [3286, 3000, 3472, 3242] [247, 239, 201, 243]
695 352 154 4.12 [8086, 8783, 8253] [152, 339, 368]
696 336 374 2.27 [3256] [298]
697 286 262 2.73 [2220] [347]
698 162 234 1.13 [2830, 2723] [276, 349]
699 348 176 4.92 [4964, 4826, 4612, 4489, 4168, 4704] [288, 323, 169, 263, 196, 148]
700 322 259 1.17 [3379, 3233, 3580, 3625, 3211] [139, 164, 257, 235, 222]
701 157 193 3.08 [2130, 2044, 2073, 2259, 2223, 2066] [255, 309, 229, 322, 315, 360]
702 334 292 1.96 [1897, 2272, 2279, 2223] [176, 280, 352, 332]
703 128 349 2.37 [2056, 2178] [236, 371]
704 304 211 2.97 [4666, 4480, 4728, 4526, 4604] [193, 285, 291, 287, 301]
705 232 222 4.32 [6701, 6491, 6538, 7518, 6934, 6654, 6351, 6584, 6608] [184, 158, 316, 131, 327, 211, 128, 245, 146]
706 218 212 4.6 [8408, 8985, 9926, 9046, 8651] [138, 143, 226, 154, 151]
707 144 170 4.49 [1899, 2285, 2173, 2229, 2117, 2060] [252, 307, 249, 336, 262, 355]
708 193 125 1.16 [2156, 2164, 2218, 2342, 2226, 2505, 2319] [188, 253, 266, 271, 268, 373, 305]
709 192 206 3.62 [2420, 2579, 2301, 2428, 2166, 2214, 2285, 2349, 2476, 2531] [161, 286, 133, 218, 175, 203, 213, 223, 127, 272]
710 300 253 4.11 [3573, 3297] [296, 335]
711 221 255 2.12 [3920, 4431, 4530, 4232, 4175, 4076, 4672, 4360, 4147] [153, 162, 149, 194, 265, 217, 353, 260, 261]
712 276 347 2.82 [2306, 2095, 2465, 2208] [278, 166, 275, 281]
713 275 144 1.53 [3100, 3736, 3282, 3361, 3588, 3475, 3134, 3441, 3225] [202, 250, 180, 195, 254, 155, 234, 225, 304]
714 309 158 3.21 [2489] [299]
715 320 248 4.33 [2657, 3089, 3023, 2788, 2807, 2967, 2563, 2948, 3051] [205, 308, 356, 210, 269, 318, 183, 366, 317]
716 167 361 1.31 [14166, 13512, 11856] [369, 157, 290]
717 332 183 4.46 [9975, 10488, 10521, 9430, 10296, 9622] [134, 144, 264, 259, 306, 358]
718 156 172 1.17 [2076, 1822, 1902] [354, 326, 343]
719 329 164 1.26 [10240, 11174, 9341, 11036, 9652, 9998, 9756, 9583, 10724] []
720 279 259 1.23 [2151] [346]
721 370 273 4.23 [3957, 4027, 3831] [129, 320, 273]
722 368 228 1.03 [2200, 2344, 2299, 2208, 2148, 2102, 2329] [172, 359, 282, 294, 170, 325, 228]
723 161 211 3.48 [3069, 2614, 3117, 2914, 2672, 3088, 2895] [212, 145, 277, 232, 185, 292, 168]
724 128 261 2.54 [2357, 2161, 2379, 1972, 2226, 2277] [293, 189, 242, 209, 334, 340]
725 251 181 2.83 [2256, 2170, 2034, 2091, 2285, 1934] [192, 237, 150, 197, 333, 136]
726 341 312 2.8 [1857, 2140] [198, 267]
727 189 192 4.83 [2866, 2817, 2769, 2615] [203, 256, 312, 248]
728 221 143 2.61 [11250, 11133, 11679, 11562, 11797, 12734, 11718, 11289, 11992] []
729 192 259 4.44 [2756, 2890, 2711, 2908, 2604, 2541] [224, 324, 187, 297, 279, 283]
730 292 127 3.44 [2139, 2119, 2105, 1859, 2167] [240, 321, 303, 141, 302]
731 356 205 3.16 [4451, 4575, 4606, 5009, 4420] [218, 193, 210, 160, 338]
732 326 282 4.52 [10552, 10358, 10261, 10131, 9063, 10617, 9225, 9840, 10325] [216, 156, 241, 291, 130, 129, 195, 328, 362]
733 292 239 4.06 [11090, 9910] [200, 238]
734 296 162 3.66 [2105, 1907, 1914, 2119, 1982, 2242, 2228, 2016, 2023, 1934] [364, 167, 163, 272, 201, 374, 171, 142, 295, 370]
735 290 289 2.98 [11691, 10449, 10011] [311, 300, 327]
736 163 326 3.29 [2250, 1957, 1901, 2006, 2041] [363, 182, 199, 280, 336]
737 253 187 4.92 [8181, 8397] [367, 342]
738 276 151 3.37 [2729, 2681, 2615, 2767, 2986, 2872, 2910] [161, 139, 148, 166, 179, 140, 213]
739 359 361 1.48 [2869, 2907, 3021] [206, 204, 186]
740 342 358 1.43 [2201, 2107, 2136, 2265, 2337, 2344, 2222, 2057, 2308] [252, 132, 231, 244, 307, 355, 251, 126, 223]
741 170 311 2.14 [8056, 7955, 7477] [137, 265, 169]
742 244 225 3.7 [4628, 4347, 3869, 4502, 3799, 4108, 4080, 3855, 4544] [284, 319, 185, 308, 159, 285, 263, 194, 235]
743 197 344 1.11 [2339, 2489, 2380, 2523, 2724, 2271, 2682, 2598] [165, 175, 215, 239, 298, 188, 289, 190]
744 143 280 3.43 [3925, 3727, 3764, 3443, 3628] [323, 357, 361, 258, 313]
745 268 158 2.45 [3218, 3259, 3299, 2922, 3310, 2830, 3330, 3350, 3064] [196, 312, 257, 149, 288, 177, 301, 256, 317]
746 224 216 4.17 [2056, 1846, 1934, 2137, 1914, 1839, 2143, 2103] [214, 173, 208, 255, 207, 220, 236, 219]
747 174 268 1.8 [3053] [335]
748 194 164 1.46 [4357, 4179, 4124, 4165, 3850, 3960, 4302, 4220] [337, 184, 191, 248, 146, 158, 227, 363]
749 200 168 4.03 [2836, 2723, 2657, 3007] [221, 234, 242, 247]
750 310 129 1.62 [4942, 5382, 5628, 5153, 5136, 5030, 4766] [152, 135, 316, 130, 245, 128, 273]
751 318 322 4.57 [5023, 4751, 5549, 5311, 4666, 5396] [211, 145, 356, 297, 287, 324]
752 181 257 1.05 [5308, 5146, 4774, 4531, 5178, 5081, 5113] [353, 272, 148, 155, 193, 368, 318]
753 278 266 3.09 [2714, 2893, 3063] [180, 225, 271]
754 206 134 1.27 [2154] [372]
755 274 278 3.13 [5291, 5256, 5325, 5582, 4640, 5068, 4623, 5000, 5428, 5564] [260, 186, 250, 296, 183, 192, 189, 203, 254, 162]
756 130 341 2.32 [5874, 6355, 5954, 5453, 5694] [338, 339, 210, 261, 366]
757 263 171 3.09 [2558, 2430, 2507, 2703] [197, 164, 201, 202]
758 155 362 3.65 [2481, 2499, 2921, 2885, 2849, 2930, 2490, 2795] [133, 141, 304, 268, 232, 217, 153, 209]
759 204 204 1.42 [2264, 2451, 2572, 2443] [174, 262, 243, 365]
760 214 136 1.44 [4998, 4756, 4595, 4772, 5143, 5111] [160, 138, 140, 154, 226, 151]
761 359 197 3.02 [6578, 6494, 6224, 6848, 6786, 5787, 5683, 6182] [143, 158, 146, 314, 184, 178, 159, 320]
762 257 347 2.38 [3027, 3569] [150, 212]
763 272 223 4.05 [11296, 10526, 10086, 11333, 10049, 10856] [306, 358, 227, 362, 246, 147]
764 230 319 4.44 [1944, 1930, 2163, 2262, 2022, 2106] [168, 176, 274, 233, 229, 275]
765 138 237 3.95 [2319, 2547, 2335, 2682, 2386, 2555, 2750, 2395] [223, 277, 253, 278, 269, 292, 333, 302]
766 355 200 2.35 [4794, 4470, 4563, 4994] [194, 213, 312, 256]
767 129 351 4.98 [4719, 5146, 5115, 4307] [139, 357, 149, 166]
768 322 270 4.3 [2824, 3033] [303, 373]
769 148 239 3.89 [8517, 7772] [152, 135]
770 329 145 3.0 [2915, 3069, 3012, 2944, 3117, 3079, 2790, 2848] [305, 199, 204, 206, 370, 179, 310, 364]
771 327 323 1.23 [2779, 3086, 2817, 2750] [161, 371, 330, 331]
772 169 301 4.46 [2212, 2396, 2348, 2533, 2244, 2621, 2388] [163, 171, 187, 222, 190, 341, 309]
773 181 252 4.28 [3556, 3331, 3450, 3722, 3782, 3272] [285, 218, 235, 288, 185, 301]
774 214 343 1.95 [2100, 2454, 2311, 2228, 2477] [136, 240, 224, 205, 181]
775 366 298 2.32 [2027, 2313, 2256, 1955, 2234, 2277] [244, 325, 322, 249, 351, 348]
776 322 268 4.21 [7327, 7907, 6577, 7303, 7762, 7956] [156, 128, 134, 126, 193, 316]
777 325 301 4.44 [5189, 4926, 5140, 4631, 5304, 4680, 4713, 4976] [245, 308, 323, 191, 363, 317, 263, 361]
778 247 294 2.18 [3861, 3886, 3682, 3644, 3568, 3797, 3784, 3542, 3975, 4014] [234, 258, 248, 298, 175, 284, 313, 279, 319, 242]
779 297 333 4.54 [13722, 15443, 13328] [327, 328, 241]
780 298 226 2.03 [3004, 3238, 3036, 3450, 3184, 3354, 3078] [142, 239, 180, 283, 196, 280, 335]
781 140 368 2.55 [13405, 11484, 12612, 13030, 12904, 12654, 11526, 12194, 11986, 13364] []
782 182 234 3.37 [2298, 2525, 2141, 2533, 2235, 2149, 2117, 2290, 2439] [228, 251, 132, 270, 286, 230, 293, 127, 336]
783 244 240 4.86 [4782, 4828, 4751] [211, 259, 264]
784 319 132 2.26 [2530, 2554, 2279, 2602, 2214, 2255, 2384, 2263] [215, 307, 172, 225, 252, 257, 334, 329]
785 281 293 4.89 [2852, 2690, 2771, 2619] [201, 217, 273, 355]
786 158 335 4.56 [1896, 1957, 1863, 1876, 1964, 1923, 2018] [182, 332, 198, 360, 340, 343, 276]
787 150 191 1.26 [2603, 2846, 2640] [144, 153, 168]
788 273 235 2.51 [8339] [290]
789 258 127 4.22 [4784, 5132, 5079] [137, 324, 157]
790 304 345 2.98 [5342] [368]
791 281 310 3.28 [9802] [200]
792 259 262 1.01 [2463, 2534] [232, 202]
793 290 260 3.93 [5839, 5502, 5521, 5745] [291, 195, 226, 216]
794 358 237 1.49 [2006, 2143, 2294, 2338, 2330, 2229, 2201, 2078, 2049, 2042] [188, 170, 165, 345, 337, 221, 247, 197, 208, 214]
795 237 314 4.59 [5894, 6115, 6375, 6496, 6295] [138, 148, 154, 151, 369]
796 316 180 4.05 [7384] [311]
797 281 228 4.2 [2941, 2829, 2890, 3361, 2931] [169, 209, 265, 297, 223]
798 327 231 1.27 [2895] [342]
799 351 179 2.06 [10158, 10323, 8942, 9074, 9994, 9041] [178, 300, 130, 131, 314, 127]
800 135 361 1.1 [4346, 4574, 3888, 4031, 4060, 4660, 4617, 4074, 4203] [185, 210, 145, 155, 160, 144, 367, 287, 338]
801 315 305 3.26 [5138, 5372, 5389, 4870] [143, 146, 339, 158]
802 137 217 2.68 [2768] [372]
803 232 260 1.32 [2703, 2545, 2501] [236, 220, 219]
804 352 149 2.33 [11763, 12984, 12333, 11396, 13269, 11600, 11559] [259, 362, 264, 134, 184, 245, 157]
805 185 146 2.23 [3357, 3662, 3526, 3718, 3051, 3696, 3311] [186, 356, 238, 353, 141, 272, 271]
806 159 160 3.69 [17013, 14316, 15094] [156, 137, 147]
807 162 161 2.59 [2168, 2376] [177, 289]
808 220 209 2.17 [3143] [292]
809 183 333 3.06 [4916, 4212, 4763, 4411, 4840, 4334] [194, 140, 159, 162, 256, 203]
810 212 353 3.14 [6484, 6528, 6463, 5858, 6917] [265, 301, 285, 211, 273]
811 290 202 3.68 [2682] [277]
812 334 164 1.44 [8736, 8627, 8083, 8164, 8872, 8573, 7566, 7375, 8110] [193, 312, 248, 246, 216, 226, 191, 169, 316]
813 142 216 2.19 [4984, 4211, 4196] [318, 235, 288]
814 156 356 3.5 [2006, 1851] [315, 266]
815 207 328 4.74 [2147, 2452, 2475, 2530] [164, 321, 304, 302]
816 236 193 1.19 [3609] [333]
817 316 338 1.16 [2057, 2171, 2037, 2104, 1923, 1843, 1957] [255, 207, 281, 326, 275, 167, 299]
818 338 133 3.32 [3948, 4674, 4296, 4282, 4398, 4311, 4717] [149, 260, 179, 190, 206, 204, 218]
819 215 134 4.83 [2441, 2200, 2465, 2332, 2208, 2247, 2301, 2270] [173, 133, 212, 244, 187, 243, 269, 374]
820 142 352 3.36 [2166, 2304, 2273, 2472, 2411, 2189] [150, 171, 163, 250, 161, 224]
821 324 190 2.95 [4748, 4556, 5005, 4764, 5117, 5262] [225, 254, 284, 257, 363, 308]
822 223 330 4.18 [4179, 4088, 3537, 4284, 4166, 3577, 3708] [297, 296, 166, 319, 261, 189, 192]
823 255 324 2.86 [12460, 10835, 12150, 12576, 11492, 10602, 12073] []
824 291 336 3.29 [3273, 3384, 3262] [180, 337, 366]
825 328 238 4.28 [8260, 8151, 8315, 7715] [342, 306, 358, 369]
826 310 143 1.38 [4087, 4450, 4143, 4031, 4115, 4073] [196, 263, 183, 335, 357, 323]
827 312 170 1.64 [9716, 8778, 8869, 8717, 9595, 9413] []
828 157 129 4.22 [7427, 7450, 6652, 6516, 7336, 6424] [152, 291, 128, 127, 135, 138]
829 261 190 4.91 [2383, 2104, 2338, 2059, 2443, 2149, 2406, 2428] [217, 139, 176, 132, 364, 199, 303, 128]
830 184 306 2.61 [3720, 3178, 3539, 3619, 3110, 3528, 3268] [201, 153, 213, 242, 197, 234, 202]
831 345 288 3.05 [5099, 5762, 5062, 5191] [195, 368, 324, 361]
832 302 265 4.85 [6096, 6604, 6198, 6137, 6218, 6422, 6015] [158, 151, 210, 154, 290, 311, 144]
833 325 199 1.6 [2418, 2401] [282, 268]
834 309 282 4.57 [7412, 8910, 8774, 8365] [129, 200, 227, 238]
835 315 326 2.17 [5849, 6679, 6658, 6036, 6513, 6492, 6160, 6803, 5953, 6285] [143, 258, 320, 146, 160, 186, 232, 338, 317, 313]
836 231 313 1.86 [2539, 2484] [370, 240]
837 136 371 3.85 [3227, 3239, 3854, 3677, 3416, 3523, 3499, 3298, 3310, 3712] [215, 175, 168, 367, 239, 247, 251, 221, 278, 223]
838 130 303 4.31 [11202, 10588] [241, 131]
839 180 358 1.41 [2270, 1897, 1917, 2000, 2146] [231, 237, 262, 267, 294]
840 344 243 2.75 [3407, 3361, 3198, 3582, 3442] [279, 185, 205, 298, 336]
841 278 132 1.11 [4664, 4988, 4939, 4405, 5263, 5280, 5037, 4502, 4583] [145, 256, 159, 139, 148, 339, 353, 250, 272]
842 303 317 3.44 [2800, 2643, 2671, 2939, 2634, 2874] [222, 136, 233, 373, 274, 293]
843 276 363 2.46 [6006, 7150, 6622, 6182, 7194, 6710, 7128] [149, 327, 194, 211, 178, 328, 314]
844 309 341 1.63 [2765, 2756, 2832, 2775, 3023, 2641] [188, 209, 212, 253, 252, 277]
845 371 226 3.44 [7253, 7418, 6617, 6570, 7441, 7700, 6758, 7465, 7747] [130, 297, 203, 235, 300, 125, 287, 356, 311]
846 207 366 2.09 [2050, 2297, 2318, 2198, 2205] [174, 307, 350, 344, 355]
847 305 221 4.82 [2347, 2448, 2625] [280, 302, 283]
848 306 125 2.73 [3599, 3343, 3494, 3541, 3250] [217, 292, 304, 161, 187]
849 339 161 2.26 [2065, 2099, 1901, 2140, 2092] [295, 325, 142, 229, 347]
850 232 310 3.19 [2957] [165]
851 324 162 2.4 [2921, 2732, 2714] [177, 269, 182]
852 184 187 1.93 [4419, 4677, 4208, 4238] [155, 162, 288, 323]
853 256 162 4.62 [2236, 2628] [150, 275]
854 206 288 2.32 [2386, 2081, 2030, 2132, 2226, 2255] [340, 214, 208, 305, 286, 365]
855 230 282 2.92 [17259] [362]
856 233 223 1.69 [3542, 3347, 3611] [140, 224, 337]
857 219 155 4.95 [3856, 4104] [308, 357]
858 364 149 1.48 [7745, 8567, 9078, 8624, 8340, 9163, 7943] [135, 195, 363, 216, 158, 246, 226]
859 220 147 2.51 [2556, 2640] [164, 334]
860 229 169 4.27 [2242, 1998, 2116] [341, 198, 244]
861 168 246 1.87 [5649, 5741, 5301] [265, 319, 218]
862 308 260 5.0 [2161, 2382, 2217, 2146, 2572, 2280, 2398] [133, 141, 172, 171, 163, 228, 289]
863 267 259 3.77 [2829] [366]
864 214 291 3.77 [1981] [249]
865 359 355 2.66 [3610, 3057, 3212, 3378, 3522, 2990, 3511] [180, 153, 166, 179, 318, 189, 260]
866 232 305 1.31 [7750, 7390, 7699, 8033, 7338] [151, 138, 193, 290, 306]
867 142 129 2.1 [2358, 2649, 2544, 2463, 2657, 2536, 2220, 2576, 2495, 2617] [192, 333, 207, 213, 199, 271, 219, 372, 303, 371]
868 183 374 1.36 [3343, 4014, 3782, 3697, 3490, 3392] [185, 263, 242, 234, 261, 273]
869 239 216 2.88 [8972, 9470, 9204, 10434, 9902, 9105, 10766, 10234] [143, 154, 146, 316, 144, 152, 358, 369]
870 212 285 3.83 [6722, 7261, 6535, 7448, 7706, 7354, 6394, 6371] [200, 285, 184, 157, 368, 324, 210, 284]
871 347 343 1.86 [7716, 7789, 7642] []
872 353 222 3.01 [4658, 4444, 4329, 4058, 4301, 4001] [367, 254, 296, 201, 301, 196]
873 176 143 3.87 [3491, 3281, 3326, 3502, 3524, 3546] [364, 190, 202, 206, 335, 204]
874 253 208 1.17 [3602, 3347, 3784, 3287] [197, 183, 225, 236]
875 365 197 4.46 [2044, 2195, 2109, 2166, 2008, 2296, 1979] [243, 330, 255, 322, 343, 309, 220]
876 129 368 4.85 [5829, 6613, 6295, 6719, 6041, 5765, 6231, 6168, 6274, 6337] []
877 221 209 4.58 [3863, 4030, 3581, 3799, 3568, 4133, 4094, 3889] [169, 257, 132, 370, 191, 361, 291, 127]
878 234 271 4.46 [4772, 5147, 4463, 5310, 4821, 4675, 5229, 4919, 4610, 5294] []
879 208 219 3.67 [2593, 2541, 2680, 2428, 2567, 2384, 2837, 2732, 2628] [270, 175, 302, 212, 268, 168, 240, 223, 167]
880 284 331 3.2 [4190, 4681, 4374, 4205, 4405, 4512, 4497, 4436] [245, 159, 248, 148, 264, 312, 338, 134]
881 175 130 2.48 [2624, 2444, 2224, 2436, 2640, 2616, 2371, 2575, 2273] [355, 215, 142, 277, 374, 276, 321, 346, 170]
882 207 330 3.9 [2235, 2195, 2317, 2390, 2674, 2479, 2438, 2349, 2284, 2634] [150, 160, 173, 209, 239, 283, 262, 244, 230, 307]
883 374 169 3.78 [2325, 2646, 2621, 2604, 2494, 2342, 2765] [221, 339, 256, 280, 266, 247, 298]
884 297 198 2.65 [3573, 3746, 3237, 3630, 3769, 3191, 3376, 3399, 3607] [227, 328, 145, 131, 314, 186, 128, 259, 342]
885 337 141 1.08 [2464, 2534, 2448, 2401, 2503, 2300, 2378, 2260, 2206] [332, 359, 366, 272, 360, 251, 352, 354, 181]
886 141 125 2.19 [13345, 11052, 11830, 12485, 11257, 11707] []
887 192 125 4.09 [2266, 2036, 2168, 2161, 2210] [304, 161, 176, 217, 192]
888 221 332 1.74 [2447, 2212, 2187, 2439, 2309, 2414, 2374, 2536, 2293] [288, 136, 139, 273, 279, 353, 213, 337, 308]
889 321 371 1.59 [14017, 14489, 15150, 13639, 14961, 13167, 15102, 13356] []
890 358 206 4.1 [10167, 11473, 11544, 10908, 11508, 10061] []
891 178 358 2.06 [3869] [323]
892 247 303 2.95 [2608] [140]
893 338 129 2.27 [2147, 2041, 1950] [281, 299, 293]
894 331 331 2.1 [14392, 14797] [311, 327]
895 193 211 1.04 [3454, 3050] [357, 317]
896 157 251 4.55 [2912, 2818, 3091, 2565] [178, 141, 129, 171]
897 237 182 3.81 [14266, 13772, 14414, 13426, 13969] []
898 284 162 2.81 [3040, 3100, 3159, 2812, 3219, 2911, 2851, 3139] [320, 238, 250, 258, 313, 292, 260, 185]
899 337 164 1.54 [4260, 4679, 4203] [211, 291, 194]
900 251 157 4.66 [3606, 3305, 3536, 3339, 3594, 3502, 3165, 3189, 3397] []
901 161 159 3.73 [2979, 3454, 3509, 3344] []
902 302 131 4.24 [6844, 6916, 6556, 7349, 7493, 6724] []
903 189 334 2.54 [2964, 2498, 2726, 2809, 2909, 2488, 2543] [180, 153, 155, 166, 162, 163, 179]
904 307 285 2.61 [2571, 2330, 2839, 2373, 2640, 2744, 2347, 2356, 2778, 2364] [187, 160, 336, 164, 188, 269, 177, 189, 263, 222]
905 136 317 3.86 [2182, 2175, 2065, 2101] [325, 310, 231, 373]
906 258 292 4.54 [3024, 3400, 2941] [232, 339, 261]
907 335 240 2.55 [1923, 2306, 2072, 1972] [133, 208, 205, 174]
908 301 373 4.88 [2221] [252]
909 154 161 2.8 [2512, 2598, 2487] [275, 333, 318]
910 274 296 4.2 [3819] [130]
911 204 368 1.15 [6283, 6404, 6222, 6323, 6384] [265, 156, 129, 241, 127]
912 146 218 3.56 [4306, 4772, 4712] [147, 328, 300]
913 128 145 2.84 [3610] [367]
914 332 320 2.83 [3427, 3209] [242, 149]
915 304 351 1.61 [1953] [315]
916 230 225 1.35 [3109, 3058, 2966, 3355, 3365, 2864] [137, 191, 134, 234, 256, 199]
917 294 211 2.26 [2612] [303]
918 258 258 3.52 [5703, 5721, 4861, 5264, 4756, 4738, 4949, 4878] [259, 314, 128, 127, 178, 245, 306, 264]
919 338 259 2.96 [2292, 2142] [278, 214]
920 297 277 1.65 [7593, 7292, 7222, 6644, 7199, 7037, 7083, 7014, 7130, 7060] []
921 164 183 2.18 [3732] [301]
922 216 322 1.1 [2680, 2554, 2353, 2462, 2379, 2370, 2295, 2529, 2395, 2278] [271, 224, 274, 335, 289, 165, 340, 243, 305, 331]
923 145 182 4.61 [13578, 13627] []
924 258 282 2.96 [2634, 2479] [308, 169]
925 207 374 4.47 [4244, 4201, 4070, 4012, 4419, 3997] [200, 273, 193, 227, 226, 342]
926 368 282 4.15 [11208] []
927 271 345 4.79 [4024, 4098, 4424, 4794, 4823, 4365, 4660, 4128, 4675, 4009] []
928 190 315 1.88 [2062, 2013, 2262, 1910, 2000, 2158] [190, 175, 204, 182, 206, 286]
929 179 367 1.44 [12432, 12387, 12839, 12568, 14286, 14602, 14376, 13969] []
930 130 264 4.4 [7792] [157]
931 199 262 1.47 [3944, 4597, 4228, 4100, 4611, 4115, 3959, 4327, 4654, 4285] [158, 216, 151, 159, 290, 184, 148, 235, 297, 138]
932 309 366 1.79 [9439, 9266, 9323, 8252, 8686, 9121, 7905] []
933 128 310 1.73 [4675, 5005, 5146, 5020, 4659, 5036, 4769] []
934 212 172 1.3 [5316, 6131, 5918, 6014] [130, 338, 131, 246]
935 187 295 2.32 [2925, 2905, 2984, 2786, 3203, 2885] [186, 196, 212, 168, 223, 272]
936 357 251 4.67 [2224, 1849, 1876, 1958, 2122, 2019] [372, 198, 202, 225, 220, 229]
937 374 256 2.82 [6983] [135]
938 244 135 1.07 [2657, 2754] [217, 319]
939 321 263 3.05 [3530, 3336, 3304, 3164, 3132, 3487, 3368] [203, 218, 337, 238, 248, 353, 361]
940 247 373 2.02 [11151, 11887, 10673, 10047, 10341, 10930, 11188] []
941 175 284 2.98 [12205, 11379] []
942 367 275 2.06 [4544, 4913, 5234, 4672] [134, 312, 210, 160]
943 293 251 4.02 [5062, 4514, 4933, 5143, 4901, 4401] [288, 137, 195, 185, 368, 254]
944 209 292 2.81 [2498, 2671, 2964] [139, 140, 192]
945 170 201 4.55 [5693] [358]
946 213 334 3.63 [6416, 6765, 7005, 6830, 7114, 6612, 6023, 6001] [147, 291, 152, 369, 328, 324, 146, 339]
947 319 308 4.47 [9307, 9988, 9242, 9502, 10442, 10020, 8983, 9112, 10280] []
948 297 288 1.75 [4889] [287]
949 180 251 2.85 [5516, 5357] [154, 356]
950 198 164 4.33 [3202, 2798, 3305, 3171, 3160] [277, 161, 296, 201, 366]
951 343 144 4.75 [2551, 2518, 2492, 2382, 2534, 2458, 2703, 2653, 2577, 2627] [233, 197, 145, 209, 213, 215, 257, 183, 334, 253]
952 280 153 3.71 [7245, 6937, 7157, 7047] [316, 211, 300, 200]
953 175 294 1.41 [8922, 8379, 8741] []
954 235 129 4.03 [2827, 2867, 2878, 2776] [239, 364, 302, 284]
955 243 245 2.31 [2902, 2883, 2791, 2652, 3031, 2689, 2911] [304, 298, 255, 162, 357, 219, 263]
956 331 277 2.59 [4472, 4687, 4144, 4072, 4229] [323, 363, 143, 169, 144]
957 175 226 3.33 [3410, 3557, 3240, 3127, 3716, 3648, 3104] [256, 258, 194, 150, 317, 285, 260]
958 253 275 2.49 [2014, 1973, 2152, 1884, 2124, 2262, 2083, 1939, 1904, 1877] [237, 267, 329, 282, 326, 348, 349, 294, 351, 341]
959 235 211 3.49 [7927, 7492, 7806, 7081, 6936, 6550] []
960 294 316 2.56 [6775] [156]
961 331 271 4.53 [8238, 7973, 8357, 8032, 8740, 9065, 8445, 8150, 9567] []
962 329 347 4.39 [4624, 4398] [308, 320]
963 258 209 3.54 [2354, 2183, 2245, 2470, 2191] [247, 244, 228, 365, 207]
964 208 214 3.32 [6080, 6371, 6351] [193, 178, 314]
965 265 353 1.21 [1949, 1855, 1943, 2198, 1875, 1822] [142, 172, 221, 240, 249, 251]
966 266 128 3.53 [5229, 5355, 4869, 5462, 5408, 4959, 5534, 5912, 4977, 5642] []
967 300 271 4.42 [4999, 4921] [306, 226]
968 357 359 4.62 [5907, 6193, 5543, 5467, 5180] [184, 227, 241, 191, 216]
969 305 300 2.62 [9304, 9779, 9507, 9609, 9440, 9236] []
970 300 261 2.48 [2034, 2054, 1994] [330, 283, 345]
971 301 308 2.78 [3203, 3060, 3038, 3611, 3214] [367, 313, 179, 318, 250]
972 136 336 1.99 [3482, 3303, 3090, 3101, 3414, 3314, 3045] [153, 180, 155, 166, 149, 261, 189]
973 367 362 3.0 [5763, 5650, 6216, 5706, 6198, 5404, 5574, 5971, 5461] []
974 299 301 1.32 [2926] [355]
975 345 267 3.39 [6089, 5841, 5631] []
976 175 131 1.69 [6451, 6554, 6285, 6802, 6595, 6699, 6037] []
977 259 308 3.3 [3441, 3557, 3361] [151, 128, 319]
978 356 320 4.28 [2298, 2106, 2078, 2270, 2263, 2213] [279, 370, 280, 307, 268, 371]
979 140 192 4.52 [3805, 3782, 3190, 3736, 3654] [238, 158, 159, 138, 264]
980 249 331 2.91 [4154, 4141, 3882, 3572, 3999, 3727, 4012, 3870] [245, 259, 232, 202, 225, 206, 186, 290]
981 284 287 4.52 [5187, 4963, 5219, 4835, 5267] []
982 293 142 1.07 [2866, 2532, 2588, 3051, 2987, 2977, 2773, 2801, 2625] []
983 143 329 2.78 [3405, 3513, 3632, 3573, 3585, 3944, 3525] [187, 204, 248, 242, 265, 342, 272]
984 139 178 2.48 [2241, 2474] [132, 292]
985 304 312 1.05 [2780, 2558, 2472, 2729, 2481, 2430, 2720] [141, 171, 175, 333, 190, 163, 335]
986 336 345 2.15 [10306, 10159, 10636, 10012, 10892, 11809] []
987 308 231 2.53 [2634] [234]
988 173 353 2.48 [9820, 9512, 9789] []
989 138 186 3.19 [10787, 10375, 10753, 10959, 11131] []
990 324 202 4.88 [3296, 3362, 3264, 3593, 2989, 3417, 3516, 3033] []
991 140 170 1.04 [3405, 3451] [301, 273]
992 141 164 4.28 [5289, 5882, 4911] []
993 164 265 3.74 [3493, 2957, 2936, 3257, 2968] [148, 139, 140, 246, 196]
994 317 180 4.62 [4726, 4211, 4242, 4802, 4696, 4984, 4953, 4817] []
995 132 280 4.36 [4752, 5668, 5034, 5509, 5245, 5157, 4823, 5597, 5404, 4946] []
996 281 276 2.57 [3094, 3253, 3219, 3265] [134, 131, 217, 361]
997 212 353 4.49 [2124, 2027, 2159, 2215, 2257] [236, 269, 322, 309, 293]
998 211 364 1.76 [4137, 3900, 3663, 4255, 3939] []
999 139 125 1.6 [2765, 3042, 2878, 3165, 3154, 3124] []
