271 133 16.64 55.12 4 [29, 52, 31, 17]
292 332 11.72 36.13 6 [4, 15, 47, 23, 2, 26]
345 160 23.17 58.54 5 [52, 43, 16, 29, 11]
300 202 26.8 41.05 4 [28, 39, 24, 2]
274 126 12.77 22.72 5 [34, 23, 49, 57, 15]
205 295 20.62 56.59 2 [41, 37]
208 341 18.84 82.33 7 [15, 2, 58, 31, 19, 52, 38]
293 143 20.0 88.41 3 [24, 36, 23]
358 278 11.59 56.26 2 [28, 10]
331 173 16.76 44.51 4 [43, 17, 9, 39]
258 170 61.7 127.6 5 [10, 42, 41, 52, 11]
324 170 18.13 43.32 7 [14, 0, 34, 45, 2, 21, 20]
187 145 13.18 34.51 3 [24, 58, 55]
251 297 76.58 302.15 5 [33, 30, 38, 31, 4]
167 250 27.73 127.32 3 [26, 34, 37]
214 262 15.62 59.47 9 [28, 6, 26, 53, 2, 0, 59, 34, 4]
137 214 10.93 15.68 8 [53, 51, 31, 8, 29, 27, 49, 32]
361 239 14.66 29.84 8 [27, 21, 41, 33, 56, 9, 47, 15]
207 283 10.31 18.37 10 [36, 53, 40, 30, 1, 51, 7, 18, 27, 15]
308 199 73.58 87.19 9 [49, 6, 52, 18, 10, 42, 30, 9, 23]
277 227 98.88 174.81 6 [11, 5, 37, 12, 27, 13]
149 300 72.9 208.12 9 [46, 27, 28, 42, 47, 35, 13, 17, 38]
218 154 24.53 86.05 4 [27, 39, 26, 55]
222 348 45.72 82.25 7 [51, 5, 52, 3, 22, 16, 23]
241 233 36.51 128.36 5 [29, 44, 18, 32, 31]
254 357 13.21 36.54 6 [22, 46, 17, 30, 28, 54]
247 275 18.12 68.1 6 [51, 46, 25, 50, 10, 38]
231 309 21.28 71.97 5 [1, 37, 20, 41, 4]
314 226 23.55 50.15 3 [15, 10, 19]
149 267 41.42 196.47 4 [36, 47, 4, 26]
174 270 21.62 59.63 10 [1, 25, 12, 21, 54, 36, 57, 33, 51, 55]
320 322 14.33 17.06 10 [3, 2, 36, 23, 55, 25, 20, 38, 40, 10]
322 165 11.2 46.57 6 [10, 1, 46, 34, 32, 51]
214 147 15.85 52.48 6 [3, 9, 55, 28, 45, 30]
281 240 32.08 158.6 3 [22, 52, 27]
335 336 14.66 47.42 8 [24, 12, 6, 27, 41, 9, 2, 11]
288 287 12.11 32.89 6 [35, 24, 3, 38, 57, 10]
204 369 10.47 17.88 10 [23, 53, 11, 19, 54, 2, 25, 38, 48, 27]
144 213 36.53 108.38 3 [25, 51, 48]
371 244 14.36 16.5 3 [37, 45, 26]
164 256 25.43 96.3 2 [25, 52]
155 185 11.08 43.07 5 [46, 18, 34, 41, 54]
353 150 14.7 68.06 10 [30, 38, 15, 34, 18, 0, 42, 10, 43, 24]
302 183 10.97 38.92 8 [6, 36, 57, 25, 37, 13, 18, 22]
142 373 70.1 244.64 9 [33, 1, 4, 25, 51, 2, 58, 41, 27]
211 338 97.82 382.28 6 [20, 40, 30, 50, 10, 1]
177 157 13.64 58.41 4 [57, 15, 24, 39]
264 274 22.77 102.36 1 [8]
126 156 10.26 12.52 3 [7, 44, 24]
142 128 26.81 105.99 3 [39, 26, 57]
137 266 11.84 45.12 10 [29, 59, 21, 11, 2, 25, 40, 58, 31, 45]
307 218 27.1 42.17 5 [11, 5, 29, 0, 9]
196 145 88.97 198.74 2 [34, 7]
198 305 24.0 56.13 1 [36]
191 287 19.4 87.33 3 [45, 3, 40]
139 280 10.58 19.51 1 [13]
162 203 59.89 261.59 3 [54, 1, 23]
257 296 30.81 89.69 8 [54, 29, 11, 40, 9, 1, 25, 38]
164 240 26.41 100.4 3 [21, 32, 42]
245 164 10.41 34.99 3 [30, 44, 17]
179 251 19.48 70.42 10 [49, 54, 35, 24, 9, 41, 20, 47, 53, 8]
139 242 10.51 24.57 9 [33, 3, 24, 39, 49, 50, 5, 44, 46]
134 157 10.31 10.72 6 [27, 14, 42, 30, 53, 36]
359 294 32.13 43.77 2 [23, 51]
241 234 14.04 56.12 7 [34, 44, 59, 12, 43, 47, 15]
309 164 52.42 98.17 9 [38, 31, 43, 53, 52, 42, 24, 50, 12]
142 262 32.82 53.16 10 [37, 34, 8, 4, 42, 25, 29, 5, 13, 0]
241 170 26.96 66.53 4 [15, 21, 19, 37]
191 164 10.57 28.2 6 [0, 20, 43, 18, 32, 49]
303 349 22.41 58.85 5 [29, 10, 55, 52, 7]
353 339 16.36 81.19 2 [29, 10]
349 327 10.72 26.95 2 [0, 33]
336 310 20.7 67.94 2 [26, 7]
317 229 56.41 240.36 7 [57, 1, 28, 29, 40, 36, 45]
251 303 16.4 53.26 3 [28, 10, 14]
245 252 21.65 56.6 9 [58, 28, 38, 48, 1, 32, 34, 23, 40]
305 333 17.63 30.58 4 [23, 38, 10, 33]
324 338 10.25 33.42 1 [3]
167 232 13.97 56.87 1 [10]
244 205 10.41 20.62 1 [9]
298 250 17.34 41.75 7 [40, 43, 22, 16, 1, 9, 56]
135 161 26.23 95.95 4 [7, 32, 45, 59]
246 323 37.47 90.0 9 [27, 49, 55, 44, 21, 38, 52, 18, 59]
139 152 18.19 70.78 6 [31, 46, 27, 30, 22, 4]
165 273 12.12 48.85 5 [12, 0, 46, 37, 27]
310 321 10.4 40.9 3 [50, 30, 23]
225 155 15.65 65.14 4 [57, 36, 54, 4]
250 334 66.82 213.77 5 [31, 5, 49, 47, 58]
293 281 29.48 58.36 3 [10, 28, 25]
353 305 21.09 78.97 4 [27, 26, 12, 14]
310 304 56.84 138.8 3 [48, 59, 51]
175 330 21.57 94.97 1 [46]
300 258 30.02 52.4 2 [46, 25]
288 299 20.29 69.33 4 [50, 57, 44, 45]
355 270 64.5 149.03 8 [56, 58, 37, 40, 11, 51, 54, 30]
187 221 15.9 48.22 7 [38, 33, 46, 5, 15, 3, 6]
310 141 13.32 28.1 6 [48, 18, 34, 23, 52, 8]
214 322 74.41 264.36 3 [44, 4, 59]
128 318 37.99 136.28 7 [39, 59, 1, 10, 38, 8, 26]
186 246 17.55 29.61 6 [41, 42, 17, 49, 9, 40]
346 351 10.55 40.22 9 [57, 2, 42, 3, 58, 28, 33, 26, 35]
262 204 34.37 113.69 6 [18, 37, 8, 29, 46, 21]
216 142 71.41 272.85 5 [41, 22, 44, 35, 6]
366 189 24.5 55.19 7 [25, 10, 17, 7, 9, 35, 39]
168 341 10.03 40.5 6 [27, 56, 17, 10, 20, 12]
299 288 27.42 32.9 10 [10, 36, 34, 35, 9, 3, 58, 18, 22, 29]
319 218 13.97 68.59 2 [12, 41]
373 330 14.89 19.06 2 [47, 36]
188 238 40.04 149.04 10 [39, 17, 35, 43, 18, 3, 32, 27, 42, 46]
211 244 23.0 28.14 6 [30, 31, 18, 53, 34, 58]
363 125 15.29 69.86 10 [41, 30, 11, 52, 56, 55, 50, 14, 24, 27]
207 299 13.38 31.58 2 [6, 54]
190 236 12.75 40.57 3 [49, 56, 55]
126 253 20.8 74.1 6 [36, 12, 57, 37, 46, 44]
156 167 14.1 33.35 8 [12, 28, 3, 38, 49, 30, 36, 8]
129 345 20.99 63.7 9 [37, 6, 9, 31, 40, 51, 47, 19, 36]
201 137 15.69 26.17 7 [41, 59, 54, 0, 30, 27, 26]
280 270 24.84 88.33 1 [55]
362 341 22.16 108.32 5 [25, 12, 37, 32, 38]
307 248 15.46 36.55 4 [23, 36, 54, 37]
134 347 21.57 104.7 3 [0, 8, 13]
194 187 34.3 101.42 1 [53]
240 219 29.75 104.3 3 [39, 36, 52]
177 302 35.83 39.99 3 [55, 33, 50]
279 372 96.42 244.52 3 [30, 4, 19]
295 368 12.02 49.28 8 [18, 48, 56, 3, 30, 59, 2, 23]
142 145 14.85 40.25 2 [54, 43]
267 367 96.1 457.54 3 [8, 2, 50]
183 296 16.39 19.67 5 [55, 50, 59, 2, 26]
342 219 14.46 44.22 10 [57, 39, 18, 24, 16, 56, 0, 35, 34, 53]
244 183 20.93 52.44 9 [44, 22, 53, 17, 42, 34, 2, 3, 20]
274 350 26.85 60.21 3 [10, 22, 58]
251 149 34.3 64.7 1 [40]
203 358 83.04 85.45 9 [18, 7, 47, 57, 45, 23, 3, 8, 36]
349 346 10.28 19.64 9 [1, 38, 19, 34, 43, 24, 42, 45, 56]
287 335 63.95 223.77 8 [54, 20, 46, 0, 59, 42, 8, 18]
372 370 12.12 58.56 9 [57, 18, 26, 44, 6, 28, 9, 14, 24]
262 209 27.66 60.89 10 [43, 27, 1, 51, 4, 14, 24, 49, 44, 13]
165 137 15.07 21.57 3 [47, 58, 42]
341 278 26.81 33.1 2 [1, 26]
185 304 10.66 39.25 8 [16, 7, 1, 34, 6, 54, 51, 12]
270 328 24.3 107.21 7 [41, 16, 4, 20, 38, 7, 19]
307 184 12.84 55.88 8 [42, 50, 20, 48, 18, 12, 27, 3]
236 157 16.8 33.87 6 [57, 9, 36, 46, 49, 51]
331 198 26.98 131.53 9 [35, 25, 56, 13, 31, 58, 45, 6, 16]
137 165 15.75 58.62 2 [9, 33]
310 182 13.38 19.34 1 [44]
232 227 26.36 100.44 2 [58, 8]
233 203 10.47 19.77 7 [20, 18, 28, 39, 34, 27, 52]
130 369 23.43 110.45 4 [4, 2, 39, 9]
365 280 13.34 30.45 5 [33, 38, 59, 22, 41]
342 137 27.88 88.67 10 [13, 25, 16, 31, 27, 36, 58, 43, 28, 22]
231 207 21.15 40.33 9 [25, 2, 1, 48, 44, 31, 29, 10, 58]
239 318 12.86 37.33 3 [4, 15, 44]
290 306 26.39 37.5 3 [34, 13, 38]
220 281 47.92 78.72 1 [33]
244 186 11.48 42.33 2 [49, 41]
187 251 11.01 18.62 3 [8, 39, 15]
144 243 10.38 43.74 2 [4, 52]
304 321 65.01 80.79 8 [53, 28, 4, 38, 56, 37, 13, 47]
320 346 38.45 69.29 10 [58, 55, 45, 42, 23, 10, 33, 17, 20, 12]
253 263 12.37 33.94 9 [28, 52, 29, 37, 34, 47, 19, 42, 59]
321 125 14.68 30.04 5 [6, 39, 26, 19, 27]
144 201 11.74 47.96 3 [55, 7, 4]
221 287 13.29 26.07 1 [21]
338 190 37.57 97.44 2 [46, 45]
192 310 32.96 78.08 7 [15, 41, 0, 47, 18, 14, 19]
186 129 12.33 57.99 4 [0, 7, 16, 30]
153 356 45.73 224.02 2 [37, 42]
372 266 30.39 79.4 6 [6, 25, 26, 27, 54, 48]
232 276 41.07 179.8 1 [46]
216 210 10.02 34.11 2 [27, 34]
272 256 10.47 28.8 8 [36, 10, 57, 24, 51, 4, 16, 7]
160 304 31.63 65.42 5 [55, 38, 34, 50, 15]
296 149 16.72 75.95 4 [24, 59, 4, 39]
235 155 11.24 33.16 6 [50, 9, 36, 2, 1, 33]
301 247 25.34 117.69 5 [9, 8, 25, 19, 50]
140 341 21.61 92.43 10 [29, 34, 45, 23, 30, 0, 36, 18, 9, 32]
335 342 43.71 90.45 10 [13, 32, 50, 39, 8, 4, 12, 5, 30, 21]
207 318 16.91 25.18 3 [45, 6, 43]
262 133 49.23 179.35 10 [16, 5, 23, 38, 56, 46, 19, 36, 57, 8]
322 242 10.84 38.85 5 [46, 16, 29, 51, 27]
335 326 10.64 14.54 6 [31, 28, 22, 25, 55, 41]
165 220 24.32 103.35 1 [52]
333 341 12.51 31.56 1 [36]
149 137 30.79 143.84 6 [31, 26, 54, 45, 0, 29]
232 127 10.76 22.86 7 [1, 47, 48, 14, 44, 27, 54]
172 258 22.41 25.31 9 [12, 50, 55, 21, 52, 26, 46, 25, 41]
371 263 17.89 54.98 2 [6, 2]
182 340 21.94 22.01 1 [48]
230 206 21.57 45.2 8 [58, 39, 42, 32, 21, 36, 49, 4]
318 344 20.03 45.45 8 [28, 27, 24, 39, 59, 15, 51, 29]
299 196 69.04 111.13 3 [1, 46, 44]
215 187 10.39 50.97 10 [59, 5, 40, 25, 6, 28, 11, 38, 2, 52]
315 250 50.44 69.51 9 [50, 42, 10, 15, 43, 24, 21, 4, 47]
319 264 16.43 29.84 8 [24, 57, 38, 58, 32, 22, 29, 55]
348 343 16.75 56.31 6 [31, 54, 39, 53, 21, 55]
265 214 24.86 46.52 5 [59, 53, 8, 58, 57]
144 204 14.34 39.4 8 [24, 32, 33, 35, 4, 26, 31, 15]
317 165 20.43 72.51 3 [15, 26, 43]
304 227 33.84 151.65 5 [9, 28, 19, 26, 49]
276 359 10.46 38.49 7 [4, 51, 42, 45, 5, 1, 25]
374 235 20.55 35.78 1 [43]
223 256 11.81 55.06 3 [56, 44, 20]
237 278 18.21 65.45 7 [23, 30, 33, 56, 29, 55, 47]
135 188 19.87 55.2 3 [39, 12, 30]
349 239 11.96 26.21 8 [17, 40, 53, 31, 19, 10, 52, 59]
139 232 14.23 31.79 2 [28, 7]
330 320 49.52 97.2 4 [34, 4, 35, 29]
371 152 28.18 50.39 5 [8, 35, 51, 17, 48]
337 141 12.15 46.52 6 [58, 50, 19, 33, 26, 13]
201 136 16.53 68.58 9 [41, 51, 36, 13, 25, 46, 59, 1, 39]
366 364 42.97 74.87 6 [17, 32, 57, 42, 52, 53]
134 148 19.13 50.4 1 [2]
373 140 10.83 25.21 5 [30, 34, 36, 52, 4]
193 231 15.84 65.79 9 [34, 11, 8, 51, 44, 37, 10, 40, 53]
270 323 81.92 401.91 7 [46, 53, 6, 31, 55, 20, 19]
148 272 23.24 81.45 4 [57, 23, 59, 20]
314 358 60.23 197.43 10 [4, 15, 7, 36, 38, 33, 32, 23, 51, 53]
302 250 10.11 46.79 8 [44, 15, 42, 38, 58, 27, 56, 22]
182 223 23.49 71.62 9 [24, 29, 57, 3, 41, 34, 30, 36, 39]
301 243 22.18 44.39 2 [55, 50]
258 343 54.7 218.08 7 [49, 30, 58, 28, 48, 44, 27]
131 369 12.94 53.07 4 [27, 7, 26, 38]
257 328 24.62 93.26 6 [52, 54, 43, 22, 28, 3]
204 153 15.96 67.96 5 [39, 14, 30, 12, 22]
167 166 10.13 34.76 4 [50, 29, 20, 57]
209 289 13.42 18.91 6 [17, 29, 44, 18, 20, 59]
231 133 15.89 45.42 10 [39, 42, 10, 19, 16, 25, 41, 0, 48, 18]
203 131 29.36 94.72 8 [33, 5, 24, 21, 48, 38, 57, 52]
374 195 15.03 71.62 1 [55]
222 302 17.25 51.75 3 [10, 46, 47]
163 245 11.5 52.94 8 [14, 56, 50, 22, 7, 5, 35, 2]
373 317 26.48 47.45 5 [40, 36, 25, 30, 5]
369 171 24.72 104.54 7 [28, 16, 54, 21, 11, 36, 23]
320 317 13.86 19.66 3 [35, 58, 27]
355 200 13.98 47.04 6 [41, 12, 11, 30, 3, 28]
255 273 33.04 100.34 3 [52, 45, 42]
308 362 49.37 120.12 1 [25]
246 169 25.06 52.87 3 [18, 3, 5]
318 365 45.11 52.32 10 [21, 10, 46, 40, 17, 49, 59, 2, 5, 26]
302 217 40.28 108.23 10 [35, 44, 45, 33, 43, 16, 11, 46, 34, 8]
313 220 14.34 48.83 5 [47, 44, 53, 30, 6]
318 320 25.02 118.17 6 [38, 46, 44, 36, 18, 31]
236 195 10.16 21.65 7 [50, 36, 47, 55, 21, 59, 53]
274 293 34.79 45.35 7 [21, 10, 45, 3, 12, 43, 39]
177 208 33.95 78.49 7 [56, 23, 28, 49, 38, 7, 4]
327 155 36.33 88.91 4 [41, 35, 54, 49]
277 253 19.03 20.54 3 [33, 21, 27]
273 312 13.68 65.73 5 [6, 29, 52, 10, 23]
150 216 30.1 77.92 5 [20, 57, 49, 45, 34]
180 358 10.13 36.36 10 [44, 11, 15, 6, 20, 37, 28, 49, 27, 1]
251 193 29.69 93.14 9 [39, 43, 35, 33, 21, 57, 44, 50, 16]
179 374 16.31 52.49 2 [42, 50]
361 177 10.35 15.73 8 [35, 7, 5, 37, 18, 29, 47, 52]
324 244 11.88 13.49 3 [0, 14, 15]
129 274 25.06 107.99 10 [25, 33, 23, 45, 32, 0, 44, 4, 50, 16]
279 187 50.8 124.15 3 [42, 15, 45]
242 321 16.14 56.97 1 [54]
363 289 53.16 215.13 9 [58, 44, 43, 34, 3, 4, 32, 21, 25]
243 181 13.55 61.97 9 [49, 29, 5, 8, 16, 2, 54, 1, 44]
138 325 26.8 74.14 9 [31, 57, 39, 12, 36, 4, 53, 25, 9]
311 164 13.93 46.9 2 [31, 6]
367 365 26.2 75.05 1 [10]
318 253 20.08 94.48 3 [31, 14, 42]
280 189 17.63 71.39 4 [16, 23, 34, 46]
183 345 15.16 20.22 3 [14, 31, 39]
131 231 12.47 52.8 7 [41, 10, 5, 26, 14, 25, 57]
337 188 12.22 35.05 1 [32]
334 255 45.21 204.13 3 [6, 59, 46]
252 176 43.48 73.41 9 [51, 17, 46, 59, 7, 11, 33, 19, 39]
273 215 18.88 77.57 1 [57]
279 180 11.46 49.72 9 [16, 14, 25, 55, 26, 30, 39, 41, 44]
207 160 52.42 127.77 6 [58, 52, 3, 0, 48, 38]
182 155 10.38 36.24 4 [56, 24, 31, 18]
257 233 10.17 44.85 4 [28, 5, 13, 3]
304 194 52.01 64.17 8 [29, 50, 12, 57, 58, 46, 56, 0]
141 172 18.38 81.59 9 [19, 17, 50, 4, 15, 3, 8, 0, 6]
312 221 18.72 47.12 5 [36, 35, 4, 5, 13]
153 225 80.97 249.78 6 [36, 3, 22, 33, 44, 24]
236 238 12.08 18.7 4 [38, 45, 8, 52]
289 283 43.3 183.11 8 [21, 33, 38, 23, 4, 0, 26, 30]
286 230 28.64 89.86 4 [35, 41, 3, 54]
260 125 13.9 67.05 6 [36, 29, 56, 7, 27, 51]
224 140 23.12 95.35 7 [10, 0, 8, 53, 36, 13, 19]
339 168 16.76 64.84 6 [4, 34, 31, 20, 55, 23]
282 176 10.94 53.57 8 [28, 38, 11, 25, 17, 58, 34, 56]
303 369 13.01 63.68 5 [20, 41, 6, 7, 15]
253 294 12.38 20.9 3 [10, 5, 28]
353 208 31.67 94.7 8 [28, 38, 8, 46, 23, 57, 36, 1]
238 256 18.39 67.01 5 [47, 27, 18, 53, 38]
314 284 56.63 118.04 9 [56, 34, 47, 2, 44, 38, 0, 10, 17]
293 315 10.37 16.1 2 [6, 19]
326 175 12.13 58.43 6 [15, 34, 25, 38, 53, 42]
349 177 36.81 102.56 6 [57, 58, 15, 3, 47, 27]
242 158 31.89 75.51 3 [43, 11, 39]
240 354 21.41 89.79 2 [59, 23]
163 193 13.96 21.49 10 [59, 32, 27, 35, 31, 17, 55, 42, 24, 23]
260 348 79.6 322.7 2 [44, 49]
130 357 12.78 25.61 2 [59, 17]
279 190 59.58 84.62 2 [56, 12]
368 171 25.66 99.91 7 [4, 20, 11, 45, 50, 58, 49]
341 274 21.11 39.93 6 [25, 32, 21, 15, 49, 33]
287 167 13.39 66.7 5 [5, 23, 0, 32, 50]
340 240 39.4 149.92 9 [49, 22, 26, 15, 55, 19, 16, 35, 10]
135 209 37.32 157.94 5 [52, 29, 4, 37, 11]
248 228 18.04 66.53 4 [31, 32, 8, 59]
310 283 10.06 16.44 5 [41, 44, 56, 36, 52]
319 192 10.21 39.51 10 [20, 27, 2, 0, 4, 14, 21, 58, 10, 40]
174 139 63.26 75.94 1 [52]
340 230 14.81 15.38 9 [29, 21, 23, 7, 8, 41, 18, 52, 48]
226 224 32.93 97.8 3 [47, 11, 56]
153 195 19.34 56.78 4 [8, 48, 26, 25]
187 130 11.06 19.33 2 [15, 44]
260 362 26.06 111.98 9 [3, 21, 30, 42, 2, 31, 26, 12, 0]
196 360 12.16 55.61 9 [54, 30, 22, 31, 14, 26, 55, 5, 12]
280 172 22.07 74.46 8 [10, 25, 2, 0, 4, 43, 58, 40]
195 147 13.2 52.3 9 [54, 50, 44, 21, 51, 55, 12, 10, 32]
169 358 20.42 64.53 8 [30, 42, 15, 24, 21, 41, 0, 8]
189 187 15.26 60.02 3 [5, 33, 6]
225 227 22.43 24.6 2 [45, 47]
270 244 15.25 39.98 3 [25, 59, 33]
136 204 12.91 24.77 9 [38, 1, 35, 7, 30, 13, 32, 54, 21]
271 217 82.49 155.57 9 [5, 49, 40, 43, 7, 28, 3, 17, 51]
192 325 94.42 301.02 4 [27, 46, 45, 21]
140 145 11.59 28.83 3 [32, 52, 48]
215 162 16.16 29.35 4 [19, 43, 3, 55]
156 249 11.16 12.87 8 [26, 48, 10, 8, 2, 13, 57, 58]
157 185 28.32 114.45 9 [46, 39, 22, 56, 7, 48, 43, 42, 40]
235 286 13.68 56.02 3 [45, 29, 56]
210 287 28.68 40.96 9 [16, 14, 27, 39, 44, 36, 34, 35, 15]
287 169 33.35 74.67 7 [37, 8, 58, 26, 55, 9, 4]
131 135 26.29 75.02 8 [57, 31, 23, 59, 53, 20, 44, 54]
212 309 37.3 158.9 6 [27, 26, 53, 12, 31, 56]
309 278 26.68 116.53 4 [18, 49, 14, 58]
241 152 10.71 38.18 6 [36, 59, 21, 40, 49, 41]
222 126 11.41 51.26 1 [42]
235 161 55.9 138.27 3 [42, 53, 51]
321 353 12.15 55.51 4 [50, 5, 53, 58]
321 135 18.0 20.3 8 [34, 30, 45, 31, 29, 37, 58, 18]
251 136 36.4 113.97 9 [5, 57, 36, 43, 12, 18, 1, 0, 51]
374 294 16.41 55.77 9 [44, 54, 1, 48, 13, 6, 31, 46, 9]
133 238 25.44 120.83 9 [31, 54, 17, 19, 52, 26, 51, 57, 14]
172 145 37.59 174.1 5 [36, 19, 5, 6, 28]
266 129 32.01 61.7 9 [27, 3, 13, 20, 42, 2, 48, 35, 34]
316 153 27.67 57.29 3 [34, 40, 42]
216 179 37.16 127.75 5 [17, 54, 9, 32, 59]
176 310 11.83 27.21 3 [32, 58, 37]
135 191 50.51 202.42 3 [44, 24, 34]
150 159 19.27 24.29 5 [29, 42, 52, 13, 17]
236 151 16.85 22.69 5 [19, 16, 48, 39, 35]
247 257 53.7 143.09 5 [26, 11, 30, 40, 58]
160 297 16.3 31.48 7 [31, 40, 19, 26, 33, 43, 13]
235 218 19.28 66.0 8 [1, 31, 25, 35, 14, 46, 21, 55]
370 173 32.79 150.4 5 [56, 51, 44, 38, 19]
167 346 29.93 54.98 6 [20, 53, 38, 7, 6, 58]
179 330 18.53 29.73 7 [1, 57, 31, 42, 15, 54, 13]
260 302 14.69 70.11 3 [10, 12, 51]
160 130 25.42 83.74 9 [7, 23, 44, 35, 13, 18, 30, 29, 34]
270 288 18.93 57.54 5 [18, 38, 59, 19, 42]
150 187 13.11 33.58 1 [51]
273 290 23.92 30.0 3 [56, 47, 25]
213 132 26.38 118.82 6 [55, 11, 53, 6, 21, 20]
137 336 11.6 52.03 5 [13, 18, 8, 38, 14]
280 207 37.86 50.42 10 [31, 2, 25, 21, 18, 30, 12, 29, 24, 28]
229 280 35.47 116.49 7 [12, 38, 45, 46, 59, 54, 15]
163 184 16.41 42.47 10 [44, 13, 30, 39, 11, 21, 42, 40, 5, 48]
217 210 10.93 54.61 3 [42, 36, 31]
142 348 10.4 14.35 1 [35]
167 324 42.04 57.74 6 [50, 23, 25, 24, 3, 29]
262 287 12.88 22.89 2 [35, 33]
331 302 21.62 50.08 7 [10, 30, 24, 0, 6, 7, 18]
214 161 11.44 43.23 9 [48, 44, 40, 59, 32, 15, 30, 19, 56]
139 221 13.93 28.43 6 [5, 8, 29, 52, 20, 26]
294 200 16.44 58.82 5 [47, 59, 32, 23, 55]
361 374 59.05 148.07 1 [19]
314 351 35.81 146.06 8 [25, 41, 49, 43, 12, 7, 46, 9]
148 324 25.4 125.9 3 [39, 55, 51]
148 354 23.65 94.41 8 [5, 56, 0, 10, 34, 54, 30, 17]
193 360 11.92 50.44 6 [37, 5, 24, 28, 9, 47]
284 369 10.62 40.94 7 [48, 34, 5, 7, 59, 26, 1]
147 270 14.29 21.91 9 [15, 52, 57, 17, 10, 8, 2, 53, 27]
320 324 16.19 19.7 1 [0]
183 170 19.71 36.14 9 [53, 40, 49, 34, 59, 15, 6, 8, 3]
266 270 13.81 19.56 4 [38, 24, 20, 7]
316 324 18.98 63.8 9 [7, 38, 1, 49, 31, 8, 24, 13, 19]
168 320 50.48 163.77 3 [42, 14, 0]
339 300 79.23 145.65 7 [54, 28, 32, 17, 12, 42, 20]
139 331 11.29 51.48 8 [58, 22, 56, 49, 8, 19, 47, 55]
307 174 16.81 55.11 7 [22, 18, 5, 45, 47, 31, 33]
239 369 76.78 128.42 2 [17, 14]
319 213 22.57 74.77 9 [35, 47, 4, 10, 18, 48, 1, 19, 43]
227 324 31.66 47.14 7 [33, 32, 40, 53, 28, 52, 20]
325 171 29.37 33.58 7 [14, 5, 42, 34, 28, 27, 40]
167 344 21.71 47.25 1 [29]
130 275 18.2 61.83 1 [21]
194 218 33.51 145.85 5 [5, 21, 8, 36, 11]
148 176 19.55 36.77 5 [43, 20, 53, 49, 23]
127 328 13.99 55.61 1 [47]
372 183 40.6 178.78 4 [4, 40, 48, 57]
314 183 12.56 37.48 7 [12, 25, 46, 20, 30, 13, 19]
364 141 11.72 23.33 2 [54, 29]
266 322 22.29 45.09 6 [41, 55, 7, 29, 34, 12]
330 319 14.05 25.46 1 [55]
139 176 11.41 29.66 6 [7, 26, 18, 49, 46, 54]
230 306 24.94 52.0 10 [18, 16, 40, 39, 41, 33, 49, 19, 58, 10]
161 307 32.45 95.49 8 [56, 27, 46, 19, 26, 8, 52, 29]
272 370 10.02 23.04 5 [53, 33, 44, 16, 43]
319 142 18.41 71.39 1 [10]
200 161 13.04 64.96 9 [5, 53, 22, 48, 32, 33, 19, 9, 34]
313 218 16.41 52.41 10 [46, 14, 37, 23, 47, 42, 16, 20, 7, 56]
254 248 69.84 341.23 8 [33, 34, 30, 19, 18, 59, 57, 16]
146 200 12.91 23.63 5 [7, 3, 41, 40, 18]
248 248 19.87 62.41 4 [21, 53, 17, 23]
342 307 40.72 147.5 6 [19, 5, 17, 4, 10, 22]
264 178 22.28 55.42 9 [54, 56, 22, 29, 3, 38, 44, 15, 40]
373 345 61.29 300.74 7 [49, 2, 26, 20, 3, 45, 23]
206 359 10.85 19.32 4 [45, 43, 26, 5]
287 198 13.91 47.66 4 [37, 38, 48, 29]
182 275 61.77 252.33 10 [13, 29, 45, 48, 38, 19, 55, 50, 37, 34]
272 307 17.64 51.03 5 [11, 14, 30, 35, 26]
188 277 54.51 178.64 8 [25, 16, 30, 1, 0, 18, 54, 22]
265 315 95.29 404.59 8 [48, 37, 6, 20, 39, 8, 21, 30]
302 165 15.35 26.31 1 [21]
312 216 62.17 149.94 10 [2, 19, 39, 3, 23, 46, 33, 40, 17, 18]
247 333 99.08 376.46 9 [8, 2, 28, 56, 29, 19, 38, 21, 3]
336 366 10.63 29.79 7 [2, 38, 33, 8, 26, 58, 54]
265 255 20.77 42.98 10 [58, 12, 41, 15, 6, 0, 9, 14, 57, 48]
353 359 15.62 42.56 7 [57, 58, 23, 30, 0, 59, 22]
254 180 11.7 29.35 9 [59, 49, 46, 12, 7, 5, 6, 27, 53]
207 267 25.03 58.13 8 [8, 1, 50, 33, 35, 31, 11, 9]
157 257 19.35 23.18 7 [8, 45, 7, 12, 33, 26, 13]
155 237 19.75 61.41 7 [34, 17, 14, 58, 49, 51, 38]
305 330 11.26 52.2 10 [56, 3, 52, 55, 13, 28, 19, 49, 50, 43]
140 232 41.85 88.09 6 [46, 43, 57, 2, 28, 3]
277 332 10.26 31.57 5 [36, 33, 41, 20, 23]
240 258 15.51 38.95 6 [58, 23, 30, 11, 47, 14]
230 324 69.33 214.68 7 [13, 17, 3, 57, 24, 44, 50]
272 127 10.01 42.46 1 [42]
180 304 12.97 23.63 2 [32, 30]
239 232 15.58 30.69 4 [50, 59, 30, 17]
143 168 10.58 37.98 6 [54, 46, 36, 32, 30, 58]
235 212 14.57 27.18 10 [8, 58, 54, 37, 20, 30, 43, 51, 59, 57]
311 342 37.36 184.92 1 [38]
236 236 39.03 169.48 6 [24, 16, 20, 32, 19, 58]
316 262 14.73 40.32 7 [46, 19, 4, 42, 12, 22, 47]
261 187 11.78 48.73 10 [5, 28, 6, 29, 2, 11, 49, 19, 46, 7]
280 125 11.56 41.19 8 [2, 6, 36, 27, 35, 48, 20, 40]
143 303 26.48 118.39 5 [38, 39, 30, 7, 22]
195 152 33.84 57.15 5 [27, 44, 14, 12, 50]
256 250 10.99 34.17 2 [50, 36]
313 350 26.52 44.76 4 [13, 58, 54, 22]
258 363 19.75 54.36 6 [26, 31, 32, 29, 9, 46]
311 243 10.58 21.5 8 [55, 39, 18, 20, 43, 14, 56, 42]
276 174 12.12 30.6 6 [10, 40, 13, 41, 7, 44]
214 270 22.72 78.38 5 [56, 29, 14, 13, 9]
320 350 10.85 16.29 6 [31, 26, 14, 34, 54, 41]
196 330 15.55 45.79 10 [59, 51, 41, 22, 18, 24, 40, 15, 30, 32]
369 293 11.32 20.93 7 [17, 43, 3, 58, 49, 18, 4]
327 234 26.81 91.6 4 [2, 9, 59, 57]
208 292 10.41 24.52 7 [15, 44, 9, 39, 51, 16, 20]
225 211 12.09 12.71 4 [55, 18, 47, 54]
370 197 16.54 40.71 1 [23]
350 356 28.47 114.78 2 [51, 41]
242 358 13.57 55.36 7 [58, 4, 25, 56, 39, 44, 49]
168 179 10.4 21.45 4 [24, 13, 36, 42]
247 328 24.19 36.26 5 [29, 42, 26, 15, 36]
190 314 24.3 31.2 10 [49, 18, 55, 16, 56, 31, 24, 4, 2, 34]
215 260 73.66 119.72 5 [18, 37, 44, 36, 16]
263 237 61.14 243.57 10 [52, 35, 17, 55, 5, 45, 29, 41, 39, 57]
259 303 85.67 157.01 1 [41]
282 152 19.86 92.06 4 [28, 19, 51, 32]
321 370 10.99 48.97 7 [43, 2, 44, 14, 7, 32, 23]
290 368 12.39 17.33 9 [18, 2, 12, 53, 44, 43, 54, 50, 42]
268 188 58.61 159.33 8 [26, 4, 25, 34, 54, 19, 32, 13]
186 298 21.37 75.1 5 [22, 37, 32, 17, 48]
331 264 24.55 52.85 8 [31, 12, 48, 5, 0, 18, 39, 10]
169 363 10.01 28.8 7 [56, 30, 51, 1, 28, 16, 15]
181 318 36.53 93.88 4 [11, 14, 6, 56]
341 182 24.95 108.49 1 [35]
184 274 56.4 134.91 6 [11, 17, 53, 56, 23, 43]
186 161 61.15 232.65 8 [40, 27, 1, 19, 29, 0, 59, 17]
347 306 32.97 87.66 9 [17, 9, 26, 42, 21, 5, 36, 29, 22]
134 301 40.27 44.37 7 [26, 49, 43, 10, 38, 9, 57]
292 367 14.84 70.45 1 [48]
169 253 14.87 31.11 7 [16, 3, 12, 11, 0, 23, 59]
263 332 14.96 15.61 8 [15, 38, 6, 1, 41, 2, 37, 4]
146 249 39.18 173.77 9 [22, 15, 46, 56, 37, 13, 9, 0, 12]
362 324 11.15 48.74 10 [51, 18, 0, 27, 43, 14, 47, 46, 45, 8]
353 371 15.65 46.78 9 [13, 7, 6, 0, 3, 17, 54, 25, 27]
364 130 10.37 33.21 6 [38, 26, 4, 31, 0, 18]
317 169 11.66 40.59 3 [51, 17, 9]
169 241 11.06 26.99 4 [9, 51, 16, 47]
240 171 31.11 116.88 9 [55, 10, 57, 30, 3, 18, 52, 4, 54]
254 146 10.21 49.0 9 [41, 32, 30, 0, 15, 22, 3, 50, 19]
146 162 10.58 18.09 2 [33, 15]
290 353 55.73 264.68 5 [8, 29, 49, 51, 6]
329 224 11.26 45.73 3 [30, 48, 44]
360 352 50.14 176.74 1 [22]
233 160 21.08 82.3 6 [57, 32, 50, 40, 34, 36]
287 314 12.93 22.16 10 [4, 22, 1, 19, 35, 53, 32, 23, 42, 56]
174 158 13.43 31.8 1 [7]
198 138 33.29 130.2 5 [3, 1, 23, 17, 47]
356 351 45.76 171.36 7 [31, 34, 25, 15, 36, 26, 41]
187 276 19.19 20.1 8 [21, 42, 1, 22, 6, 18, 45, 25]
345 293 12.51 33.31 2 [6, 12]
314 278 10.75 43.33 5 [8, 39, 22, 26, 9]
248 363 14.23 51.03 4 [41, 21, 12, 24]
269 138 43.92 140.19 4 [32, 47, 24, 34]
307 363 48.45 230.79 7 [3, 38, 59, 30, 13, 17, 22]
277 360 16.83 19.12 5 [2, 34, 11, 1, 17]
312 206 21.6 106.72 6 [43, 53, 26, 59, 19, 4]
334 228 14.13 39.36 8 [10, 14, 34, 23, 47, 28, 29, 5]
318 150 25.18 82.58 1 [21]
187 240 10.43 47.15 10 [43, 31, 40, 47, 45, 34, 55, 17, 56, 2]
282 341 27.44 57.07 1 [44]
189 208 22.32 48.07 8 [17, 51, 28, 59, 52, 18, 55, 26]
303 343 18.62 53.08 9 [58, 10, 21, 45, 22, 32, 47, 59, 9]
282 359 12.31 39.22 9 [6, 40, 1, 36, 16, 27, 20, 23, 25]
290 160 19.43 52.73 5 [56, 41, 54, 57, 18]
241 157 30.52 141.65 8 [57, 1, 4, 31, 18, 19, 13, 33]
264 258 30.52 52.7 6 [34, 51, 14, 55, 25, 46]
260 302 17.29 30.72 3 [18, 22, 40]
161 326 12.05 52.29 6 [35, 30, 59, 49, 57, 32]
272 235 14.59 37.82 6 [23, 42, 50, 45, 53, 21]
295 179 13.05 41.84 6 [18, 19, 7, 24, 29, 21]
225 301 14.47 55.51 5 [5, 21, 22, 45, 6]
153 153 15.15 18.89 8 [18, 34, 50, 56, 21, 13, 15, 24]
249 199 13.76 36.45 6 [39, 48, 16, 23, 1, 37]
243 253 10.52 41.26 3 [43, 58, 33]
297 219 24.62 84.86 1 [9]
221 275 12.83 64.09 8 [22, 36, 58, 14, 38, 1, 37, 39]
335 150 12.04 15.42 7 [27, 0, 30, 18, 33, 38, 17]
356 157 16.89 17.32 3 [21, 58, 54]
301 172 22.56 23.54 3 [3, 51, 32]
341 169 15.17 55.83 3 [2, 9, 23]
189 174 13.74 51.84 8 [40, 46, 51, 32, 29, 54, 19, 17]
131 336 26.25 109.97 1 [17]
363 181 11.25 48.59 6 [54, 25, 13, 23, 48, 6]
228 324 23.79 98.19 5 [10, 47, 38, 59, 25]
311 138 12.35 33.62 10 [59, 39, 18, 11, 3, 15, 21, 43, 24, 51]
128 146 16.02 70.07 4 [24, 2, 25, 30]
318 299 22.67 39.63 9 [58, 35, 42, 44, 10, 13, 6, 45, 11]
172 303 44.98 72.37 1 [55]
371 191 11.27 14.16 10 [16, 34, 17, 3, 47, 19, 54, 59, 22, 36]
153 307 55.63 165.97 4 [0, 43, 58, 45]
192 257 18.38 57.76 2 [58, 8]
339 308 31.34 144.82 2 [45, 30]
258 163 12.19 52.71 9 [33, 3, 39, 36, 35, 20, 41, 31, 12]
239 185 13.25 18.69 1 [48]
181 199 11.21 37.66 2 [23, 33]
369 297 12.23 14.51 6 [13, 0, 36, 14, 30, 29]
181 337 14.9 43.73 9 [28, 23, 27, 46, 18, 17, 11, 2, 8]
267 275 14.25 21.27 5 [12, 55, 29, 16, 33]
183 128 32.93 68.67 9 [7, 10, 50, 39, 49, 58, 47, 8, 41]
187 144 93.3 291.05 8 [18, 3, 38, 4, 7, 47, 36, 49]
359 204 22.01 78.84 10 [53, 57, 40, 23, 21, 36, 22, 49, 47, 52]
320 224 11.46 46.09 8 [26, 58, 57, 11, 6, 36, 19, 3]
307 144 25.9 113.99 3 [43, 44, 26]
236 150 12.73 25.71 1 [19]
305 283 18.11 52.36 7 [5, 52, 43, 21, 46, 19, 16]
132 316 18.99 46.21 6 [29, 8, 53, 32, 35, 44]
162 308 21.76 48.44 4 [23, 30, 31, 1]
213 179 19.13 36.16 4 [6, 52, 36, 30]
215 279 17.39 67.63 1 [46]
191 186 37.17 91.13 1 [52]
180 142 12.24 23.02 7 [37, 54, 1, 39, 42, 24, 40]
287 337 30.29 145.37 3 [26, 53, 29]
326 362 72.09 151.75 10 [24, 53, 55, 29, 25, 32, 42, 34, 27, 45]
175 286 16.79 24.98 1 [54]
356 240 11.24 12.77 6 [10, 5, 46, 25, 49, 48]
245 275 67.21 217.55 9 [50, 8, 35, 9, 37, 12, 40, 17, 57]
129 200 10.44 31.41 2 [21, 38]
300 255 15.57 30.32 7 [0, 35, 1, 56, 41, 14, 47]
161 364 20.66 51.75 5 [58, 33, 59, 36, 11]
348 360 12.13 50.55 6 [58, 45, 49, 35, 51, 46]
246 209 39.31 113.18 3 [24, 56, 47]
150 174 11.52 37.1 7 [21, 20, 18, 43, 1, 39, 48]
244 247 10.46 50.04 2 [6, 54]
131 135 13.47 35.95 4 [37, 28, 34, 40]
125 202 30.33 66.82 9 [59, 1, 44, 8, 55, 26, 11, 31, 0]
203 162 72.41 355.0 3 [6, 41, 40]
198 331 13.24 48.44 3 [33, 36, 16]
283 171 10.71 51.69 1 [16]
130 360 13.37 55.79 9 [17, 54, 35, 28, 32, 58, 0, 16, 36]
215 342 10.61 34.75 9 [33, 8, 47, 11, 29, 18, 19, 31, 56]
338 145 11.28 44.68 7 [23, 11, 55, 10, 48, 30, 59]
201 304 10.05 18.09 9 [34, 54, 21, 5, 16, 45, 2, 23, 32]
181 251 27.7 78.41 9 [7, 14, 50, 59, 26, 20, 37, 3, 12]
211 144 11.06 21.87 9 [21, 0, 53, 24, 23, 9, 39, 25, 2]
257 294 11.15 24.52 7 [19, 56, 34, 47, 48, 50, 37]
236 337 36.48 177.17 1 [40]
153 164 31.44 94.02 6 [17, 45, 59, 14, 19, 49]
156 202 43.1 166.71 9 [27, 35, 39, 25, 45, 10, 8, 54, 52]
192 346 19.76 67.6 2 [47, 18]
251 295 10.45 30.28 9 [17, 1, 2, 29, 49, 28, 56, 40, 39]
190 227 10.9 17.4 6 [1, 33, 20, 54, 2, 22]
246 166 11.71 22.82 2 [53, 27]
202 309 12.97 24.25 1 [8]
238 145 11.83 40.0 7 [11, 7, 28, 36, 35, 47, 3]
254 321 14.28 49.98 1 [59]
160 194 16.73 45.47 4 [16, 58, 47, 32]
365 158 11.13 54.54 10 [26, 39, 15, 8, 40, 48, 49, 19, 16, 53]
343 199 14.7 23.71 1 [47]
183 222 17.22 40.94 3 [38, 36, 37]
337 329 11.62 17.35 9 [33, 2, 42, 16, 23, 19, 26, 37, 51]
350 175 14.21 45.16 6 [5, 22, 56, 49, 3, 37]
237 148 48.53 154.68 10 [23, 1, 51, 42, 56, 32, 22, 19, 54, 4]
189 257 10.66 23.17 6 [37, 16, 32, 57, 21, 26]
286 302 30.76 44.51 7 [23, 55, 13, 6, 34, 24, 14]
168 327 15.88 61.97 8 [58, 34, 29, 48, 44, 30, 28, 52]
252 352 14.99 51.9 3 [46, 50, 24]
191 308 14.28 48.62 3 [15, 4, 34]
165 286 12.28 57.37 3 [26, 41, 46]
179 312 12.24 55.49 3 [43, 47, 22]
328 325 38.92 164.15 7 [52, 43, 7, 40, 53, 1, 33]
312 234 11.45 38.69 2 [7, 36]
308 356 10.64 32.9 9 [50, 51, 56, 28, 14, 13, 59, 20, 44]
148 216 33.98 43.35 5 [28, 38, 41, 32, 9]
261 329 12.47 35.3 1 [18]
337 194 11.65 21.88 2 [15, 38]
267 204 26.06 128.37 9 [1, 13, 48, 12, 40, 18, 20, 9, 16]
235 218 11.64 21.83 8 [12, 13, 31, 51, 16, 28, 40, 17]
339 283 22.93 37.96 8 [1, 12, 16, 34, 51, 0, 22, 17]
345 224 33.71 164.97 3 [1, 9, 14]
336 138 12.95 41.0 6 [1, 28, 39, 12, 19, 15]
313 307 26.32 85.7 3 [50, 48, 6]
271 281 12.27 32.66 8 [11, 23, 1, 33, 27, 58, 35, 34]
363 229 14.23 42.29 9 [50, 42, 8, 5, 18, 17, 6, 53, 47]
195 307 21.06 101.48 3 [43, 44, 49]
354 231 28.41 57.21 3 [21, 53, 7]
156 261 15.16 57.22 7 [13, 5, 33, 44, 8, 20, 26]
277 151 23.04 109.49 7 [22, 33, 24, 41, 31, 43, 57]
360 367 28.89 48.17 1 [26]
204 196 14.1 54.41 2 [37, 40]
225 204 12.33 41.06 2 [20, 7]
337 233 16.56 73.72 10 [0, 47, 49, 19, 22, 53, 50, 33, 29, 51]
268 353 10.19 43.28 9 [58, 6, 46, 21, 30, 45, 9, 15, 48]
310 280 33.1 61.13 2 [8, 33]
233 152 26.99 81.61 5 [51, 29, 12, 30, 25]
281 282 23.69 27.57 2 [10, 55]
280 305 15.36 26.13 4 [37, 54, 38, 13]
248 357 13.16 56.32 9 [43, 38, 57, 45, 10, 1, 21, 41, 31]
157 247 22.1 31.88 7 [0, 18, 49, 7, 24, 56, 4]
287 332 32.22 154.46 7 [42, 40, 34, 22, 35, 56, 7]
304 129 89.53 117.07 8 [54, 10, 9, 51, 50, 47, 57, 34]
176 315 10.44 31.69 8 [58, 59, 42, 46, 10, 9, 50, 21]
162 251 59.14 273.21 9 [37, 59, 54, 40, 25, 44, 6, 0, 49]
224 195 30.73 118.16 2 [47, 22]
162 364 24.54 46.12 6 [27, 7, 37, 19, 42, 47]
147 143 14.75 68.39 8 [14, 47, 0, 4, 16, 55, 20, 43]
321 181 47.32 161.27 10 [19, 21, 56, 33, 8, 44, 37, 7, 40, 27]
166 300 11.08 37.39 2 [31, 59]
295 263 14.08 25.18 6 [39, 58, 42, 53, 57, 6]
304 357 13.2 45.39 8 [30, 18, 8, 55, 3, 13, 29, 47]
262 177 45.57 134.44 5 [3, 12, 22, 25, 16]
293 331 13.91 49.3 5 [9, 19, 32, 35, 14]
126 309 29.4 112.24 10 [9, 33, 23, 0, 40, 35, 45, 34, 38, 31]
352 127 14.88 52.25 5 [51, 5, 7, 32, 59]
290 150 24.4 42.59 3 [56, 47, 14]
205 304 31.35 51.2 4 [43, 57, 46, 26]
171 268 37.14 129.19 2 [34, 35]
340 190 24.22 38.65 4 [47, 38, 10, 34]
190 294 14.27 41.13 5 [24, 23, 35, 52, 34]
243 205 43.51 106.34 2 [54, 8]
342 293 18.42 83.41 10 [39, 22, 53, 45, 58, 14, 34, 50, 59, 30]
128 221 18.68 47.74 6 [44, 35, 39, 58, 26, 56]
180 232 17.12 30.12 6 [22, 54, 5, 15, 0, 40]
149 369 19.93 46.53 9 [16, 57, 42, 2, 48, 9, 52, 18, 25]
170 332 14.49 53.73 2 [0, 49]
336 292 20.85 43.11 9 [54, 16, 20, 3, 7, 55, 28, 48, 19]
199 336 11.69 13.97 2 [23, 38]
163 205 12.21 45.72 7 [4, 16, 39, 20, 29, 38, 59]
253 325 53.55 131.24 2 [57, 26]
364 168 31.22 155.75 4 [39, 34, 23, 4]
137 272 16.55 80.37 6 [33, 25, 22, 34, 59, 30]
205 262 49.51 96.57 4 [2, 56, 44, 34]
192 202 19.5 91.41 2 [58, 37]
313 212 32.03 115.87 10 [0, 20, 24, 47, 58, 48, 27, 18, 1, 8]
331 303 15.5 61.38 9 [16, 42, 39, 12, 36, 59, 47, 24, 37]
345 179 20.43 84.73 10 [46, 16, 18, 32, 10, 20, 34, 35, 14, 11]
192 259 22.72 34.66 3 [53, 33, 59]
358 288 35.75 157.45 3 [31, 7, 44]
299 309 25.98 66.16 4 [18, 24, 26, 23]
211 199 10.74 39.22 1 [27]
312 129 15.05 64.92 4 [37, 8, 50, 55]
262 253 10.59 10.77 1 [54]
246 170 13.33 54.97 9 [56, 46, 29, 25, 0, 16, 33, 3, 17]
140 286 12.55 46.3 4 [34, 58, 25, 6]
257 290 13.3 48.97 10 [31, 57, 44, 12, 23, 48, 49, 9, 20, 47]
362 205 22.58 109.52 1 [30]
220 236 22.9 54.12 2 [4, 27]
168 223 14.63 53.8 3 [43, 16, 46]
256 261 63.87 130.04 4 [46, 54, 49, 15]
329 290 16.48 66.5 4 [29, 3, 46, 25]
352 154 41.82 172.08 3 [20, 45, 26]
336 374 15.31 34.68 1 [49]
286 262 11.6 31.63 1 [17]
162 234 13.39 15.12 2 [47, 35]
348 176 22.98 112.97 6 [54, 45, 31, 23, 2, 37]
322 259 16.78 19.61 5 [32, 19, 50, 54, 17]
157 193 10.72 32.98 6 [28, 16, 20, 46, 41, 19]
334 292 10.42 20.42 4 [3, 57, 58, 50]
128 349 10.78 25.54 2 [16, 33]
304 211 23.25 68.93 5 [31, 19, 35, 22, 27]
232 222 35.02 151.1 9 [17, 8, 10, 52, 27, 15, 2, 12, 13]
218 212 45.53 209.18 5 [7, 26, 57, 28, 15]
144 170 10.51 47.1 6 [1, 56, 40, 48, 32, 24]
193 125 11.63 13.45 7 [8, 9, 16, 32, 17, 53, 29]
192 206 11.9 42.97 10 [35, 55, 20, 36, 3, 9, 18, 26, 42, 49]
300 253 17.98 73.8 2 [28, 5]
221 255 21.3 44.97 9 [6, 42, 49, 28, 24, 17, 59, 37, 22]
276 347 11.34 31.9 4 [35, 7, 56, 22]
275 144 17.03 25.94 9 [3, 59, 19, 26, 46, 36, 6, 33, 14]
309 158 12.28 39.36 1 [34]
320 248 14.08 60.95 9 [13, 59, 52, 27, 29, 46, 3, 44, 55]
167 361 65.38 85.41 3 [55, 40, 2]
332 183 48.11 214.25 6 [41, 57, 58, 24, 51, 30]
156 172 10.01 11.69 3 [41, 3, 15]
329 164 51.89 64.91 9 [26, 53, 0, 49, 9, 19, 12, 7, 40]
279 259 10.9 13.37 1 [26]
370 273 20.97 88.65 3 [13, 18, 4]
368 228 11.34 11.57 7 [21, 40, 34, 22, 14, 8, 38]
161 211 14.52 50.5 7 [47, 0, 52, 31, 6, 49, 29]
128 261 10.91 27.66 6 [54, 27, 57, 1, 36, 43]
251 181 10.74 30.31 6 [45, 33, 14, 22, 49, 0]
341 312 10.09 28.19 2 [6, 48]
189 192 14.47 69.77 4 [27, 22, 17, 1]
221 143 58.59 152.71 9 [18, 15, 29, 26, 32, 56, 30, 19, 37]
192 259 13.42 59.47 6 [38, 53, 33, 55, 21, 14]
292 127 10.25 35.16 5 [43, 40, 38, 2, 47]
356 205 23.26 73.44 5 [17, 25, 27, 53, 15]
326 282 48.55 219.24 9 [56, 50, 47, 43, 10, 58, 15, 34, 49]
292 239 53.66 217.72 2 [40, 7]
296 162 10.25 37.46 10 [38, 9, 10, 40, 20, 58, 56, 25, 26, 13]
290 289 54.8 163.03 3 [50, 16, 4]
163 326 10.48 34.47 5 [52, 10, 2, 17, 22]
253 187 40.63 199.86 2 [32, 40]
276 151 14.26 48.03 7 [17, 12, 5, 21, 44, 32, 36]
359 361 14.25 21.01 3 [32, 36, 48]
342 358 10.75 15.35 9 [37, 24, 28, 46, 56, 57, 40, 17, 52]
170 311 37.76 80.62 3 [50, 46, 27]
244 225 21.1 77.93 9 [59, 39, 5, 50, 0, 22, 20, 4, 53]
197 344 12.57 13.94 8 [9, 27, 14, 31, 55, 1, 50, 40]
143 280 18.51 63.35 5 [48, 32, 35, 9, 24]
268 158 15.32 37.45 9 [45, 49, 53, 16, 54, 7, 56, 58, 30]
224 216 10.14 42.25 8 [34, 3, 16, 46, 13, 2, 47, 41]
174 268 15.11 27.07 1 [33]
194 164 20.55 29.95 8 [48, 35, 31, 34, 11, 19, 44, 38]
200 168 14.18 57.03 4 [30, 18, 11, 48]
310 129 26.38 42.53 7 [11, 36, 50, 23, 22, 16, 1]
318 322 25.45 116.19 6 [26, 10, 57, 43, 5, 48]
181 257 24.27 25.46 7 [58, 48, 25, 10, 50, 44, 46]
278 266 14.18 43.8 3 [17, 36, 54]
206 134 10.16 12.87 1 [48]
274 278 25.68 80.24 10 [39, 37, 41, 56, 1, 26, 0, 22, 47, 55]
130 341 30.07 69.65 5 [23, 47, 27, 2, 14]
263 171 12.83 39.53 4 [29, 14, 23, 46]
155 362 13.48 49.08 8 [6, 8, 55, 51, 47, 56, 7, 41]
204 204 12.17 17.17 4 [9, 32, 47, 31]
214 136 24.18 34.69 6 [40, 25, 15, 26, 49, 47]
359 197 31.22 94.06 8 [46, 42, 29, 59, 56, 8, 3, 27]
257 347 16.27 38.72 2 [9, 59]
272 223 55.01 222.56 6 [38, 17, 5, 39, 4, 26]
230 319 10.6 47.03 6 [5, 3, 36, 50, 16, 28]
138 237 12.69 50.01 8 [4, 31, 6, 47, 12, 32, 55, 13]
355 200 23.12 54.19 4 [41, 20, 26, 54]
129 351 23.75 118.22 4 [28, 55, 53, 2]
322 270 14.26 61.28 2 [27, 49]
148 239 39.92 155.12 2 [50, 22]
329 145 14.43 43.26 8 [33, 49, 43, 36, 54, 50, 20, 26]
327 323 14.42 17.67 4 [19, 51, 23, 16]
169 301 12.02 53.51 7 [6, 29, 23, 46, 10, 57, 28]
181 252 17.78 76.09 6 [30, 11, 21, 44, 49, 6]
214 343 11.29 21.91 5 [9, 56, 37, 26, 59]
366 298 10.74 24.82 6 [13, 53, 45, 3, 42, 48]
322 268 36.27 152.34 6 [33, 57, 2, 32, 51, 59]
325 301 24.63 109.26 8 [46, 30, 43, 12, 53, 15, 17, 33]
247 294 19.11 41.52 10 [33, 35, 19, 16, 10, 28, 27, 8, 42, 45]
297 333 73.77 334.2 3 [9, 44, 1]
298 226 15.92 32.27 7 [13, 35, 16, 55, 30, 46, 20]
140 368 62.64 159.31 10 [51, 5, 32, 42, 39, 33, 6, 22, 17, 50]
182 234 11.76 39.58 9 [23, 52, 3, 53, 15, 4, 0, 22, 41]
244 240 23.06 111.88 3 [41, 44, 39]
319 132 12.12 27.31 8 [43, 46, 12, 52, 4, 9, 25, 10]
281 293 13.45 65.67 4 [48, 30, 39, 22]
158 335 10.12 46.06 7 [11, 20, 6, 8, 21, 15, 29]
150 191 14.04 17.68 3 [8, 34, 12]
273 235 41.01 102.57 1 [35]
258 127 26.09 110.01 3 [5, 25, 22]
304 345 28.82 85.74 1 [8]
281 310 46.97 154.04 1 [43]
259 262 11.84 11.92 2 [42, 51]
290 260 28.07 110.28 4 [42, 24, 25, 37]
358 237 10.82 16.09 10 [8, 27, 48, 54, 53, 39, 35, 18, 14, 13]
237 314 30.07 137.93 5 [24, 35, 48, 54, 44]
316 180 36.92 149.19 1 [30]
281 228 15.37 64.55 5 [17, 6, 12, 58, 16]
327 231 15.73 19.97 1 [6]
351 179 49.31 101.09 6 [39, 44, 2, 6, 34, 5]
135 361 21.44 23.37 9 [34, 50, 2, 12, 14, 56, 53, 15, 24]
315 305 25.1 81.63 4 [37, 51, 52, 21]
137 217 15.26 40.79 1 [2]
232 260 13.16 17.34 3 [38, 20, 15]
352 149 61.05 141.79 7 [19, 49, 33, 10, 56, 15, 14]
185 146 16.95 37.75 7 [27, 54, 42, 59, 0, 57, 23]
159 160 77.8 286.41 3 [58, 6, 21]
162 161 11.53 29.76 2 [12, 39]
220 209 16.48 35.75 1 [16]
183 333 22.97 70.07 6 [51, 5, 41, 18, 46, 13]
212 353 32.42 101.78 5 [30, 32, 29, 1, 50]
290 202 13.82 50.82 1 [21]
334 164 40.82 58.76 9 [51, 47, 27, 30, 56, 45, 8, 1, 28]
142 216 22.72 49.63 3 [59, 8, 7]
156 356 10.13 35.43 2 [27, 4]
207 328 11.71 55.41 4 [5, 44, 47, 54]
236 193 17.63 20.9 1 [37]
316 338 10.05 11.6 7 [37, 54, 34, 44, 17, 5, 22]
338 133 21.77 72.25 7 [2, 52, 26, 25, 33, 27, 55]
215 134 11.66 56.27 8 [44, 13, 47, 30, 14, 19, 26, 22]
142 352 11.44 38.4 6 [14, 32, 28, 54, 46, 17]
324 190 24.06 70.89 6 [26, 14, 42, 27, 49, 58]
223 330 19.65 82.06 7 [49, 42, 0, 57, 48, 3, 13]
255 324 58.04 165.52 7 [52, 10, 44, 55, 27, 4, 42]
291 336 16.53 54.35 3 [27, 37, 26]
328 238 40.89 174.94 4 [33, 29, 35, 13]
310 143 20.99 28.76 6 [22, 48, 26, 18, 24, 21]
312 170 45.4 74.38 6 [51, 20, 23, 18, 47, 41]
157 129 34.17 143.95 6 [56, 57, 22, 16, 52, 12]
261 190 11.31 55.43 8 [46, 9, 40, 3, 54, 15, 49, 52]
184 306 16.96 44.14 7 [59, 11, 43, 50, 5, 42, 19]
345 288 27.61 84.14 4 [7, 43, 5, 12]
302 265 30.48 147.56 7 [30, 55, 35, 32, 36, 46, 26]
325 199 12.46 19.92 2 [21, 19]
309 282 40.87 186.52 4 [2, 57, 52, 37]
315 326 31.11 67.25 10 [12, 52, 51, 21, 44, 43, 27, 58, 17, 33]
231 313 11.68 21.69 2 [56, 49]
136 371 17.73 68.17 10 [3, 4, 56, 41, 19, 28, 26, 9, 10, 44]
130 303 57.54 247.73 2 [22, 6]
180 358 10.38 14.58 5 [58, 4, 7, 19, 40]
344 243 17.44 47.96 5 [23, 19, 5, 38, 26]
278 132 24.29 26.91 9 [18, 38, 35, 2, 55, 56, 41, 8, 13]
303 317 13.86 47.62 6 [33, 16, 19, 48, 15, 41]
276 363 33.0 81.02 7 [3, 55, 31, 11, 57, 35, 54]
309 341 14.3 23.27 6 [20, 19, 27, 21, 47, 7]
371 226 35.32 121.29 9 [38, 45, 11, 9, 46, 57, 17, 47, 59]
207 366 10.6 22.13 5 [20, 55, 58, 41, 42]
305 221 12.66 61.02 3 [8, 20, 41]
306 125 17.41 47.37 5 [40, 18, 31, 35, 10]
339 161 10.22 23.0 5 [33, 38, 9, 44, 37]
232 310 14.54 46.24 1 [35]
324 162 13.52 32.41 3 [54, 33, 31]
184 187 22.7 43.75 4 [22, 39, 8, 10]
256 162 12.24 56.49 2 [4, 52]
206 288 10.91 25.23 6 [58, 16, 9, 23, 36, 40]
230 282 89.27 260.0 1 [20]
233 223 17.25 29.14 3 [38, 21, 44]
219 155 19.54 96.57 2 [26, 45]
364 149 42.55 62.63 7 [3, 32, 50, 34, 24, 53, 10]
220 147 13.89 34.74 2 [6, 15]
229 169 10.44 44.52 3 [52, 17, 34]
168 246 27.51 51.41 3 [38, 43, 19]
308 260 11.83 59.05 7 [4, 32, 11, 2, 56, 19, 34]
267 259 13.73 51.75 1 [39]
214 291 10.35 38.95 1 [17]
359 355 16.61 44.18 7 [56, 6, 20, 35, 48, 0, 47]
232 305 38.62 50.24 5 [31, 17, 29, 42, 15]
142 129 12.15 25.48 10 [21, 57, 44, 34, 58, 43, 4, 48, 38, 53]
183 374 18.3 24.76 6 [4, 59, 40, 33, 16, 8]
239 216 49.84 143.28 8 [0, 15, 7, 44, 28, 4, 54, 38]
212 285 35.13 134.26 8 [17, 40, 9, 48, 59, 44, 3, 2]
347 343 36.74 68.11 3 [45, 48, 42]
353 222 21.43 64.36 6 [56, 41, 33, 14, 31, 10]
176 143 16.57 64.02 6 [46, 27, 31, 47, 49, 51]
253 208 18.19 21.12 4 [27, 6, 42, 1]
365 197 10.83 48.24 7 [13, 34, 22, 30, 8, 48, 4]
129 368 31.79 154.03 10 [5, 42, 27, 47, 15, 2, 24, 21, 26, 29]
221 209 19.25 88.01 8 [31, 44, 9, 26, 8, 52, 49, 33]
234 271 24.43 108.85 10 [23, 46, 4, 56, 26, 17, 51, 32, 13, 55]
208 219 13.05 47.81 9 [28, 22, 38, 9, 25, 4, 56, 44, 32]
284 331 23.02 73.51 8 [3, 35, 15, 4, 17, 24, 23, 19]
175 130 12.26 30.37 9 [51, 29, 2, 28, 53, 50, 20, 45, 8]
207 330 12.19 47.53 10 [5, 0, 15, 24, 59, 35, 30, 19, 11, 54]
374 169 12.68 47.9 7 [5, 43, 40, 38, 25, 7, 57]
297 198 17.34 45.78 9 [39, 54, 10, 44, 56, 6, 22, 24, 42]
337 141 11.73 12.6 9 [45, 54, 43, 37, 50, 24, 34, 19, 12]
141 125 61.4 134.07 6 [56, 0, 19, 35, 5, 16]
192 125 10.49 42.85 5 [54, 21, 40, 39, 46]
221 332 12.15 21.14 9 [32, 3, 0, 31, 15, 28, 23, 43, 13]
321 371 70.79 112.45 8 [27, 37, 51, 19, 47, 9, 50, 13]
358 206 52.95 216.77 6 [18, 55, 57, 39, 56, 15]
178 358 18.48 38.02 1 [44]
247 303 13.08 38.48 1 [29]
338 129 10.52 23.81 3 [36, 21, 8]
331 331 76.01 158.96 2 [14, 22]
193 211 15.94 16.49 2 [55, 17]
157 251 14.09 63.97 4 [40, 30, 59, 3]
237 182 74.04 281.77 5 [19, 9, 22, 2, 13]
284 162 14.9 41.8 8 [36, 42, 48, 13, 54, 23, 17, 46]
337 164 21.66 33.2 3 [25, 54, 21]
251 157 17.39 80.9 9 [41, 15, 35, 18, 40, 32, 3, 5, 23]
161 159 16.55 61.72 4 [0, 43, 48, 33]
302 131 36.02 152.58 6 [15, 18, 3, 36, 42, 10]
189 334 13.72 34.84 7 [54, 3, 28, 37, 48, 2, 8]
307 285 12.94 33.74 10 [28, 0, 59, 5, 36, 48, 2, 3, 52, 4]
136 317 10.98 42.36 4 [28, 27, 12, 17]
258 292 15.64 70.91 3 [20, 56, 12]
335 240 10.64 27.03 4 [1, 55, 22, 8]
301 373 11.81 57.61 1 [12]
154 161 12.86 35.93 3 [23, 33, 20]
274 296 20.83 87.45 1 [5]
204 368 30.3 34.63 5 [41, 47, 38, 43, 46]
146 218 22.58 80.22 3 [16, 47, 43]
128 145 18.54 52.47 1 [22]
332 320 16.37 46.28 2 [44, 24]
304 351 10.69 17.12 1 [4]
230 225 15.34 20.58 6 [34, 29, 20, 58, 59, 10]
294 211 12.13 27.38 1 [53]
258 258 26.32 92.51 8 [55, 56, 7, 30, 1, 0, 12, 8]
338 259 11.27 33.29 2 [35, 15]
297 277 34.72 57.08 10 [58, 45, 42, 17, 41, 34, 36, 33, 38, 35]
164 183 18.29 39.71 1 [36]
216 322 12.56 13.71 10 [50, 35, 11, 24, 14, 13, 4, 32, 16, 2]
145 182 73.0 336.4 2 [9, 10]
258 282 13.67 40.33 2 [19, 2]
207 374 21.8 97.28 6 [22, 19, 10, 6, 34, 5]
368 282 57.77 239.29 1 [21]
271 345 22.19 106.18 10 [2, 7, 29, 54, 56, 25, 45, 9, 46, 1]
190 315 10.34 19.34 6 [29, 22, 58, 7, 20, 43]
179 367 67.81 97.16 8 [5, 4, 14, 8, 46, 53, 48, 39]
130 264 42.5 186.65 1 [5]
199 262 21.28 31.12 10 [8, 54, 28, 19, 55, 20, 9, 35, 58, 32]
309 366 43.43 77.6 7 [56, 50, 52, 15, 30, 45, 3]
128 310 23.53 40.5 7 [28, 49, 58, 50, 27, 51, 34]
212 172 29.1 37.81 4 [4, 46, 35, 40]
187 295 14.92 34.59 6 [24, 22, 30, 10, 52, 20]
357 251 10.23 47.74 6 [56, 1, 5, 17, 41, 26]
374 256 37.01 104.16 1 [13]
244 135 13.11 13.97 2 [34, 45]
321 263 16.14 49.08 7 [58, 40, 37, 24, 21, 54, 43]
247 373 55.2 111.15 7 [33, 53, 20, 3, 11, 27, 34]
175 284 56.33 167.37 2 [55, 33]
367 275 24.08 49.53 4 [13, 36, 56, 21]
293 251 24.18 97.01 6 [44, 10, 36, 49, 34, 3]
209 292 13.72 38.52 3 [3, 22, 54]
170 201 31.28 142.08 1 [3]
213 334 32.73 118.65 8 [24, 40, 51, 43, 56, 33, 6, 5]
319 308 48.64 217.41 9 [17, 38, 15, 23, 52, 39, 7, 11, 47]
297 288 26.86 46.74 1 [3]
180 251 29.76 84.8 2 [8, 0]
198 164 15.54 67.18 5 [39, 0, 49, 36, 35]
343 144 12.67 60.09 10 [32, 28, 25, 12, 30, 21, 50, 44, 35, 41]
280 153 33.03 122.36 4 [59, 45, 55, 50]
175 294 45.21 63.54 3 [26, 8, 20]
235 129 15.25 61.43 4 [8, 12, 13, 3]
243 245 13.86 31.88 7 [44, 42, 32, 17, 58, 21, 45]
331 277 21.43 55.48 5 [43, 58, 20, 15, 26]
175 226 16.99 56.57 7 [31, 44, 16, 6, 58, 52, 4]
253 275 10.31 25.63 10 [23, 17, 43, 4, 39, 59, 33, 12, 7, 3]
235 211 36.25 126.36 6 [58, 40, 53, 23, 17, 1]
294 316 34.33 87.73 1 [26]
331 271 44.29 200.45 9 [9, 0, 13, 2, 26, 37, 16, 6, 54]
329 347 22.59 99.13 2 [37, 22]
258 209 11.65 41.24 5 [33, 11, 19, 48, 12]
208 214 31.23 103.52 3 [22, 36, 35]
265 353 10.08 12.15 6 [20, 6, 19, 57, 9, 1]
266 128 26.95 94.99 10 [21, 28, 1, 34, 31, 6, 38, 59, 7, 44]
300 271 23.58 104.14 2 [48, 43]
357 359 28.67 132.43 5 [39, 54, 20, 16, 1]
305 300 50.93 133.39 6 [4, 18, 10, 13, 8, 2]
300 261 10.1 25.0 3 [32, 35, 26]
301 308 16.51 45.84 5 [21, 8, 6, 58, 22]
136 336 16.79 33.37 7 [41, 25, 6, 7, 35, 26, 2]
367 362 28.34 84.78 9 [35, 29, 59, 32, 58, 16, 25, 46, 19]
299 301 13.67 17.96 1 [51]
345 267 28.63 96.91 3 [49, 36, 25]
175 131 31.01 52.21 7 [42, 47, 34, 59, 49, 54, 22]
259 308 17.32 57.11 3 [28, 38, 21]
356 320 10.67 45.61 6 [53, 26, 22, 49, 48, 41]
140 192 17.4 78.53 5 [58, 56, 5, 52, 45]
249 331 19.41 56.42 8 [51, 50, 30, 6, 39, 18, 40, 29]
284 287 24.01 108.5 5 [54, 40, 56, 32, 59]
293 142 13.91 14.83 9 [39, 3, 9, 59, 52, 51, 29, 32, 13]
143 329 17.98 49.82 7 [14, 23, 33, 28, 29, 59, 24]
139 178 12.45 30.79 2 [0, 28]
304 312 12.83 13.4 7 [55, 29, 19, 49, 20, 14, 48]
336 345 55.01 118.1 6 [11, 7, 20, 3, 27, 52]
308 231 12.23 30.92 1 [53]
173 353 46.32 114.52 3 [48, 38, 47]
138 186 51.53 163.92 5 [44, 32, 43, 49, 54]
324 202 16.48 80.35 8 [30, 36, 27, 57, 2, 41, 50, 6]
140 170 17.31 17.99 2 [25, 29]
141 164 26.98 115.27 3 [24, 57, 3]
164 265 16.07 59.97 5 [56, 6, 4, 34, 7]
317 180 22.72 104.83 8 [42, 8, 10, 47, 40, 59, 57, 48]
132 280 26.4 114.95 10 [0, 52, 16, 43, 28, 23, 4, 48, 37, 11]
281 276 17.06 43.69 4 [2, 16, 13, 17]
212 353 10.48 47.01 5 [34, 20, 39, 47, 53]
211 364 19.76 34.63 5 [44, 26, 8, 53, 29]
139 125 15.36 24.48 6 [0, 27, 11, 39, 38, 35]