0 10
1 10
2 14
3 26
4 6
5 22
6 6
7 8
8 10
9 16
10 8
11 14
12 6
13 22
14 14
15 12
16 20
17 6
18 8
19 14
20 26
21 10
22 6
23 6
24 20
25 6
26 18
27 14
28 10
29 6
30 18
31 14
32 20
33 12
34 20
35 4
36 6
37 10
38 14
39 26
40 26
41 6
42 20
43 8
44 10
45 4
46 18
47 6
48 6
49 14
50 18
51 18
52 6
53 8
54 8
55 18
56 6
57 20
58 6
59 10
60 4
61 18
62 20
63 12
64 10
65 12
66 20
67 12
68 26
69 12
70 8
71 12
72 10
73 6
74 8
75 18
76 6
77 6
78 8
79 8
80 4
81 22
82 14
83 8
84 16
85 14
86 6
87 8
88 12
89 10
90 26
91 20
92 26
93 6
94 12
95 20
96 10
97 18
98 6
99 18
