0 20
1 22
2 32
3 40
4 12
5 40
6 18
7 18
8 22
9 32
10 12
11 32
12 12
13 34
14 32
15 24
16 44
17 14
18 20
19 30
20 48
21 36
22 12
23 18
24 40
25 18
26 34
27 38
28 22
29 18
30 36
31 32
32 36
33 26
34 34
35 6
36 12
37 20
38 32
39 54
40 50
41 12
42 38
43 24
44 26
45 12
46 38
47 18
48 18
49 38
50 40
51 36
52 12
53 20
54 12
55 40
56 18
57 46
58 18
59 26
60 18
61 34
62 40
63 26
64 24
65 30
66 50
67 22
68 44
69 30
70 18
71 36
72 24
73 12
74 16
75 34
76 16
77 10
78 20
79 26
80 14
81 48
82 40
83 18
84 38
85 28
86 16
87 24
88 28
89 26
90 50
91 38
92 42
93 16
94 30
95 46
96 20
97 46
98 16
99 44
