0
0
0
0
0
0
0
0
0
0
0
0
0
0
0
0
0
0
0
0
0
0
0
0
0
0
0
0
0
0
0
0.0031885002980862414
0.003807859967103969
0.005944832624665773
0.007472743137591329
0.007472743137591329
0.007472743137591329
0.007472743137591329
0.00784381174223151
0.00784381174223151
0.00784381174223151
0.00784381174223151
0.00784381174223151
0.00784381174223151
0.008127843596677604
0.008127843596677604
0.008127843596677604
0.008127843596677604
0.008127843596677604
0.010768200950803124
0.010768200950803124
0.010768200950803124
0.011347807206030076
0.011925412225524694
0.012478025396967548
0.013086279801498344
0.013086279801498344
0.015073008008834267
0.015073008008834267
0.015073008008834267
0.01672562661394077
0.01777817640668705
0.01777817640668705
0.01777817640668705
0.0183345834418851
0.0183345834418851
0.02037347110251113
0.02037347110251113
0.02037347110251113
0.02037347110251113
0.02037347110251113
0.021165019071452535
0.021165019071452535
0.021165019071452535
0.021165019071452535
0.022037632738317475
0.022037632738317475
0.022037632738317475
0.022037632738317475
0.022472723042084183
0.023313274118359956
0.023313274118359956
0.023313274118359956
0.024487264840158725
0.024487264840158725
0.024487264840158725
0.025060345027688866
0.025060345027688866
0.025060345027688866
0.025060345027688866
0.026290271803795683
0.026290271803795683
0.02686792321805
0.02686792321805
0.027374314232990717
0.027374314232990717
0.029751815402265396
0.029751815402265396
0.030785097715844433
0.030785097715844433
