0
0.005612368428252905
0.005612368428252905
0.007940823371629777
0.007940823371629777
0.007940823371629777
0.007940823371629777
0.007940823371629777
0.007940823371629777
0.007940823371629777
0.007940823371629777
0.015127763591661833
0.015127763591661833
0.018593635478586352
0.018593635478586352
0.018593635478586352
0.018593635478586352
0.018593635478586352
0.018593635478586352
0.018593635478586352
0.023076487121868192
0.025789771642316845
0.02774254203177096
0.02774254203177096
0.02774254203177096
0.03090585466006336
0.03141673145574037
0.03141673145574037
0.03697009590025742
0.037160839340230255
0.03935398934620534
0.052023771819681305
0.05408064354358478
0.057174900291306105
0.057174900291306105
0.057174900291306105
0.05885847279268847
0.05885847279268847
0.06072918660726989
0.06072918660726989
0.06201027259309934
0.0628194654637803
0.0628194654637803
0.0628194654637803
0.06389579675275968
0.06389579675275968
0.06389579675275968
0.06389579675275968
0.06389579675275968
0.07056175643641967
0.07056175643641967
0.07161804662792094
0.07353526757827734
0.07500800913788062
0.07723883257268734
0.07753082157552849
0.07943213875237921
0.08189949792314445
0.08189949792314445
0.08264063687718745
0.08477187290439515
0.08567507140575105
0.08591228395700705
0.08591228395700705
0.08591228395700705
0.08591228395700705
0.08783973643360851
0.08783973643360851
0.09190071486787427
0.09536016890503492
0.09992735822547631
0.10094690359932146
0.10094690359932146
0.10094690359932146
0.1034966537979557
0.10433776705795239
0.10745045022250264
0.11022635532239791
0.11022635532239791
0.11202292094739842
0.11202292094739842
0.11238782546963975
0.11428997133388208
0.11751732465949642
0.11751732465949642
0.11751732465949642
0.11823077886044425
0.11823077886044425
0.11823077886044425
0.11823077886044425
0.12065427398345872
0.12065427398345872
0.12065427398345872
0.12065427398345872
0.12106936521028878
0.12106936521028878
0.1259352304404722
0.12654682554403593
0.12654682554403593
0.12803688767407262
