0
0
0
0
0
0
0
0
0
0
0
0
0
0
0
0
0
0
0
0
0
0
0
0
0
0
0
0
0
0
0
0
0
0
0
0
0
0
0.00018208082628388985
0.00018208082628388985
0.00018208082628388985
0.00018208082628388985
0.00018208082628388985
0.0010324681696209609
0.0013746670126873837
0.0013746670126873837
0.0013746670126873837
0.0013746670126873837
0.0013746670126873837
0.0013746670126873837
0.0013746670126873837
0.0013746670126873837
0.0036624566886547774
0.005544684740515076
0.007007402431990197
0.007376029912539101
0.009612701122495975
0.013352424423062961
0.013774873924160273
0.014419850086170579
0.019313426738135915
0.019313426738135915
0.019689175804138575
0.022009497331865326
0.022009497331865326
0.022009497331865326
0.02314139285858269
0.02314139285858269
0.02314139285858269
0.02314139285858269
0.02314139285858269
0.025063378226171898
0.0259536301527394
0.0259536301527394
0.026666129130231548
0.02799971286300518
0.030002243104704913
0.03273749049772899
0.03330194403174368
0.03602077703283947
0.03602077703283947
0.03808541279627125
0.04089421872672558
0.04089421872672558
0.04210486795233665
0.042919017956467985
0.04413080769689497
0.04469168046287758
0.047627989970683814
0.048012665696067644
0.05139412537120879
0.05201970318035358
0.054962669596674285
0.0578414922543946
0.05879944151699479
0.06011854631052702
0.06011854631052702
0.06112420098200464
0.06304027836823964
0.06304027836823964
