0 79 96 1.04 [2747, 2732, 2757, 2756] [79, 79, 79, 79]
1 86 53 2.0 [3512, 3516, 3525, 3595] [86, 86, 86, 86]
2 98 97 1.92 [4662, 4704, 4604, 4644, 4598, 4625] [98, 98, 98, 98, 98, 98]
3 96 81 1.77 [5524, 5609, 5550, 5602, 5591, 5527, 5600, 5582, 5554, 5529] [96, 96, 96, 96, 96, 96, 96, 96, 96, 96]
4 98 64 1.26 [13493, 13533] [98, 98]
5 89 65 1.03 [2262, 2255, 2275, 2283, 2299, 2273, 2297, 2264, 2274] [89, 89, 89, 89, 89, 89, 89, 89, 89]
6 73 87 1.07 [3947, 3989] [73, 73]
7 76 61 1.26 [2657, 2622, 2667] [76, 76, 76]
8 56 77 1.67 [2746, 2738, 2779, 2743] [56, 56, 56, 56]
9 92 97 1.52 [4905, 4901, 4869, 4859, 4923, 4931, 4903] [92, 92, 92, 92, 92, 92, 92]
10 98 89 1.32 [3639, 3585, 3597] [98, 98, 98]
11 78 65 1.19 [2068, 2040, 2070, 2089, 2052, 2084] [78, 78, 78, 78, 78, 78]
12 70 91 1.64 [8330] [70]
13 73 87 1.83 [2045, 2058, 2032, 2026, 2036, 2056, 2040, 2019] [73, 73, 73, 73, 73, 73, 73, 73]
14 53 69 1.75 [4042, 3956, 3974, 3997, 4014, 4004] [53, 53, 53, 53, 53, 53]
15 45 54 1.25 [2167, 2141, 2168, 2174, 2159] [45, 45, 45, 45, 45]
16 45 65 1.48 [2976, 2934, 2953, 2964, 2985, 2963, 2970, 2983] [45, 45, 45, 45, 45, 45, 45, 45]
17 56 52 1.49 [2589, 2609] [56, 56]
18 92 51 1.12 [2257, 2247, 2237] [92, 92, 92]
19 46 88 1.17 [5617, 5619, 5584, 5568, 5628, 5591] [46, 46, 46, 46, 46, 46]
20 54 81 1.7 [2588, 2541, 2542, 2562, 2540, 2573, 2547, 2554, 2576, 2566] [54, 54, 54, 54, 54, 54, 54, 54, 54, 54]
21 54 57 1.42 [2357, 2402, 2407, 2382, 2403] [54, 54, 54, 54, 54]
22 63 45 1.84 [9556, 9505] [63, 63]
23 51 71 1.47 [7001, 7084] [51, 51]
24 49 60 1.9 [2120, 2133, 2098, 2119, 2086, 2093, 2093, 2113] [49, 49, 49, 49, 49, 49, 49, 49]
25 84 93 1.56 [2642, 2630] [84, 84]
26 77 73 1.79 [2892, 2878, 2875, 2849, 2859, 2899, 2911, 2858] [77, 77, 77, 77, 77, 77, 77, 77]
27 46 83 1.08 [4921, 4863, 4877, 4843, 4917, 4897] [46, 46, 46, 46, 46, 46]
28 89 67 1.95 [5919, 5998, 6048, 5996] [89, 89, 89, 89]
29 45 96 1.64 [5183, 5141] [45, 45]
30 96 72 1.89 [2765, 2772, 2757, 2761, 2801, 2780, 2783] [96, 96, 96, 96, 96, 96, 96]
31 87 53 1.37 [4015, 3961, 3925, 3922, 3982, 4005] [87, 87, 87, 87, 87, 87]
32 84 56 1.38 [3682, 3652, 3694, 3658, 3684, 3637, 3670, 3687] [84, 84, 84, 84, 84, 84, 84, 84]
33 91 56 1.24 [3062, 3113, 3114, 3067, 3072] [91, 91, 91, 91, 91]
34 46 77 1.62 [2872, 2842, 2882, 2870, 2834, 2886, 2835, 2890] [46, 46, 46, 46, 46, 46, 46, 46]
35 54 59 1.64 [12548, 12621] [54, 54]
36 47 93 1.76 [10643] [47]
37 47 66 1.1 [3935, 3925, 3992, 3988] [47, 47, 47, 47]
38 97 62 1.89 [8606, 8570, 8613, 8645, 8677, 8727] [97, 97, 97, 97, 97, 97]
39 56 95 1.23 [2131, 2104, 2135, 2108, 2117, 2127, 2137, 2130, 2107, 2133] [56, 56, 56, 56, 56, 56, 56, 56, 56, 56]
40 66 90 1.84 [5802, 5800, 5726, 5752, 5788, 5747, 5807, 5759, 5776] [66, 66, 66, 66, 66, 66, 66, 66, 66]
41 81 76 1.66 [14880] [81]
42 74 47 1.49 [2637, 2605, 2633, 2646, 2656, 2615, 2601, 2627] [74, 74, 74, 74, 74, 74, 74, 74]
43 85 91 1.14 [3285, 3278, 3337] [85, 85, 85]
44 63 72 1.54 [3144, 3205, 3152, 3184] [63, 63, 63, 63]
45 47 52 1.46 [3657] [47]
46 65 84 1.17 [2679, 2620, 2625, 2644, 2632, 2641, 2635] [65, 65, 65, 65, 65, 65, 65]
47 63 73 1.14 [2950, 2987] [63, 63]
48 71 60 1.97 [2288, 2310] [71, 71]
49 65 86 1.38 [12464, 12459, 12260, 12347, 12423, 12332] [65, 65, 65, 65, 65, 65]
50 97 80 1.11 [5097, 5053, 4997, 5040, 5105, 5090, 5080] [97, 97, 97, 97, 97, 97, 97]
51 76 62 1.36 [3273, 3322, 3320, 3280, 3282, 3264, 3263] [76, 76, 76, 76, 76, 76, 76]
52 78 69 1.44 [8072] [78]
53 45 80 1.52 [3688, 3757, 3723] [45, 45, 45]
54 58 52 1.82 [16924, 16738, 16669] [58, 58, 58]
55 78 83 1.44 [5427, 5450, 5481, 5513, 5443, 5394, 5400] [78, 78, 78, 78, 78, 78, 78]
56 54 84 1.74 [2183, 2182] [54, 54]
57 82 91 1.82 [2237, 2239, 2214, 2226, 2243, 2233, 2207, 2242] [82, 82, 82, 82, 82, 82, 82, 82]
58 50 66 1.74 [3868, 3827] [50, 50]
59 95 69 1.45 [2535, 2582, 2577, 2579] [95, 95, 95, 95]
60 69 67 1.27 [2984, 3012] [69, 69]
61 51 86 1.28 [6020, 6078, 6155, 6153, 6023, 6143, 6060] [51, 51, 51, 51, 51, 51, 51]
62 97 46 1.57 [2183, 2165, 2169, 2151, 2135, 2161, 2139, 2171] [97, 97, 96, 96, 96, 96, 96, 96]
63 53 64 1.96 [2034, 2047, 2014, 2050, 2052] [53, 53, 53, 53, 53]
64 98 97 1.9 [5255, 5182, 5178, 5246] [98, 98, 98, 98]
65 82 95 1.31 [3816, 3785, 3766, 3735, 3790] [82, 82, 82, 82, 82]
66 72 81 1.9 [7521, 7581, 7575, 7668, 7556, 7512, 7534, 7606] [72, 72, 72, 72, 72, 72, 72, 72]
67 76 61 1.38 [6232, 6201, 6158, 6107, 6255] [76, 76, 76, 76, 76]
68 58 90 1.84 [2781, 2721, 2718, 2748, 2745, 2729, 2741, 2751, 2725, 2768] [58, 58, 58, 58, 58, 58, 58, 58, 58, 58]
69 87 61 1.84 [5050, 5043, 5033, 4994, 5015] [87, 87, 87, 87, 87]
70 55 68 1.8 [8754, 8860, 8878] [55, 55, 55]
71 87 69 1.63 [5618, 5692, 5604, 5578, 5655] [87, 87, 87, 87, 87]
72 45 58 1.69 [3536, 3482, 3460, 3531] [45, 45, 45, 45]
73 66 85 1.25 [2662] [66]
74 52 76 1.8 [3128, 3093, 3091] [52, 52, 52]
75 78 82 1.28 [4095, 4046, 4137, 4082, 4048, 4092, 4056] [78, 78, 78, 78, 78, 78, 78]
76 62 48 1.27 [2466, 2495] [62, 62]
77 77 93 1.42 [2126] [77]
78 66 85 1.33 [3452, 3390, 3450] [66, 66, 66]
79 50 51 1.87 [2490, 2468, 2452, 2511] [50, 50, 50, 50]
80 83 87 2.0 [2561, 2549] [83, 83]
81 59 64 1.92 [2097, 2090, 2105, 2089, 2081, 2087, 2091, 2104] [59, 59, 59, 59, 59, 59, 59, 59]
82 60 95 1.42 [3659, 3614, 3632, 3599, 3670, 3608] [60, 60, 60, 60, 60, 60]
83 64 57 1.98 [2222, 2240, 2258] [64, 64, 64]
84 83 89 1.24 [3690, 3653, 3654, 3668, 3618, 3671, 3666] [83, 83, 83, 83, 83, 83, 83]
85 74 88 1.04 [2420, 2412, 2381, 2402, 2419, 2384] [74, 74, 74, 74, 74, 74]
86 47 64 1.64 [9941, 9893] [47, 47]
87 89 70 1.52 [2115, 2117, 2126] [89, 89, 89]
88 54 84 1.32 [10409, 10370, 10461, 10612, 10548] [54, 54, 55, 55, 55]
89 46 90 1.14 [4181, 4239, 4215, 4251] [46, 46, 45, 45]
90 59 73 1.67 [10347, 10216, 10262, 10372, 10203, 10287, 10254, 10334, 10241, 10309] [59, 59, 59, 59, 59, 59, 59, 57, 57, 57]
91 63 46 1.71 [16416, 16181, 16510, 16275, 16268, 16531, 16235, 16241] [63, 63, 63, 64, 64, 64, 64, 64]
92 87 70 1.34 [2215, 2231, 2208, 2217, 2214, 2245, 2221, 2235, 2242] [87, 87, 87, 87, 87, 87, 87, 87, 88]
93 81 96 1.68 [3001, 3022] [81, 81]
94 87 77 1.09 [2283, 2284, 2326, 2272, 2304] [88, 88, 88, 88, 88]
95 76 70 1.32 [2242, 2268, 2243, 2260, 2256, 2291, 2278, 2262] [76, 76, 76, 76, 76, 76, 76, 76]
96 78 90 1.51 [3341, 3351, 3325, 3349] [78, 78, 79, 79]
97 68 62 1.04 [2378, 2373, 2392, 2364, 2383, 2376, 2368] [68, 68, 68, 68, 68, 68, 68]
98 59 68 1.02 [2798, 2838] [59, 57]
99 64 98 1.37 [4367, 4273, 4350, 4298, 4342, 4335, 4323] [66, 66, 66, 66, 66, 66, 67]
