0 79 96 1.04 [2747, 2732, 2757, 2756] [47, 46, 45, 48]
1 86 53 2.0 [3512, 3516, 3525, 3595] [52, 50, 51, 49]
2 98 97 1.92 [4662, 4704, 4604, 4644, 4598, 4625] [54, 53, 55, 56, 57, 58]
3 96 81 1.77 [5524, 5609, 5550, 5602, 5591, 5527, 5600, 5582, 5554, 5529] [60, 59, 61, 62, 63, 64, 65, 66, 67, 68]
4 98 64 1.26 [13493, 13533] [70, 69]
5 89 65 1.03 [2262, 2255, 2275, 2283, 2299, 2273, 2297, 2264, 2274] [75, 72, 73, 74, 71, 76, 77, 78, 79]
6 73 87 1.07 [3947, 3989] [81, 80]
7 76 61 1.26 [2657, 2622, 2667] [84, 83, 82]
8 56 77 1.67 [2746, 2738, 2779, 2743] [87, 86, 85, 88]
9 92 97 1.52 [4905, 4901, 4869, 4859, 4923, 4931, 4903] [94, 90, 91, 92, 93, 89, 95]
10 98 89 1.32 [3639, 3585, 3597] [96, 97, 98]
11 78 65 1.19 [2068, 2040, 2070, 2089, 2052, 2084] [45, 46, 47, 72, 48, 71]
12 70 91 1.64 [8330] [73]
13 73 87 1.83 [2045, 2058, 2032, 2026, 2036, 2056, 2040, 2019] [74, 75, 76, 77, 78, 79, 82, 80]
14 53 69 1.75 [4042, 3956, 3974, 3997, 4014, 4004] [83, 71, 81, 84, 85, 86]
15 45 54 1.25 [2167, 2141, 2168, 2174, 2159] [47, 45, 46, 72, 48]
16 45 65 1.48 [2976, 2934, 2953, 2964, 2985, 2963, 2970, 2983] [72, 48, 47, 46, 97, 45, 96, 98]
17 56 52 1.49 [2589, 2609] [98, 96]
18 92 51 1.12 [2257, 2247, 2237] [48, 97, 96]
19 46 88 1.17 [5617, 5619, 5584, 5568, 5628, 5591] [47, 72, 45, 46, 97, 98]
20 54 81 1.7 [2588, 2541, 2542, 2562, 2540, 2573, 2547, 2554, 2576, 2566] [87, 74, 75, 76, 80, 78, 79, 82, 88, 77]
21 54 57 1.42 [2357, 2402, 2407, 2382, 2403] [98, 48, 96, 47, 97]
22 63 45 1.84 [9556, 9505] [50, 49]
23 51 71 1.47 [7001, 7084] [87, 92]
24 49 60 1.9 [2120, 2133, 2098, 2119, 2086, 2093, 2093, 2113] [74, 88, 82, 76, 77, 78, 79, 75]
25 84 93 1.56 [2642, 2630] [96, 48]
26 77 73 1.79 [2892, 2878, 2875, 2849, 2859, 2899, 2911, 2858] [75, 74, 76, 77, 78, 80, 88, 79]
27 46 83 1.08 [4921, 4863, 4877, 4843, 4917, 4897] [45, 98, 72, 47, 97, 46]
28 89 67 1.95 [5919, 5998, 6048, 5996] [53, 52, 51, 57]
29 45 96 1.64 [5183, 5141] [91, 89]
30 96 72 1.89 [2765, 2772, 2757, 2761, 2801, 2780, 2783] [82, 88, 80, 90, 93, 94, 95]
31 87 53 1.37 [4015, 3961, 3925, 3922, 3982, 4005] [48, 45, 46, 97, 96, 72]
32 84 56 1.38 [3682, 3652, 3694, 3658, 3684, 3637, 3670, 3687] [45, 46, 47, 48, 72, 97, 98, 96]
33 91 56 1.24 [3062, 3113, 3114, 3067, 3072] [46, 47, 48, 96, 98]
34 46 77 1.62 [2872, 2842, 2882, 2870, 2834, 2886, 2835, 2890] [45, 47, 48, 72, 77, 96, 97, 98]
35 54 59 1.64 [12548, 12621] [54, 55]
36 47 93 1.76 [10643] [58]
37 47 66 1.1 [3935, 3925, 3992, 3988] [46, 76, 78, 79]
38 97 62 1.89 [8606, 8570, 8613, 8645, 8677, 8727] [62, 59, 63, 61, 60, 56]
39 56 95 1.23 [2131, 2104, 2135, 2108, 2117, 2127, 2137, 2130, 2107, 2133] [45, 98, 47, 48, 72, 74, 75, 96, 97, 46]
40 66 90 1.84 [5802, 5800, 5726, 5752, 5788, 5747, 5807, 5759, 5776] [64, 65, 85, 86, 68, 83, 66, 84, 67]
41 81 76 1.66 [14880] [90]
42 74 47 1.49 [2637, 2605, 2633, 2646, 2656, 2615, 2601, 2627] [46, 45, 72, 74, 75, 77, 79, 96]
43 85 91 1.14 [3285, 3278, 3337] [48, 78, 46]
44 63 72 1.54 [3144, 3205, 3152, 3184] [47, 76, 77, 97]
45 47 52 1.46 [3657] [74]
46 65 84 1.17 [2679, 2620, 2625, 2644, 2632, 2641, 2635] [46, 79, 93, 94, 95, 98, 75]
47 63 73 1.14 [2950, 2987] [96, 46]
48 71 60 1.97 [2288, 2310] [82, 78]
49 65 86 1.38 [12464, 12459, 12260, 12347, 12423, 12332] [71, 81, 93, 91, 89, 94]
50 97 80 1.11 [5097, 5053, 4997, 5040, 5105, 5090, 5080] [45, 72, 77, 75, 88, 95, 76]
51 76 62 1.36 [3273, 3322, 3320, 3280, 3282, 3264, 3263] [47, 48, 74, 79, 80, 97, 98]
52 78 69 1.44 [8072] [92]
53 45 80 1.52 [3688, 3757, 3723] [80, 82, 78]
54 58 52 1.82 [16924, 16738, 16669] [51, 52, 53]
55 78 83 1.44 [5427, 5450, 5481, 5513, 5443, 5394, 5400] [74, 80, 82, 88, 95, 79, 76]
56 54 84 1.74 [2183, 2182] [48, 96]
57 82 91 1.82 [2237, 2239, 2214, 2226, 2243, 2233, 2207, 2242] [75, 77, 97, 72, 98, 96, 45, 78]
58 50 66 1.74 [3868, 3827] [95, 82]
59 95 69 1.45 [2535, 2582, 2577, 2579] [75, 47, 48, 46]
60 69 67 1.27 [2984, 3012] [78, 46]
61 51 86 1.28 [6020, 6078, 6155, 6153, 6023, 6143, 6060] [45, 47, 75, 77, 88, 96, 98]
62 97 46 1.57 [2183, 2165, 2169, 2151, 2135, 2161, 2139, 2171] [46, 48, 72, 74, 76, 78, 80, 97]
63 53 64 1.96 [2034, 2047, 2014, 2050, 2052] [77, 78, 74, 79, 80]
64 98 97 1.9 [5255, 5182, 5178, 5246] [87, 67, 69, 70]
65 82 95 1.31 [3816, 3785, 3766, 3735, 3790] [46, 48, 72, 78, 97]
66 72 81 1.9 [7521, 7581, 7575, 7668, 7556, 7512, 7534, 7606] [83, 64, 65, 73, 66, 84, 57, 68]
67 76 61 1.38 [6232, 6201, 6158, 6107, 6255] [76, 79, 80, 74, 88]
68 58 90 1.84 [2781, 2721, 2718, 2748, 2745, 2729, 2741, 2751, 2725, 2768] [75, 76, 74, 77, 78, 79, 80, 82, 88, 95]
69 87 61 1.84 [5050, 5043, 5033, 4994, 5015] [85, 86, 92, 87, 69]
70 55 68 1.8 [8754, 8860, 8878] [57, 85, 67]
71 87 69 1.63 [5618, 5692, 5604, 5578, 5655] [70, 82, 92, 75, 95]
72 45 58 1.69 [3536, 3482, 3460, 3531] [77, 76, 79, 88]
73 66 85 1.25 [2662] [47]
74 52 76 1.8 [3128, 3093, 3091] [78, 80, 74]
75 78 82 1.28 [4095, 4046, 4137, 4082, 4048, 4092, 4056] [45, 47, 48, 72, 96, 97, 98]
76 62 48 1.27 [2466, 2495] [98, 46]
77 77 93 1.42 [2126] [72]
78 66 85 1.33 [3452, 3390, 3450] [45, 97, 96]
79 50 51 1.87 [2490, 2468, 2452, 2511] [77, 79, 76, 88]
80 83 87 2.0 [2561, 2549] [80, 78]
81 59 64 1.92 [2097, 2090, 2105, 2089, 2081, 2087, 2091, 2104] [48, 47, 72, 97, 45, 96, 98, 77]
82 60 95 1.42 [3659, 3614, 3632, 3599, 3670, 3608] [46, 98, 76, 79, 88, 74]
83 64 57 1.98 [2222, 2240, 2258] [78, 80, 77]
84 83 89 1.24 [3690, 3653, 3654, 3668, 3618, 3671, 3666] [45, 47, 48, 72, 46, 96, 97]
85 74 88 1.04 [2420, 2412, 2381, 2402, 2419, 2384] [74, 76, 80, 79, 88, 77]
86 47 64 1.64 [9941, 9893] [86, 81]
87 89 70 1.52 [2115, 2117, 2126] [72, 98, 48]
88 54 84 1.32 [10409, 10370, 10461, 10612, 10548] [71, 91, 93, 95, 82]
89 46 90 1.14 [4181, 4239, 4215, 4251] [79, 78, 88, 77]
90 59 73 1.67 [10347, 10216, 10262, 10372, 10203, 10287, 10254, 10334, 10241, 10309] [59, 63, 64, 65, 62, 68, 73, 83, 84, 66]
91 63 46 1.71 [16416, 16181, 16510, 16275, 16268, 16531, 16235, 16241] [49, 55, 56, 58, 60, 61, 54, 50]
92 87 70 1.34 [2215, 2231, 2208, 2217, 2214, 2245, 2221, 2235, 2242] [45, 47, 48, 74, 76, 80, 96, 97, 98]
93 81 96 1.68 [3001, 3022] [76, 74]
94 87 77 1.09 [2283, 2284, 2326, 2272, 2304] [46, 72, 80, 78, 96]
95 76 70 1.32 [2242, 2268, 2243, 2260, 2256, 2291, 2278, 2262] [79, 47, 48, 77, 88, 97, 98, 45]
96 78 90 1.51 [3341, 3351, 3325, 3349] [72, 74, 76, 80]
97 68 62 1.04 [2378, 2373, 2392, 2364, 2383, 2376, 2368] [46, 77, 78, 47, 79, 88, 96]
98 59 68 1.02 [2798, 2838] [97, 94]
99 64 98 1.37 [4367, 4273, 4350, 4298, 4342, 4335, 4323] [45, 98, 70, 87, 89, 92, 69]
