79 96 13.64 14.05 4 [16, 3, 25, 24]
86 53 17.55 35.0 4 [1, 4, 10, 58]
98 97 22.98 44.06 6 [34, 56, 4, 25, 1, 15]
96 81 27.55 48.57 10 [6, 43, 17, 40, 35, 7, 39, 31, 19, 8]
98 64 67.24 84.18 2 [8, 15]
89 65 11.22 11.54 9 [19, 11, 33, 41, 58, 30, 56, 21, 32]
73 87 19.49 20.82 2 [30, 56]
76 61 13.05 16.38 3 [43, 11, 52]
56 77 13.56 22.59 4 [30, 23, 59, 27]
92 97 24.1 36.41 7 [42, 40, 24, 19, 51, 55, 41]
98 89 17.85 23.39 3 [46, 10, 18]
78 65 10.19 12.11 6 [35, 2, 37, 59, 16, 54]
70 91 40.88 66.86 1 [45]
73 87 10.06 18.34 8 [39, 54, 23, 16, 28, 52, 33, 8]
53 69 19.77 34.58 6 [53, 1, 12, 26, 36, 30]
45 54 10.62 13.27 5 [48, 19, 49, 56, 39]
45 65 14.63 21.64 8 [41, 6, 22, 31, 48, 30, 36, 46]
56 52 12.88 19.11 2 [12, 30]
92 51 11.08 12.35 3 [44, 33, 22]
46 88 27.7 32.29 6 [33, 34, 19, 12, 38, 22]
54 81 12.66 21.52 10 [53, 8, 9, 28, 7, 38, 14, 20, 41, 32]
54 57 11.78 16.66 5 [1, 46, 51, 26, 47]
63 45 47.19 86.57 2 [30, 17]
51 71 34.57 50.6 2 [30, 59]
49 60 10.43 19.81 8 [39, 54, 13, 37, 0, 8, 7, 30]
84 93 13.09 20.34 2 [22, 11]
77 73 14.22 25.43 8 [40, 28, 26, 4, 12, 46, 56, 11]
46 83 24.2 25.96 6 [40, 11, 18, 1, 38, 28]
89 67 29.57 57.4 4 [2, 34, 54, 33]
45 96 25.29 41.23 2 [59, 39]
96 72 13.76 25.96 7 [11, 17, 4, 7, 42, 24, 27]
87 53 19.59 26.76 6 [59, 26, 4, 2, 39, 53]
84 56 18.1 24.85 8 [41, 21, 49, 25, 42, 11, 33, 44]
91 56 15.3 18.88 5 [1, 41, 42, 5, 9]
46 77 14.12 22.85 8 [40, 15, 49, 39, 8, 52, 9, 56]
54 59 62.22 101.92 2 [20, 34]
47 93 52.49 92.18 1 [33]
47 66 19.54 21.48 4 [16, 10, 51, 49]
97 62 42.83 80.53 6 [11, 1, 13, 22, 31, 45]
56 95 10.48 12.84 10 [39, 9, 44, 13, 23, 35, 46, 38, 12, 42]
66 90 28.58 52.39 9 [36, 35, 4, 15, 30, 13, 38, 18, 25]
81 76 74.18 122.42 1 [7]
74 47 12.97 19.32 8 [39, 10, 36, 48, 57, 19, 6, 30]
85 91 16.39 18.65 3 [5, 0, 43]
63 72 15.7 24.06 4 [3, 49, 9, 33]
47 52 17.99 26.14 1 [39]
65 84 13.07 15.25 7 [59, 5, 10, 27, 16, 24, 19]
63 73 14.63 16.59 2 [19, 50]
71 60 11.31 22.2 2 [27, 50]
65 86 61.02 84.04 6 [51, 50, 11, 28, 43, 25]
97 80 24.94 27.64 7 [52, 31, 4, 25, 56, 49, 44]
76 62 16.27 22.04 7 [14, 50, 48, 19, 20, 7, 6]
78 69 39.47 56.46 1 [54]
45 80 18.42 27.82 3 [2, 47, 25]
58 52 82.62 149.61 3 [58, 31, 21]
78 83 26.91 38.54 7 [20, 30, 44, 58, 27, 5, 8]
54 84 10.85 18.83 2 [14, 13]
82 91 10.97 19.95 8 [46, 49, 21, 35, 53, 42, 14, 52]
50 66 18.95 32.87 2 [49, 23]
95 69 12.6 18.2 4 [14, 59, 54, 56]
69 67 14.9 18.84 2 [3, 25]
51 86 30.06 38.35 7 [3, 26, 57, 56, 4, 52, 19]
97 46 10.67 16.7 8 [54, 34, 39, 18, 1, 30, 5, 41]
53 64 10.05 19.67 5 [28, 44, 4, 47, 50]
98 97 25.81 49.0 4 [43, 9, 7, 39]
82 95 18.62 24.39 5 [59, 39, 27, 7, 42]
72 81 37.48 71.16 8 [8, 27, 25, 55, 19, 5, 12, 35]
76 61 30.52 42.09 5 [50, 38, 21, 1, 59]
58 90 13.59 24.89 10 [55, 2, 0, 26, 23, 9, 20, 29, 6, 44]
87 61 24.64 45.29 5 [59, 56, 51, 32, 42]
55 68 43.57 78.38 3 [11, 40, 45]
87 69 27.83 45.21 5 [22, 54, 16, 5, 38]
45 58 17.29 29.19 4 [54, 16, 1, 50]
66 85 13.3 16.62 1 [1]
52 76 15.4 27.59 3 [37, 10, 8]
78 82 20.22 25.71 7 [30, 1, 55, 22, 2, 28, 7]
62 48 12.18 15.45 2 [29, 58]
77 93 10.38 14.71 1 [57]
66 85 16.87 22.33 3 [55, 11, 54]
50 51 12.25 22.83 4 [39, 17, 1, 59]
83 87 12.53 24.99 2 [52, 41]
59 64 10.31 19.72 8 [40, 32, 49, 31, 22, 28, 33, 48]
60 95 17.95 25.31 6 [46, 16, 28, 6, 53, 12]
64 57 11.05 21.86 3 [12, 32, 52]
83 89 18.08 22.33 7 [49, 24, 25, 34, 1, 36, 33]
74 88 11.88 12.29 6 [44, 36, 5, 26, 43, 8]
47 64 48.71 79.55 2 [49, 37]
89 70 10.41 15.78 3 [37, 40, 50]
54 84 51.85 67.97 5 [9, 0, 21, 56, 41]
46 90 20.87 23.75 4 [4, 37, 23, 44]
59 73 50.8 84.37 10 [44, 13, 24, 50, 10, 30, 22, 41, 19, 35]
63 46 80.7 137.44 8 [41, 6, 55, 20, 19, 58, 14, 15]
87 70 10.96 14.58 9 [25, 42, 17, 27, 24, 58, 31, 47, 54]
81 96 14.78 24.83 2 [36, 53]
87 77 11.36 12.33 5 [11, 12, 57, 0, 33]
76 70 11.21 14.77 8 [0, 27, 1, 19, 14, 52, 38, 21]
78 90 16.46 24.85 4 [35, 43, 24, 41]
68 62 11.71 12.16 7 [36, 31, 51, 22, 42, 34, 26]
59 68 13.98 14.18 2 [1, 36]
64 98 21.31 29.07 7 [59, 6, 49, 20, 45, 41, 34]