0 6
1 6
2 6
3 6
4 4
5 6
6 6
7 6
8 6
9 6
10 6
11 6
12 6
13 6
14 6
15 6
16 6
17 8
18 6
19 6
20 6
21 6
22 6
23 6
24 6
25 6
26 4
27 6
28 6
29 6
30 6
31 6
32 6
33 6
34 6
35 6
36 6
37 6
38 6
39 6
40 6
41 0
42 6
43 6
44 6
45 6
46 6
47 8
48 8
49 6
50 34
51 6
52 20
53 6
54 6
55 8
56 6
57 6
58 8
59 6
60 6
61 6
62 12
63 6
64 8
65 8
66 12
67 8
68 4
69 10
70 8
71 6
72 16
73 8
74 12
75 6
76 6
77 8
78 26
79 6
80 8
81 6
82 4
83 6
84 6
85 20
86 6
87 12
88 12
89 14
90 12
91 12
92 8
93 6
94 8
95 6
96 6
97 10
98 8
99 6
