0 16
1 32
2 28
3 22
4 24
5 50
6 20
7 16
8 42
9 38
10 26
11 34
12 12
13 30
14 28
15 12
16 16
17 18
18 36
19 18
20 30
21 64
22 44
23 36
24 38
25 38
26 46
27 46
28 56
29 28
30 20
31 20
32 28
33 52
34 52
35 30
36 22
37 24
38 40
39 10
40 28
41 24
42 32
43 46
44 12
45 52
46 22
47 58
48 54
49 30
50 58
51 46
52 32
53 18
54 32
55 34
56 12
57 36
58 12
59 12
60 32
61 52
62 52
63 52
64 52
65 32
66 48
67 16
68 12
69 34
70 46
71 30
72 52
73 28
74 44
75 38
76 22
77 16
78 46
79 48
80 60
81 46
82 16
83 30
84 48
85 48
86 44
87 22
88 34
89 28
90 16
91 16
92 48
93 24
94 50
95 44
96 48
97 44
98 38
99 40
