0 8
1 18
2 14
3 10
4 10
5 26
6 8
7 6
8 28
9 18
10 14
11 12
12 6
13 12
14 10
15 6
16 6
17 6
18 18
19 6
20 12
21 26
22 18
23 12
24 14
25 14
26 16
27 22
28 22
29 10
30 8
31 8
32 12
33 22
34 22
35 12
36 8
37 8
38 18
39 6
40 10
41 6
42 12
43 18
44 6
45 24
46 8
47 26
48 22
49 10
51 24
52 12
53 6
54 12
55 12
56 6
57 10
58 6
59 6
60 14
61 26
62 26
63 26
64 26
65 12
66 26
67 6
68 4
69 12
70 20
71 10
72 22
73 10
74 18
75 14
76 8
77 6
78 18
79 20
80 26
81 18
82 4
83 12
84 20
85 20
86 18
87 10
88 16
89 16
90 6
91 6
92 30
93 8
94 24
95 24
96 22
97 18
98 20
99 18
