0
0
0
0
0
0
0
0
0
0
0
0
0
0
0
0
0
0
0.00039633221446955095
0.00039633221446955095
0.00039633221446955095
0.0022034772302926765
0.004397725740205974
0.004397725740205974
0.004397725740205974
0.004397725740205974
0.0062568177248889705
0.0062568177248889705
0.007834829349538781
0.007834829349538781
0.009377542518514095
0.009377542518514095
0.009566520085722107
0.009566520085722107
0.009566520085722107
0.010907919971120252
0.011309268513325676
0.011896176294641533
0.019003744863022014
0.019003744863022014
0.019812600147483917
0.019812600147483917
0.02098257238749573
0.02320101365595531
0.02320101365595531
0.027289457621842254
0.02856344135914952
0.029303067682601817
0.029303067682601817
0.029303067682601817
0.031708243702971685
0.031708243702971685
0.03232409544024647
0.03232409544024647
0.03232409544024647
0.0327342756710897
0.0327342756710897
0.03456518099112583
0.03456518099112583
0.03482873802655631
0.03546965839881067
0.03546965839881067
0.036393158381266826
0.037859045878975026
0.03845751686716763
0.03845751686716763
0.039983011681478296
0.0412784834613838
0.04157502432803332
0.042404802132789764
0.0446686767681517
0.05324608494785627
0.05324608494785627
0.05324608494785627
0.05324608494785627
0.0558021440717059
0.0558021440717059
0.0558021440717059
0.0558021440717059
0.061056892746941836
0.061056892746941836
0.061056892746941836
0.06161125976062201
0.06161125976062201
0.06222959400862907
0.06405186081607066
0.06959087976160308
0.07096030270483639
0.07563199329163271
0.07648765312121854
0.07707216282939765
0.07707216282939765
0.07707216282939765
0.07707216282939765
0.07899063624145918
0.08057543995157547
0.08204793090061946
0.08241717502071554
0.082825381066422
0.08454235311886203
