0
0
0
0
0
0
0
0
0
0
0
0.00021578917891393803
0.00021578917891393803
0.00021578917891393803
0.00021578917891393803
0.00021578917891393803
0.00021578917891393803
0.00021578917891393803
0.00021578917891393803
0.00021578917891393803
0.00021578917891393803
0.0012127857522594365
0.0012127857522594365
0.0012127857522594365
0.0012127857522594365
0.0012127857522594365
0.0012127857522594365
0.0016605134948330215
0.0016605134948330215
0.0023810791751186504
0.0031014540203153063
0.0031014540203153063
0.0031014540203153063
0.0038591246652794377
0.0038591246652794377
0.0038591246652794377
0.0038591246652794377
0.0038591246652794377
0.00430515370560133
0.00430515370560133
0.00430515370560133
0.00516312481930563
0.00516312481930563
0.005193076297910291
0.005193076297910291
0.005193076297910291
0.009169580453759105
0.009951491813159378
0.010423937987139397
0.010898001579884619
0.010898001579884619
0.011527463199799345
0.012228369686391929
0.012228369686391929
0.013149421113933656
0.013149421113933656
0.013149421113933656
0.013149421113933656
0.013149421113933656
0.013519914532228235
0.016386327158043345
0.01810186884807842
0.01810186884807842
0.01810186884807842
0.019198556199588327
0.019198556199588327
0.021343759556727408
0.02253977900923561
0.023568365038497734
0.025853719681215998
0.028194335762512877
0.028194335762512877
0.028194335762512877
0.028194335762512877
0.029883594278348618
0.03250683312986363
0.035347751485600806
0.040825107345788356
0.04301636169859689
0.04301636169859689
0.04465217431725682
0.046530925902438326
0.047948400493825906
0.04967498867331752
0.05060406310973415
0.05213265682396985
0.05213265682396985
0.054240129567791416
0.054240129567791416
0.054240129567791416
0.054970925205189126
0.05643473889431229
0.057847927331251915
0.0584808652714351
0.06109352410037352
0.06462483950655107
0.066501982933529
0.066501982933529
0.06719934624267626
0.06997694129779
