0
0
0
0
0.001603539966711322
0.001603539966711322
0.001603539966711322
0.00455949355042765
0.00455949355042765
0.00455949355042765
0.00455949355042765
0.00455949355042765
0.00455949355042765
0.00455949355042765
0.00455949355042765
0.00455949355042765
0.00455949355042765
0.00455949355042765
0.00455949355042765
0.00455949355042765
0.006296999583201639
0.011424540805645889
0.012630456920947549
0.015332619341592215
0.015332619341592215
0.015332619341592215
0.020308962515482684
0.020308962515482684
0.020308962515482684
0.025810160914078995
0.028241427171555273
0.028241427171555273
0.03222421686863069
0.03222421686863069
0.033577840480934755
0.033577840480934755
0.033577840480934755
0.03611958539385016
0.041612487735595435
0.041612487735595435
0.041612487735595435
0.041612487735595435
0.041612487735595435
0.04203556855887821
0.04203556855887821
0.04387359228054347
0.04764745114655494
0.04764745114655494
0.050973562576950855
0.050973562576950855
0.05335650821195991
0.054319897921712094
0.054319897921712094
0.05465842592909031
0.05465842592909031
0.05503495362447769
0.05503495362447769
0.0572232178761121
0.05935192639841994
0.05955277068928057
0.061703353731510174
0.063831697478839
0.06725634570864499
0.07092678972546489
0.07229554380536032
0.07560953021479866
0.07560953021479866
0.07645284628687624
0.07682484984359317
0.07682484984359317
0.07860690087499458
0.08482921298390275
0.08482921298390275
0.08482921298390275
0.08482921298390275
0.08482921298390275
0.08786626445134862
0.09110051758630257
0.09248019434774703
0.09939101069849776
0.09939101069849776
0.10075433249300624
0.10075433249300624
0.10261778512730196
0.10354787588170065
0.10545907022217521
0.11033394435955579
0.11210715972941286
0.11210715972941286
0.11365423347930259
0.11699937518872768
0.11778596800175103
0.11778596800175103
0.11778596800175103
0.11977863972931502
0.11977863972931502
0.11977863972931502
0.12030473983552648
0.12054390542507804
0.12525210511430582
