0 91 88 4.52 [7768, 8502, 8420] [91, 90, 88]
1 51 65 1.68 [4277, 3959, 3988, 4017, 4190, 4334, 4436] [51, 52, 53, 45, 64, 63, 65]
2 73 71 2.27 [2400, 2450, 2268, 2557, 2499, 2648] [73, 72, 74, 70, 69, 71]
3 98 76 1.83 [2907, 3014, 2950, 2939] [98, 96, 75, 76]
4 57 61 2.14 [5470, 6036, 5411, 6388, 5294] [57, 58, 59, 60, 61]
5 62 90 4.37 [2421, 2319, 2294, 2727, 2642, 2625, 2455, 2438, 2362, 2667] [62, 61, 60, 54, 55, 56, 59, 91, 92, 90]
6 86 66 2.79 [5043, 4752, 4399] [86, 84, 66]
7 80 98 1.66 [3507, 3105] [80, 98]
8 94 82 1.9 [3027, 3360, 3127, 3293, 3116, 3604, 3581, 3049, 3072, 3548] [94, 93, 95, 97, 96, 92, 98, 83, 81, 82]
9 63 45 4.2 [9022, 9143, 9596, 9867, 9535, 8238, 9746] [63, 64, 65, 67, 47, 46, 45]
10 87 55 2.83 [2016, 2046, 2285, 2367, 2061, 2054] [87, 89, 88, 54, 56, 55]
11 66 61 4.83 [5302, 4623, 5438, 4606, 4793] [66, 68, 67, 62, 61]
12 59 77 1.05 [4170] [59]
13 87 92 1.55 [4282, 3663, 3900, 3781, 3636] [87, 89, 88, 91, 92]
14 69 51 1.79 [2302, 2411, 2319, 2544] [69, 70, 52, 51]
15 69 53 2.8 [4839] [69]
16 57 97 2.63 [5456, 5373] [57, 97]
17 63 58 2.2 [2718, 2890] [63, 58]
18 48 69 4.89 [3293, 3334, 3048, 3273, 2814, 2793, 3120] [48, 49, 50, 53, 70, 71, 69]
19 75 58 3.93 [2214, 2140] [75, 58]
20 80 84 1.72 [6425, 6759, 5758, 5633, 5674] [80, 78, 79, 85, 84]
21 58 92 4.8 [2265, 2528, 2668, 2413, 2635, 2372, 2454, 2248, 2643, 2561] [58, 57, 59, 56, 55, 54, 60, 91, 90, 92]
22 53 84 4.44 [3019, 2927, 2763, 3285, 3265, 3060, 2815] [53, 52, 51, 50, 85, 86, 84]
23 82 76 4.1 [2818, 3082, 2751, 2780, 2676] [82, 83, 81, 77, 76]
24 84 48 4.91 [2667, 3130, 2726, 2952, 2805, 2992] [84, 86, 85, 50, 49, 48]
25 54 63 1.03 [7573, 7858, 7236, 7028, 7366, 7703] [54, 56, 55, 65, 64, 63]
26 78 73 2.57 [2711, 2625, 2789, 2841, 2487, 2608, 2660] [78, 79, 80, 77, 72, 74, 73]
27 86 90 4.09 [4619, 4700, 5102, 4474, 4812, 5022, 5263, 4587] [86, 85, 84, 89, 81, 91, 92, 90]
28 76 53 4.62 [2766, 3074, 3143, 3113, 3133, 3103, 3212, 3014, 3153] [76, 75, 77, 74, 72, 73, 51, 52, 53]
29 52 92 1.16 [2595, 2612, 2506, 2692] [52, 51, 90, 92]
30 77 90 2.89 [3044, 2588, 2672] [77, 76, 90]
31 46 81 1.31 [5287, 5214, 5178] [46, 47, 81]
32 94 87 1.59 [2606, 2625, 2729, 2587, 2842] [94, 95, 93, 89, 87]
33 47 77 2.9 [2203, 2168, 1918, 2161, 1932, 2237, 2189, 2008, 2098] [47, 46, 45, 48, 49, 50, 76, 75, 77]
34 80 71 2.78 [2372, 2554, 2206, 2222, 2230, 2570, 2278, 2191, 2562] [80, 79, 78, 74, 73, 72, 69, 70, 71]
35 73 70 4.41 [3667, 3596, 3276, 3797, 3347] [73, 74, 72, 71, 70]
36 91 97 3.92 [13266, 12651, 13047, 14233] [91, 92, 96, 97]
37 75 51 1.98 [3069, 3079, 2948] [75, 76, 51]
38 97 63 2.35 [2158, 2228, 2336, 2514, 2444, 2150, 2529] [97, 98, 96, 94, 65, 64, 63]
39 49 56 3.02 [4200] [49]
40 62 71 1.36 [4356, 4568, 4624, 4426] [62, 60, 70, 71]
41 73 73 3.87 [3465, 3015, 3454] [73, 72, 74]
42 96 51 3.4 [3484, 3546, 3571, 3533, 3446] [96, 98, 97, 53, 51]
43 51 80 3.37 [5659, 6223, 5543, 5912, 6146, 5446, 5873] [51, 52, 53, 48, 78, 79, 80]
44 48 73 1.1 [2372] [48]
45 61 94 4.74 [2945, 3094, 3264, 3244, 3124, 2735, 3254, 2925, 2695] [61, 62, 60, 58, 57, 55, 93, 95, 94]
46 48 81 4.4 [6453, 7044, 6226] [48, 50, 81]
47 91 73 1.18 [3484, 3100, 3221, 3330, 3341, 3517, 3276, 3013, 3155, 3604] [91, 90, 92, 95, 94, 93, 98, 74, 72, 73]
48 74 89 4.11 [11338, 11456, 10866, 11732, 11102, 10984, 12165, 12204, 10905] [74, 72, 73, 75, 77, 76, 88, 87, 89]
49 92 47 1.75 [11081, 11200, 11357, 10647] [92, 90, 46, 47]
50 52 48 4.95 [17435, 18502, 17020, 18324, 17257, 18443, 18917, 18265, 18028, 16486] []
51 65 48 1.38 [2041, 2020, 1893, 2169, 1879, 1906, 2054, 2196, 1967] [65, 64, 63, 68, 69, 71, 50, 49, 48]
52 53 54 5.0 [15147, 13064, 13254, 14437, 15526] [53, 52, 51, 56, 54]
53 64 97 4.49 [3293, 3198] [64, 97]
54 84 54 4.8 [3733, 4039, 4116, 3453, 3644] [84, 86, 85, 55, 54]
55 90 46 2.28 [3580, 3421, 3671, 3409, 3649] [90, 91, 92, 45, 46]
56 64 48 1.14 [2060] [64]
57 64 71 3.5 [2472, 2894, 2795, 2930, 2670] [64, 65, 63, 69, 71]
58 90 49 2.58 [1951] [90]
59 92 45 4.27 [4232] [92]
60 65 91 2.73 [2229, 1993, 2324, 1986, 2302, 2037] [65, 63, 64, 92, 90, 91]
61 81 98 1.14 [5029, 5277, 5047, 5171, 5189, 5401, 4852, 5578, 5366, 4905] [81, 82, 83, 86, 85, 84, 89, 97, 96, 98]
62 90 49 4.3 [2565, 2780, 2574, 2591, 2342, 2798, 2763, 2823, 2772, 2737] [90, 91, 92, 95, 94, 93, 98, 48, 50, 49]
63 86 74 4.6 [2186, 2229, 2042, 2201, 2366, 2309, 2222, 2208, 2056, 2035] [86, 85, 84, 83, 82, 81, 87, 72, 73, 74]
64 60 63 4.7 [2238, 2196, 2189, 2134, 2072, 2266, 2009, 2065, 2085, 1871] [60, 62, 61, 59, 57, 58, 55, 64, 65, 63]
65 64 83 3.95 [2382, 2427, 2084, 2300, 2293] [64, 65, 63, 82, 83]
66 90 97 3.93 [10143, 9854, 11731, 11550, 11803, 10251, 10323, 11875, 10937] [90, 91, 95, 93, 94, 68, 96, 98, 97]
67 47 94 3.52 [3556, 3480] [47, 94]
68 75 74 4.97 [2646] [75]
69 60 63 4.12 [8227, 8430, 8689, 8574, 9007] [60, 62, 61, 65, 63]
70 49 58 1.87 [2454, 2651, 2553, 2380, 2290, 2700, 2561, 2495] [49, 50, 48, 45, 46, 57, 59, 58]
71 70 49 1.58 [2087, 2094, 2162, 2060] [70, 69, 50, 49]
72 48 75 1.01 [6270, 5703, 5955, 5808, 6542, 6710, 5682, 5829, 5745] [48, 49, 50, 45, 46, 47, 76, 77, 75]
73 59 69 3.2 [3741, 4068, 4134, 3990] [59, 58, 70, 69]
74 62 65 1.92 [2275, 2384, 2592, 2534, 2575, 2642, 2250] [62, 61, 60, 57, 63, 64, 65]
75 78 60 2.36 [6163, 5696, 5346, 6357, 6007, 5735] [78, 79, 80, 61, 62, 60]
76 75 56 1.3 [2410, 2464, 2809] [75, 77, 56]
77 59 52 1.1 [4395, 4304] [59, 52]
78 47 76 1.56 [2332, 2526, 2416, 2712, 2729, 2577, 2391] [47, 45, 46, 49, 75, 77, 76]
79 98 48 1.29 [2808, 2799, 2884, 2619, 2931, 3044, 2997, 2685] [98, 96, 97, 95, 93, 50, 49, 48]
80 81 98 3.95 [6093, 5512, 5609, 5338, 5880, 6267, 5242, 5454, 5222, 5841] [81, 83, 82, 86, 85, 84, 87, 97, 96, 98]
81 98 47 1.68 [2821, 2647, 2753, 2705, 2773, 2802, 2908] [98, 96, 95, 93, 46, 45, 47]
82 87 84 1.41 [7615, 8313] [87, 84]
83 82 74 1.89 [4189, 4841, 4825, 4391, 4561] [82, 83, 81, 73, 74]
84 98 80 1.37 [2205, 2444, 2242, 2407, 2310, 2257, 2213, 2115] [98, 96, 95, 94, 93, 78, 79, 80]
85 53 50 1.55 [4061, 3983, 4230, 4191, 3931, 3918, 3944, 4087] [52, 51, 45, 46, 47, 48, 49, 50]
86 79 48 2.0 [4113, 3886, 4623, 3900, 4382, 4538, 4155] [79, 78, 80, 72, 50, 49, 48]
87 53 58 4.9 [1876, 1910, 2166] [52, 57, 58]
88 53 61 3.23 [3359, 3826, 3898, 3587, 3371] [52, 49, 60, 62, 61]
89 53 47 4.65 [2424, 2432, 2351, 2611, 2562, 2627] [49, 48, 50, 46, 45, 47]
90 48 65 4.03 [3126, 3078] [48, 65]
91 46 89 4.82 [7364, 7198] [46, 89]
92 94 73 1.79 [4474, 4376, 4404, 4192, 4362, 3980, 4644, 4559, 4418, 3952] [94, 95, 93, 98, 90, 96, 91, 74, 72, 73]
93 67 47 3.25 [15134, 14063, 15328] [67, 66, 47]
94 67 90 4.49 [4408, 4548, 4656, 4223, 4764, 4176, 4192, 4826, 4872] [67, 68, 66, 71, 70, 69, 64, 63, 90]
95 89 75 4.15 [4456, 4623, 4745, 4319, 4486, 4182, 4791, 4867, 4593] [89, 88, 87, 83, 82, 86, 77, 76, 75]
96 75 65 1.83 [4708, 4278, 4479, 3962, 4235, 3948, 4421, 4507, 4680] [75, 76, 77, 79, 78, 80, 63, 64, 65]
97 95 82 4.02 [4101, 3879, 4407, 4018, 3865, 4254, 4268] [95, 94, 93, 98, 81, 83, 82]
98 89 91 4.14 [8779, 8922, 8061, 8520, 8406, 8348] [89, 88, 87, 85, 83, 82]
99 97 88 1.86 [2473, 2411, 2893, 2571, 2687, 2482] [98, 96, 95, 87, 89, 88]
