0 91 88 1.88 [8203, 8294, 8284] [46, 45, 47]
1 51 65 1.17 [4381, 4342, 4345, 4349, 4371, 4389, 4401] [54, 49, 50, 51, 52, 53, 48]
2 73 71 1.32 [2496, 2502, 2480, 2516, 2509, 2527] [60, 56, 57, 58, 59, 55]
3 98 76 1.21 [3209, 3223, 3215, 3213] [62, 61, 63, 64]
4 57 61 1.29 [5885, 5956, 5878, 6000, 5863] [68, 66, 67, 65, 69]
5 62 90 1.85 [2564, 2552, 2548, 2603, 2592, 2590, 2569, 2567, 2557, 2595] [73, 71, 72, 70, 74, 75, 76, 77, 78, 79]
6 86 66 1.45 [4712, 4675, 4631] [80, 81, 82]
7 80 98 1.17 [3412, 3362] [83, 84]
8 94 82 1.23 [3331, 3372, 3343, 3364, 3342, 3403, 3400, 3333, 3336, 3396] [90, 86, 87, 88, 89, 85, 91, 92, 93, 94]
9 63 45 1.8 [9162, 9177, 9234, 9267, 9226, 9064, 9252] [57, 55, 96, 97, 98, 56, 95]
10 87 55 1.46 [2240, 2244, 2274, 2284, 2246, 2245] [49, 58, 59, 60, 61, 62]
11 66 61 1.96 [5188, 5103, 5205, 5101, 5124] [70, 48, 71, 50, 63]
12 59 77 1.02 [3896] [84]
13 87 92 1.14 [4043, 3966, 3995, 3980, 3962] [51, 52, 64, 83, 84]
14 69 51 1.2 [2509, 2522, 2511, 2539] [54, 64, 83, 84]
15 69 53 1.45 [5190] [72]
16 57 97 1.41 [5111, 5101] [87, 85]
17 63 58 1.3 [3020, 3042] [86, 90]
18 48 69 1.97 [3126, 3131, 3095, 3123, 3066, 3064, 3104] [74, 73, 75, 76, 53, 77, 78]
19 75 58 1.74 [2068, 2059] [92, 88]
20 80 84 1.18 [6358, 6399, 6274, 6258, 6264] [89, 93, 58, 59, 60]
21 58 92 1.95 [2476, 2509, 2526, 2494, 2522, 2489, 2499, 2474, 2523, 2513] [61, 82, 91, 88, 94, 62, 80, 65, 79, 81]
22 53 84 1.86 [3102, 3091, 3070, 3136, 3133, 3108, 3077] [66, 49, 54, 79, 92, 67, 68]
23 82 76 1.78 [2870, 2903, 2861, 2865, 2852] [69, 86, 52, 90, 51]
24 84 48 1.98 [2954, 3012, 2961, 2989, 2971, 2994] [61, 91, 72, 77, 80, 94]
25 54 63 1.01 [7852, 7887, 7810, 7784, 7826, 7868] [59, 64, 83, 60, 84, 89]
26 78 73 1.4 [2638, 2627, 2648, 2654, 2610, 2625, 2632] [58, 64, 83, 84, 59, 89, 93]
27 86 90 1.78 [4863, 4873, 4923, 4845, 4887, 4913, 4943, 4859] [81, 74, 75, 53, 76, 73, 78, 82]
28 76 53 1.91 [2986, 3024, 3033, 3029, 3032, 3028, 3041, 3017, 3034] [49, 92, 79, 65, 87, 85, 88, 69, 62]
29 52 92 1.04 [2682, 2684, 2671, 2694] [58, 64, 83, 93]
30 77 90 1.48 [2859, 2802, 2812] [58, 60, 93]
31 46 81 1.08 [5498, 5489, 5485] [64, 83, 84]
32 94 87 1.15 [2840, 2842, 2855, 2837, 2869] [59, 64, 83, 84, 89]
33 47 77 1.48 [2125, 2121, 2090, 2120, 2091, 2130, 2124, 2101, 2112] [58, 59, 90, 64, 83, 84, 89, 93, 60]
34 80 71 1.45 [2402, 2425, 2381, 2383, 2384, 2427, 2390, 2379, 2426] [58, 59, 86, 64, 83, 84, 89, 93, 60]
35 73 70 1.86 [3608, 3599, 3559, 3624, 3568] [67, 66, 54, 77, 68]
36 91 97 1.73 [13354, 13277, 13327, 13475] [45, 46, 47, 71]
37 75 51 1.25 [3063, 3064, 3047] [59, 89, 64]
38 97 63 1.34 [2329, 2338, 2351, 2374, 2365, 2328, 2376] [58, 59, 64, 83, 84, 89, 93]
39 49 56 1.51 [4562] [52]
40 62 71 1.09 [4310, 4336, 4343, 4319] [93, 83, 89, 59]
41 73 73 1.72 [3290, 3233, 3288] [51, 86, 90]
42 96 51 1.6 [3748, 3756, 3759, 3754, 3743] [51, 52, 86, 90, 58]
43 51 80 1.6 [5886, 5956, 5871, 5917, 5946, 5859, 5912] [61, 91, 62, 80, 94, 65, 72]
44 48 73 1.03 [2228] [84]
45 61 94 1.94 [3026, 3044, 3066, 3063, 3048, 2999, 3064, 3023, 2994] [49, 69, 79, 85, 87, 51, 88, 92, 90]
46 48 81 1.85 [6856, 6930, 6828] [63, 70, 50]
47 91 73 1.05 [3352, 3304, 3319, 3333, 3334, 3356, 3326, 3293, 3311, 3367] [52, 59, 60, 64, 83, 84, 86, 58, 89, 93]
48 74 89 1.78 [11899, 11914, 11840, 11948, 11870, 11855, 12002, 12007, 11845] [48, 95, 73, 96, 76, 74, 97, 98, 75]
49 92 47 1.19 [11885, 11900, 11919, 11830] [52, 60, 86, 92]
50 52 48 1.99 [17968, 18102, 17917, 18080, 17946, 18094, 18154, 18072, 18043, 17850] [53, 55, 67, 57, 66, 78, 56, 81, 82, 68]
51 65 48 1.1 [2048, 2046, 2030, 2064, 2028, 2031, 2050, 2068, 2039] [59, 64, 69, 83, 84, 87, 88, 89, 93]
52 53 54 2.0 [14496, 14236, 14260, 14408, 14544] [54, 63, 70, 79, 77]
53 64 97 1.88 [3554, 3542] [85, 49]
54 84 54 1.95 [3859, 3897, 3907, 3824, 3848] [88, 91, 94, 61, 80]
55 90 46 1.32 [3483, 3463, 3495, 3462, 3492] [59, 64, 89, 84, 93]
56 64 48 1.04 [2074] [83]
57 64 71 1.63 [2702, 2755, 2743, 2759, 2727] [87, 59, 89, 93, 58]
58 90 49 1.4 [2060] [83]
59 92 45 1.82 [4028] [69]
60 65 91 1.43 [2237, 2207, 2249, 2206, 2246, 2213] [64, 58, 83, 84, 89, 93]
61 81 98 1.04 [5343, 5374, 5346, 5361, 5363, 5390, 5321, 5412, 5386, 5328] [51, 52, 64, 83, 84, 86, 59, 87, 90, 93]
62 90 49 1.83 [2613, 2640, 2614, 2616, 2585, 2642, 2637, 2645, 2638, 2634] [49, 51, 58, 60, 52, 85, 86, 87, 90, 92]
63 86 74 1.9 [2194, 2200, 2176, 2196, 2217, 2210, 2199, 2197, 2178, 2175] [49, 51, 58, 85, 86, 87, 90, 92, 93, 89]
64 60 63 1.93 [2124, 2119, 2118, 2111, 2104, 2128, 2096, 2103, 2105, 2078] [49, 51, 52, 58, 60, 85, 87, 90, 93, 92]
65 64 83 1.74 [2286, 2292, 2249, 2276, 2275] [58, 59, 69, 84, 64]
66 90 97 1.74 [10878, 10842, 11077, 11054, 11086, 10892, 10901, 11095, 10977] [91, 61, 62, 65, 72, 80, 88, 50, 94]
67 47 94 1.63 [3801, 3792] [87, 85]
68 75 74 2.0 [2703] [49]
69 60 63 1.78 [8715, 8740, 8772, 8758, 8812] [51, 92, 85, 49, 69]
70 49 58 1.22 [2492, 2517, 2505, 2483, 2472, 2523, 2506, 2497] [52, 59, 60, 83, 89, 90, 93, 86]
71 70 49 1.15 [2077, 2078, 2087, 2074] [84, 64, 83, 58]
72 48 75 1.01 [6367, 6296, 6327, 6309, 6401, 6422, 6293, 6311, 6301] [52, 89, 60, 83, 86, 87, 90, 93, 58]
73 59 69 1.55 [3951, 3992, 4000, 3982] [52, 86, 87, 90]
74 62 65 1.23 [2504, 2517, 2543, 2536, 2541, 2549, 2500] [93, 59, 60, 64, 83, 84, 58]
75 78 60 1.34 [5947, 5888, 5845, 5971, 5927, 5893] [58, 60, 86, 87, 90, 89]
76 75 56 1.08 [2661, 2667, 2711] [64, 83, 59]
77 59 52 1.03 [4570, 4559] [83, 84]
78 47 76 1.14 [2541, 2565, 2551, 2588, 2590, 2571, 2548] [83, 59, 64, 84, 90, 93, 52]
79 98 48 1.08 [2868, 2867, 2878, 2845, 2884, 2898, 2892, 2853] [52, 59, 60, 84, 87, 90, 93, 64]
80 81 98 1.74 [5911, 5839, 5851, 5817, 5885, 5933, 5805, 5832, 5802, 5880] [49, 50, 62, 65, 69, 72, 91, 87, 90, 85]
81 98 47 1.17 [2934, 2912, 2925, 2919, 2928, 2932, 2945] [52, 93, 59, 64, 86, 89, 58]
82 87 84 1.11 [8091, 8179] [86, 60]
83 82 74 1.23 [4654, 4736, 4734, 4680, 4701] [84, 58, 59, 89, 52]
84 98 80 1.1 [2266, 2296, 2271, 2291, 2279, 2272, 2267, 2255] [52, 58, 59, 64, 83, 89, 93, 84]
85 53 50 1.14 [3962, 3953, 3983, 3978, 3946, 3944, 3948, 3965] [89, 58, 60, 64, 83, 86, 93, 52]
86 79 48 1.25 [4290, 4262, 4354, 4263, 4324, 4343, 4295] [94, 64, 69, 84, 87, 93, 59]
87 53 58 1.98 [2077, 2082, 2114] [60, 58, 52]
88 53 61 1.56 [3613, 3672, 3681, 3642, 3615] [48, 61, 80, 88, 95]
89 53 47 1.92 [2462, 2463, 2453, 2485, 2479, 2487] [51, 86, 92, 96, 97, 98]
90 48 65 1.76 [2944, 2938] [73, 75]
91 46 89 1.96 [7245, 7224] [74, 76]
92 94 73 1.2 [4317, 4305, 4309, 4282, 4303, 4256, 4339, 4328, 4310, 4252] [46, 48, 49, 47, 69, 85, 95, 96, 97, 98]
93 67 47 1.57 [14848, 14714, 14872] [45, 73, 71]
94 67 90 1.88 [4669, 4687, 4700, 4646, 4714, 4640, 4642, 4722, 4727] [65, 61, 62, 72, 75, 80, 88, 94, 50]
95 89 75 1.79 [4606, 4627, 4642, 4589, 4610, 4572, 4648, 4658, 4623] [46, 51, 90, 47, 91, 92, 96, 97, 98]
96 75 65 1.21 [4411, 4357, 4382, 4317, 4351, 4315, 4375, 4385, 4407] [48, 50, 52, 69, 74, 75, 76, 87, 95]
97 95 82 1.76 [4214, 4186, 4252, 4204, 4184, 4233, 4235] [49, 62, 72, 80, 85, 88, 94]
98 89 91 1.79 [8736, 8754, 8646, 8703, 8689, 8682] [46, 61, 98, 91, 96, 65]
99 97 88 1.22 [2686, 2678, 2739, 2699, 2713, 2687] [86, 60, 83, 89, 93, 58]
