91 88 40.74 184.12 3 [16, 43, 40]
51 65 21.67 36.36 7 [26, 4, 6, 8, 20, 30, 37]
73 71 12.37 28.05 6 [21, 27, 5, 40, 33, 51]
98 76 16.03 29.26 4 [2, 12, 6, 5]
57 61 29.3 62.51 5 [10, 39, 7, 57, 1]
62 90 12.74 55.61 10 [15, 3, 0, 51, 41, 39, 19, 17, 8, 44]
86 66 22.99 64.13 3 [59, 40, 17]
80 98 16.75 27.78 2 [44, 8]
94 82 16.63 31.53 10 [3, 33, 12, 27, 11, 55, 53, 5, 7, 50]
63 45 45.26 189.8 7 [29, 33, 48, 57, 46, 3, 53]
87 55 11.2 31.61 6 [0, 4, 36, 47, 6, 5]
66 61 25.49 122.97 5 [42, 2, 50, 1, 12]
59 77 19.01 19.93 1 [59]
87 92 19.76 30.44 5 [55, 8, 26, 17, 6]
69 51 12.51 22.39 4 [6, 19, 8, 35]
69 53 25.83 72.18 1 [11]
57 97 24.95 65.37 2 [58, 53]
63 58 15.1 33.11 2 [0, 17]
48 69 15.29 74.62 7 [53, 57, 29, 51, 6, 4, 36]
75 58 10.09 39.62 2 [59, 48]
80 84 31.29 53.68 5 [38, 54, 6, 0, 2]
58 92 12.35 59.22 10 [5, 37, 54, 23, 50, 18, 28, 3, 51, 41]
53 84 15.35 68.04 7 [25, 16, 0, 51, 49, 29, 5]
82 76 14.18 58.12 5 [28, 56, 21, 24, 13]
84 48 14.76 72.46 6 [1, 48, 7, 30, 15, 34]
54 63 38.9 39.94 6 [22, 33, 9, 1, 14, 27]
78 73 12.95 33.2 7 [44, 34, 53, 59, 18, 32, 38]
86 90 24.14 98.62 8 [17, 22, 47, 8, 29, 42, 57, 15]
76 53 14.87 68.67 9 [9, 40, 47, 44, 46, 43, 54, 34, 48]
52 92 13.28 15.35 4 [23, 25, 13, 34]
77 90 13.96 40.25 3 [57, 8, 17]
46 81 27.25 35.62 3 [21, 17, 15]
94 87 14.16 22.43 5 [6, 8, 19, 4, 31]
47 77 10.42 30.12 9 [47, 42, 6, 41, 8, 52, 45, 19, 32]
80 71 11.86 32.88 9 [30, 53, 9, 11, 12, 55, 18, 7, 54]
73 70 17.74 78.17 5 [40, 34, 7, 51, 13]
91 97 65.89 257.65 4 [32, 18, 27, 54]
75 51 15.09 29.87 3 [35, 36, 23]
97 63 11.6 27.16 7 [9, 18, 32, 55, 46, 8, 57]
49 56 22.74 68.6 1 [7]
62 71 21.21 28.81 4 [38, 53, 57, 43]
73 73 16.09 62.2 3 [53, 11, 52]
96 51 18.66 63.32 5 [10, 15, 17, 14, 7]
51 80 29.17 98.29 7 [21, 50, 15, 34, 46, 10, 32]
48 73 10.88 11.95 1 [57]
61 94 14.97 70.88 9 [25, 40, 57, 55, 43, 4, 56, 23, 0]
48 81 34.08 149.83 3 [14, 40, 4]
91 73 16.43 19.23 10 [48, 13, 24, 34, 35, 51, 29, 5, 18, 59]
74 89 59.05 242.68 9 [18, 21, 6, 28, 12, 9, 39, 40, 7]
92 47 59.15 103.41 4 [11, 14, 18, 0]
52 48 88.95 440.04 10 [24, 42, 17, 39, 21, 41, 49, 38, 34, 8]
65 48 10.1 13.85 9 [33, 30, 11, 52, 9, 13, 35, 56, 22]
53 54 71.0 354.57 5 [50, 6, 10, 35, 58]
64 97 17.7 79.42 2 [9, 1]
84 54 19.11 91.58 5 [23, 47, 53, 1, 16]
90 46 17.1 38.9 5 [44, 30, 52, 29, 50]
64 48 10.23 11.6 1 [32]
64 71 13.48 47.15 5 [5, 52, 41, 56, 27]
90 49 10.23 26.34 1 [16]
92 45 19.71 84.09 1 [52]
65 91 11.03 30.01 6 [33, 1, 46, 0, 43, 7]
81 98 26.56 30.23 10 [14, 28, 15, 22, 23, 35, 4, 45, 33, 7]
90 49 12.91 55.51 10 [28, 53, 29, 31, 2, 55, 51, 58, 52, 48]
86 74 10.82 49.75 10 [33, 39, 13, 35, 58, 50, 38, 36, 15, 12]
60 63 10.39 48.78 10 [53, 47, 46, 38, 29, 57, 20, 28, 31, 0]
64 83 11.2 44.24 5 [49, 55, 9, 38, 37]
90 97 54.14 212.57 9 [11, 3, 55, 50, 57, 14, 16, 59, 33]
47 94 18.91 66.55 2 [12, 6]
75 74 13.36 66.36 1 [27]
60 63 43.3 178.36 5 [15, 22, 31, 27, 42]
49 58 12.31 23.0 8 [29, 53, 41, 20, 9, 59, 42, 34]
70 49 10.23 16.13 4 [36, 37, 47, 32]
48 75 31.45 31.75 9 [29, 2, 14, 7, 42, 50, 1, 8, 4]
59 69 19.62 62.71 4 [16, 41, 46, 35]
62 65 12.5 23.88 7 [3, 16, 41, 34, 39, 47, 0]
78 60 29.16 68.71 6 [47, 23, 5, 57, 39, 25]
75 56 13.29 17.24 3 [2, 8, 47]
59 52 22.65 24.79 2 [21, 15]
47 76 12.67 19.64 7 [6, 29, 16, 51, 53, 35, 13]
98 48 14.18 18.19 8 [27, 26, 35, 7, 40, 52, 47, 14]
81 98 29.01 114.55 10 [45, 15, 20, 6, 34, 54, 1, 12, 0, 32]
98 47 14.54 24.31 7 [21, 3, 14, 9, 16, 19, 30]
87 84 40.22 56.68 2 [14, 40]
82 74 23.27 43.93 5 [0, 42, 41, 13, 24]
98 80 11.21 15.26 8 [25, 57, 30, 52, 39, 32, 26, 13]
53 50 19.46 30.07 8 [43, 37, 56, 53, 33, 32, 34, 45]
79 48 21.27 42.51 7 [20, 4, 56, 5, 39, 50, 23]
53 58 10.38 50.79 3 [1, 6, 43]
53 61 17.99 58.0 5 [10, 49, 55, 29, 11]
53 47 12.16 56.52 6 [29, 30, 20, 52, 46, 54]
48 65 14.38 57.9 2 [56, 51]
46 89 35.63 171.54 2 [40, 33]
94 73 21.17 37.88 10 [47, 40, 42, 27, 39, 12, 59, 53, 43, 10]
67 47 72.99 236.82 3 [41, 19, 45]
67 90 23.2 104.07 9 [15, 24, 31, 3, 38, 0, 1, 42, 45]
89 75 22.81 94.57 9 [23, 34, 42, 14, 25, 5, 45, 50, 32]
75 65 21.53 39.21 9 [58, 28, 42, 6, 25, 5, 38, 44, 56]
95 82 20.85 83.61 7 [25, 9, 47, 19, 8, 36, 37]
89 91 43.03 177.86 6 [36, 41, 11, 27, 23, 21]
97 88 13.39 24.82 6 [7, 0, 54, 18, 31, 8]