0 472 196 3.32 [3317, 3573, 3340, 3184] [180, 182, 181, 183]
1 514 595 3.09 [2141, 2227, 2477, 2290, 2126, 2313] [186, 185, 184, 187, 182, 181]
2 251 488 2.69 [2971, 2792, 3110, 2871, 3100] [185, 186, 188, 187, 189]
3 365 248 4.45 [3461, 3589, 3415, 3159] [190, 183, 191, 181]
4 478 182 1.78 [2589, 2495, 2716, 2784, 2427] [195, 193, 194, 192, 196]
5 340 521 2.75 [4276, 4221] [197, 198]
6 346 436 1.9 [2218, 2117, 2552, 2342, 2249, 2506, 2397] [192, 193, 199, 194, 195, 200, 196]
7 516 216 4.43 [3920, 4080, 3907] [180, 201, 184]
8 487 256 4.11 [2216, 2082] [202, 185]
9 593 277 2.66 [3498, 3207, 3118, 3453] [203, 186, 187, 204]
10 447 271 2.07 [11518, 12834, 12793, 13245, 11559] [181, 180, 205, 184, 183]
11 578 270 2.39 [3433, 3264, 3675, 3808, 3288, 3518, 3506] [192, 193, 199, 206, 194, 195, 196]
12 304 220 2.62 [2584, 2883, 2856] [200, 207, 208]
13 433 524 3.95 [15470, 15316, 15725, 15368, 13989] [209, 210, 184, 211, 182]
14 265 430 4.6 [5473, 5620, 5676] [188, 213, 212]
15 358 455 3.81 [3104, 2875, 3083, 3364, 2833, 2812, 3426, 3166, 2854] [185, 186, 187, 214, 189, 180, 181, 182, 192]
16 205 359 1.44 [2354, 2340, 2194, 2026, 2179, 2165, 2325, 2201] [215, 216, 217, 218, 219, 220, 221, 222]
17 408 355 4.6 [6430, 6300, 6733, 6559, 7057, 6040, 6862, 6170] [188, 185, 190, 189, 223, 181, 202, 187]
18 345 496 1.79 [2104, 2221, 2131, 2062, 1863, 2207, 1904, 1980, 2042, 1959] [215, 224, 216, 217, 218, 225, 219, 220, 221, 222]
19 547 328 1.19 [15649, 13539, 15796, 14128, 13735, 15305, 14716, 13686, 14373] [227, 215, 226, 216, 217, 224, 218, 219, 220]
20 484 385 1.77 [18524, 18128, 20238, 18590, 19579, 18656] [191, 193, 228, 197, 207, 198]
21 229 530 2.86 [15358, 14435, 14483, 15164, 15407, 14824, 13754, 13949, 14969] [231, 199, 200, 230, 229, 203, 190, 194, 225]
22 366 239 3.51 [4857, 5054, 4841, 5315] [195, 204, 196, 232]
23 375 595 1.29 [5590, 4789, 5608, 4754, 5085, 4981, 5103] [234, 222, 233, 235, 236, 237, 238]
24 413 397 3.52 [7278, 7643, 7010, 7351, 7327] [201, 239, 206, 208, 214]
25 439 314 3.56 [3375, 3066, 3204, 3183, 3461, 3493] [242, 221, 233, 234, 241, 240]
26 480 425 3.16 [2318, 2282, 2130, 2311, 2022, 2224] [243, 244, 235, 245, 222, 246]
27 392 548 3.39 [3845, 4356, 4115, 4413, 3888] [186, 248, 236, 247, 192]
28 559 383 2.13 [4475, 4396, 4538] [250, 243, 249]
29 228 464 4.75 [8450, 8754, 7567, 8174] [240, 251, 189, 212]
30 278 471 2.76 [3907, 4252, 4065, 4195, 4670, 4411, 4714, 4368, 4627, 4685] [222, 235, 237, 238, 253, 244, 252, 243, 254, 255]
31 571 574 1.2 [2609, 2599, 2924, 2800, 3105, 2819, 2771, 2943, 2962, 2675] [260, 257, 258, 259, 256, 261, 262, 263, 264, 265]
32 575 260 4.16 [2091, 2024, 2360, 2270, 2255, 2397] [245, 246, 267, 249, 250, 266]
33 358 225 3.32 [2885, 2949, 3435, 3149, 3329, 3170] [226, 237, 268, 245, 257, 246]
34 492 411 4.95 [6245, 6887, 6352] [202, 269, 213]
35 601 602 3.24 [2874, 2757, 2698, 2903, 3040, 2727, 2659, 2747] [256, 258, 259, 260, 270, 261, 262, 263]
36 507 504 2.72 [2463, 2374, 2205, 2487, 2640, 2261] [264, 265, 227, 272, 271, 273]
37 339 294 1.71 [2046, 2255, 1962, 2018, 2262, 1899, 2060, 2150, 2220, 2074] [278, 275, 276, 277, 274, 279, 280, 281, 282, 283]
38 219 356 2.97 [7185, 7818, 7745] [221, 284, 285]
39 419 577 1.15 [2940, 3016, 2834] [287, 286, 288]
40 258 442 3.79 [5002, 5459] [232, 289]
41 240 300 3.89 [2335, 2128, 2246, 2298, 2394] [273, 256, 258, 271, 290]
42 230 356 3.09 [10487, 9704, 10351, 9806, 9193, 10623, 9534, 10657] [293, 204, 266, 239, 195, 292, 208, 291]
43 377 535 3.05 [2332, 2585, 2763, 2492, 2594, 2391, 2433, 2467] [264, 265, 294, 272, 274, 275, 276, 277]
44 215 276 3.24 [4428] [295]
45 384 595 3.62 [1997, 2216, 1928, 2168, 1873, 2004, 1990] [264, 296, 265, 278, 272, 274, 275]
46 500 423 1.83 [2546, 2230, 2254, 2586, 2325] [298, 279, 280, 297, 281]
47 494 459 2.68 [4711, 4015, 4119, 4000, 4104, 4859, 4785, 4045, 4637] [267, 222, 237, 224, 238, 299, 300, 245, 270]
48 574 572 2.55 [2349] [301]
49 402 558 3.5 [5446] [302]
50 266 207 3.32 [5846, 5645, 5464, 5926, 6227, 6006, 6047, 6328] [241, 233, 196, 242, 304, 247, 248, 303]
51 545 366 1.56 [5077, 4969, 5402, 4878, 5041] [279, 280, 305, 281, 282]
52 322 220 2.24 [18032, 16430] [306, 244]
53 327 541 2.34 [4896] [307]
54 312 505 4.51 [4074, 3531, 4010] [308, 234, 309]
55 208 491 1.85 [1997] [310]
56 255 336 4.37 [12937, 10821, 11699] [311, 186, 223]
57 444 522 2.92 [6655, 6142, 5772, 6368, 5731, 5567, 6060, 6327] [312, 246, 235, 268, 236, 192, 249, 252]
58 258 411 3.81 [5124, 5318, 5494] [250, 283, 313]
59 420 259 3.37 [2082, 2180, 1992] [286, 314, 282]
60 288 433 3.62 [4143, 4208, 3961, 3819, 3624, 4039, 3767, 4117, 4195, 3611] [316, 315, 253, 254, 238, 287, 255, 310, 317, 243]
61 208 414 2.34 [2124, 1913, 2060, 2166, 2236, 2243, 1927, 2201, 2215] [288, 297, 298, 320, 319, 318, 321, 322, 323]
62 198 245 1.04 [2042, 1953, 2145, 2062, 2221, 2104] [328, 325, 326, 327, 324, 329]
63 518 550 4.84 [2186, 2128, 2069, 2334, 2047, 2341, 2282, 2172] [257, 256, 245, 331, 258, 330, 290, 259]
64 458 537 3.73 [4271, 3771, 4365, 3973] [321, 253, 332, 254]
65 291 443 3.75 [4888, 4308, 4185, 4644, 4827, 4842, 4262] [333, 255, 245, 273, 334, 335, 253]
66 490 482 1.29 [4023, 3700, 4359, 3808, 3633, 4427, 3781] [324, 325, 337, 326, 327, 336, 328]
67 520 267 3.53 [2940, 2919, 3101, 2889] [271, 260, 338, 261]
68 259 210 2.43 [3533] [339]
69 525 330 4.11 [3428, 3716, 3955, 3616, 3754, 3515, 4043, 3478, 4118, 3729] [237, 257, 294, 256, 259, 254, 341, 243, 340, 260]
70 227 241 4.51 [3772, 3444] [342, 261]
71 452 221 3.9 [3978, 3900, 4251, 4225, 3575] [262, 263, 343, 344, 258]
72 395 239 4.41 [7014, 7774, 6443, 7085] [241, 345, 201, 267]
73 414 504 2.98 [4133, 4362, 4462, 3990, 4262, 4004, 4062] [272, 296, 346, 264, 276, 265, 270]
74 421 435 2.62 [4735, 4302, 4446, 4590, 3912, 4359, 4388, 4229, 4475] [347, 274, 277, 301, 275, 278, 286, 279, 288]
75 540 597 1.74 [3444, 3621, 3291, 3562] [329, 348, 324, 349]
76 579 606 3.27 [1866] [350]
77 264 395 4.08 [2608] [351]
78 419 340 1.99 [1937] [352]
79 527 430 2.41 [3584, 3619, 3376, 3307, 3133, 3226, 3769] [297, 314, 280, 281, 282, 298, 353]
80 201 252 3.66 [4844, 5281, 5509, 5754] [233, 271, 308, 354]
81 422 577 2.41 [7420, 7969, 8119, 7844, 7270, 7694, 8044, 7195, 8219] [276, 318, 356, 295, 272, 290, 320, 270, 355]
82 208 234 3.9 [3651, 3833, 3602, 3639, 3541, 3323] [300, 357, 299, 307, 296, 274]
83 260 477 4.04 [2279, 2182, 2554, 2481, 2400] [275, 278, 358, 319, 305]
84 550 572 3.94 [2219, 2080, 2032] [359, 314, 297]
85 381 241 4.17 [3412, 3193, 3381, 2859] [360, 319, 361, 264]
86 431 598 3.2 [13409, 12251, 14211, 14122, 14612] [269, 188, 322, 323, 362]
87 517 493 1.98 [5503, 5857, 5798] [325, 363, 364]
88 540 466 2.7 [2400, 2392, 2279, 2295] [365, 366, 336, 337]
89 550 539 2.45 [12051, 12467, 12164] [330, 367, 331]
90 281 590 4.41 [4545] [368]
91 530 447 1.75 [6325, 5904] [369, 326]
92 506 529 3.42 [4329, 4424, 4248, 4261] [350, 370, 338, 339]
93 470 347 2.97 [3095, 2917, 2644, 3020, 3067, 2822, 2681, 2766, 2775, 2813] [371, 327, 280, 352, 372, 298, 281, 324, 328, 329]
94 440 234 3.07 [3126, 2994] [373, 348]
95 235 550 2.0 [2254, 2041, 2155, 2077, 2282, 1971] [378, 375, 376, 377, 374, 379]
96 359 574 3.56 [15577, 13593, 16321] [309, 185, 380]
97 187 566 3.59 [7826, 8333, 6864, 7092, 7801, 7041, 7497] [289, 381, 205, 206, 302, 214, 242]
98 303 423 1.69 [3639, 3651, 3358, 3733, 3265, 3627] [374, 375, 376, 382, 377, 378]
99 209 406 4.3 [6274] [383]
100 207 197 4.5 [3431, 3419, 3251, 3566, 3464, 3442, 3521] [349, 351, 287, 384, 358, 359, 385]
101 364 329 2.86 [4400, 4129, 4912, 4310, 4746, 4340] [277, 275, 386, 278, 365, 286]
102 514 358 3.24 [6231, 5910, 5829, 6010, 5970] [387, 315, 310, 360, 341]
103 387 265 1.61 [2759, 2500, 2893, 2411, 2661, 2839, 2866, 2920, 2616] [395, 389, 390, 391, 392, 393, 394, 388, 396]
104 400 316 4.61 [2132, 2483, 2397] [279, 397, 366]
105 266 469 3.21 [4099] [398]
106 331 360 4.04 [21401, 18833, 18042, 18569, 20479] [399, 232, 210, 213, 342]
107 591 361 3.59 [10509, 10989, 11800, 11210, 11542, 12132, 11284, 11394, 10583, 11247] [234, 262, 379, 283, 316, 400, 294, 313, 247, 301]
108 524 328 3.01 [2088, 2150, 2192, 1906, 2046, 2032] [382, 402, 401, 336, 374, 337]
109 424 431 4.91 [2966, 2434, 2641, 2578, 2768, 2930, 2804, 2704] [403, 219, 288, 282, 317, 404, 346, 299]
110 273 598 4.19 [9728, 9499, 10252, 9401, 9040, 9532, 9073] [332, 303, 405, 284, 248, 304, 252]
111 226 234 2.75 [11696, 12043, 12235] [340, 407, 406]
112 269 573 1.02 [13164, 14170, 12798, 13301, 13987, 12890, 14032, 14444, 14352] [415, 409, 410, 411, 412, 413, 414, 408, 416]
113 242 265 2.37 [2651, 2802, 2567, 2896, 2999, 2820, 2877, 2614] [375, 376, 377, 388, 417, 378, 389, 390]
114 188 465 1.72 [2813, 2529, 2556, 2758, 2840, 2941, 2904, 2648, 2803] [391, 392, 393, 394, 395, 418, 419, 396, 420]
115 333 204 1.67 [3254, 3442, 3390, 2825, 3138, 3107, 3097] [391, 421, 422, 392, 393, 394, 395]
116 491 471 3.56 [5382] [423]
117 478 264 2.63 [7740, 7894, 8073, 7688, 7535, 7304, 7458, 7791, 7278, 7509] [353, 401, 424, 343, 321, 300, 317, 371, 263, 344]
118 474 478 3.29 [2213] [425]
119 255 186 2.09 [2282, 2244] [426, 427]
120 553 210 2.48 [11014] [428]
121 289 270 3.3 [5010, 5074, 4659, 4324] [430, 429, 305, 265]
122 331 259 4.15 [12623, 11807, 13825, 11936, 12881, 11764, 12408, 13396] [251, 212, 431, 240, 333, 221, 268, 397]
123 273 433 2.91 [7758] [432]
124 330 203 1.32 [2970, 2720, 2770, 3240, 3130, 3050, 3110, 3210, 2800] [434, 408, 409, 433, 435, 436, 437, 438, 410]
125 245 202 3.69 [7698] [439]
126 333 585 2.48 [3339, 3350, 3545, 3556, 3122, 3187, 3101, 3513, 2927] [382, 389, 441, 440, 326, 336, 337, 442, 369]
127 464 457 1.91 [1962, 2156] [433, 443]
128 456 538 2.08 [2702, 2712, 2881, 3050, 3100, 2971, 2871, 3249, 2782] [391, 392, 393, 396, 418, 419, 394, 444, 395]
129 260 356 1.38 [17410, 17777, 16735, 19003, 17716, 19433] [297, 314, 298, 402, 327, 445]
130 183 443 3.99 [2468, 2514, 2767, 2948, 2938, 2450] [280, 324, 347, 446, 447, 281]
131 319 296 1.08 [3014, 3262, 3232, 3103, 2915] [449, 448, 450, 451, 452]
132 517 545 4.29 [4213, 4472, 4063, 4418, 3954, 4309, 3681] [334, 453, 307, 454, 259, 361, 235]
133 519 245 4.84 [2671, 2836, 2946, 2763, 2635, 2708] [319, 372, 455, 352, 328, 338]
134 536 229 1.91 [3345, 3598, 3770, 3322, 3276, 3529, 3759, 3414, 3115] [391, 420, 456, 392, 395, 419, 457, 421, 408]
135 595 213 4.08 [2369, 2310, 2327, 2479] [373, 348, 363, 458]
136 370 235 3.96 [5731, 5015, 5713, 5033, 4978, 5437, 5235, 5768, 5988, 5602] [357, 236, 368, 246, 249, 273, 250, 384, 459, 335]
137 523 402 2.05 [9595] [460]
138 232 591 4.19 [2628, 2587] [461, 462]
139 571 373 4.84 [5280, 4748, 4954, 5400, 4868, 4885] [425, 257, 285, 463, 308, 312]
140 409 608 3.64 [2402, 2176, 2131, 2244, 2063, 2463] [426, 325, 329, 364, 326, 464]
141 244 402 2.46 [2346, 2423, 2446] [422, 466, 465]
142 594 593 4.48 [2807, 2979, 2735, 2762, 2671, 2563, 2726, 2943, 2852, 2499] [366, 467, 347, 365, 348, 277, 363, 468, 398, 278]
143 312 205 3.16 [2180, 2368] [377, 469]
144 551 294 1.45 [2801] [470]
145 394 384 3.82 [5765, 4886] [471, 255]
146 397 336 1.89 [2025, 2011, 2081, 2157, 2122, 2074, 2248] [433, 434, 435, 436, 437, 438, 472]
147 190 491 1.66 [2282, 2265, 2573, 2324] [448, 449, 473, 450]
148 491 319 4.76 [7317, 6936, 7388, 7697, 6485, 7435, 7554, 7222, 6604] [370, 334, 385, 474, 256, 403, 475, 354, 258]
149 569 475 2.01 [2522, 2431, 2580, 2456, 2407, 2440, 2390] [427, 434, 476, 443, 435, 436, 433]
150 467 606 3.16 [2282] [477]
151 566 535 4.6 [3507] [478]
152 566 303 3.37 [1961, 2161] [374, 479]
153 510 542 1.43 [5349, 4979, 5419] [481, 437, 480]
154 370 492 1.65 [9680] [482]
155 419 303 3.69 [2442, 2381] [483, 465]
156 304 433 1.7 [2041, 2269, 2092] [449, 484, 451]
157 219 417 4.22 [1897, 2229] [325, 485]
158 538 572 1.25 [13999, 12916, 11876, 13349, 14129, 13306, 12266, 13739] [487, 420, 392, 427, 486, 438, 393, 472]
159 571 575 1.45 [2423, 2401, 2327, 2305, 2165, 2069, 2239, 2120, 2143, 2084] [488, 489, 452, 490, 491, 411, 492, 493, 494, 412]
160 436 456 2.75 [2458, 2656, 2466, 2532, 2507, 2615, 2384, 2573, 2714] [375, 491, 376, 388, 390, 417, 378, 443, 495]
161 572 180 2.05 [2702, 3025, 2897, 2829, 2907] [433, 496, 470, 448, 473]
162 219 332 4.09 [2544, 2168, 2145] [497, 329, 325]
163 372 504 1.97 [2579] [498]
164 606 310 2.6 [7915, 7890] [499, 500]
165 314 551 2.37 [6263, 6834, 5933, 6966, 6329, 6241, 6351] [364, 502, 286, 501, 373, 369, 388]
166 303 189 4.71 [2220, 2277, 2351, 2466] [374, 417, 426, 503]
167 237 359 4.9 [9360, 9512] [505, 504]
168 462 541 3.75 [8078, 8105] [507, 506]
169 397 570 4.16 [3464] [508]
170 362 350 3.41 [1984, 2031] [484, 509]
171 474 442 2.76 [2136, 1955, 2283, 2053, 2241, 1913, 1997, 1934] [418, 394, 510, 396, 511, 391, 419, 395]
172 251 538 2.07 [6854, 6495, 6411, 6748, 6010] [512, 440, 422, 513, 336]
173 522 228 4.55 [3278, 3668, 3055, 3445] [287, 514, 254, 359]
174 401 240 2.96 [2398, 2091, 2293, 2039, 2031, 2271] [515, 378, 444, 394, 396, 451]
175 533 425 4.65 [4714, 4697, 4984, 4883, 5406] [260, 261, 339, 346, 516]
176 211 472 4.33 [3018, 3069, 3180, 2958, 3028, 2726, 3089, 2907, 2817, 3049] [386, 441, 517, 421, 442, 329, 458, 366, 375, 446]
177 600 590 1.71 [5445, 5769, 5571, 5012] [450, 518, 466, 413]
178 217 280 2.32 [2119, 2017, 2134, 2294, 2366, 2039, 2374, 2010] [434, 414, 435, 476, 520, 415, 519, 416]
179 530 455 3.1 [1966, 1891, 2014, 2117, 2241, 2172, 1987, 2104, 2248, 1911] [396, 410, 418, 452, 522, 488, 419, 456, 521, 433]
180 575 414 3.59 [2284, 2067, 2161, 2320, 2147] [524, 376, 444, 523, 443]
181 601 583 1.37 [2136, 2114, 2072, 2093, 2306, 2207] [529, 526, 527, 528, 525, 530]
182 260 370 4.25 [5221] [531]
183 596 291 3.26 [8518] [532]
184 285 483 2.65 [2903] [533]
185 395 185 2.13 [1944, 2274, 2282, 2038, 2253, 2131, 2325] [411, 493, 535, 437, 489, 449, 534]
186 275 447 1.13 [4214, 4781, 4856, 4348, 4811, 4423, 4722, 4408, 4647] [538, 537, 536, 539, 540, 541, 542, 543, 544]
187 457 421 1.31 [2210, 2178] [545, 546]
188 294 610 1.01 [4652] [547]
189 390 342 2.1 [4717, 4444, 4487, 4343, 4185, 4401, 4588, 3941] [548, 457, 477, 436, 390, 456, 490, 378]
190 566 453 2.94 [2355, 2347, 2323, 2442, 2600, 2252, 2536, 2363] [448, 434, 418, 470, 549, 435, 492, 451]
191 529 322 1.61 [12474, 14545, 14453] [337, 550, 551]
192 360 304 4.91 [2279, 1905, 2148, 2044, 1912, 2065, 1947, 2134, 1885, 2231] [552, 324, 461, 377, 376, 382, 389, 462, 326, 509]
193 561 430 1.38 [10761, 10492, 9416, 9584, 10526, 9887, 9786, 9214, 10660] [553, 494, 437, 449, 526, 473, 476, 480, 554]
194 568 459 1.82 [3221, 3582, 3374, 3593, 3308, 3199, 3276, 3560] [481, 556, 489, 555, 493, 498, 525, 557]
195 401 482 2.34 [4848, 4367, 4923, 4578, 4382, 4563, 4653, 4112, 4247, 4172] [559, 443, 558, 469, 444, 477, 479, 390, 418, 396]
196 600 331 4.37 [2193, 2201] [561, 560]
197 217 403 4.12 [2302, 2309, 2325, 2088, 2256, 2294, 2172] [564, 563, 562, 451, 464, 565, 465]
198 565 260 3.55 [3882, 4032, 4264] [398, 447, 566]
199 539 384 4.49 [6295, 6723, 6520, 6678, 7197] [285, 350, 349, 351, 567]
200 482 204 1.19 [3358, 3264] [568, 569]
201 544 224 4.9 [1876, 1917, 2012, 1849, 2135, 2006, 2060, 1910, 2183] [389, 422, 452, 415, 485, 464, 483, 434, 570]
202 405 254 2.28 [16304, 13727, 14866, 13429, 15412, 15511, 14619, 14520, 16204, 15015] [571, 259, 352, 238, 404, 453, 296, 315, 572, 358]
203 414 413 1.99 [6721, 7195] [484, 573]
204 251 492 4.51 [2650, 2357, 2455] [574, 417, 461]
205 319 500 2.24 [9836, 10664, 10448, 9872, 10412] [372, 575, 576, 426, 511]
206 392 236 4.98 [3316, 3225, 3452, 3111] [455, 429, 577, 355]
207 467 461 1.44 [3266, 3498, 3602, 3336, 3220, 3532] [527, 528, 578, 529, 530, 579]
208 593 323 1.27 [7883, 7691, 6946, 7283, 7114, 6802] [580, 545, 527, 528, 529, 530]
209 332 203 4.15 [3428, 3538, 3373, 3119, 3251, 3483, 3626, 2987, 3406] [462, 510, 441, 328, 347, 467, 581, 264, 458]
210 589 185 2.32 [2627, 2507, 2587, 2595, 2186, 2210, 2427, 2169, 2378] [582, 496, 583, 584, 412, 481, 498, 409, 489]
211 382 595 4.89 [1883, 1985] [488, 585]
212 457 321 3.28 [3248, 3402, 3509, 3497, 3284, 3794, 3651, 3604, 3817] [389, 440, 464, 457, 419, 587, 485, 483, 586]
213 268 247 3.38 [8689, 9058, 9285] [383, 515, 588]
214 247 491 4.34 [3398, 3032, 3022, 2875, 3199, 3220, 3074, 3241] [589, 365, 363, 274, 468, 491, 386, 495]
215 298 367 4.45 [7355, 7309, 7058, 6259, 6510, 6327, 6990, 7035, 6921, 6898] [590, 591, 478, 266, 291, 271, 454, 497, 423, 430]
216 364 591 2.97 [3965, 3599, 3940, 3890, 4142, 3751, 4117, 3687] [519, 435, 492, 496, 592, 465, 593, 448]
217 295 376 3.05 [4605, 4683, 5121, 4276, 4871, 4761, 4698, 4792, 4839] [452, 461, 594, 279, 503, 469, 466, 509, 520]
218 533 417 2.01 [4806, 4732] [595, 596]
219 446 329 2.72 [6970, 6924, 7389, 7296, 7528, 6901, 6297, 6622] [442, 446, 598, 521, 597, 356, 276, 299]
220 319 576 1.97 [2347, 2442] [546, 599]
221 444 587 3.79 [5286, 5318, 5138, 4793, 4892, 4481] [601, 600, 517, 359, 447, 282]
222 338 237 4.26 [3288, 3022, 3192, 3001, 3107] [602, 479, 522, 470, 523]
223 265 262 3.44 [2162, 2020, 1959, 2209] [604, 493, 450, 603]
224 349 509 1.41 [2568, 2676, 2810, 2577, 2595, 2944] [536, 537, 538, 539, 540, 605]
225 392 197 2.86 [3274, 3306, 2967, 3062, 3030, 3126, 3295, 2861, 3369, 3051] [524, 607, 456, 490, 493, 518, 603, 433, 606, 498]
226 336 193 3.23 [5931, 5383, 5755, 5696, 6225, 6029, 6401, 6303] [455, 277, 338, 318, 534, 508, 608, 609]
227 321 364 1.46 [6324, 6002, 6123, 6063, 5680, 5640, 6526] [535, 525, 541, 538, 527, 528, 610]
228 549 562 1.57 [2305, 2197, 2522, 2475, 2259, 2143] [536, 537, 611, 605, 539, 540]
229 223 465 4.88 [18396, 21071, 21397, 18722, 20223, 19962, 19244, 19570] [202, 514, 549, 287, 387, 345, 292, 341]
230 227 272 4.23 [4912, 4714, 5340, 4796, 4631, 5043, 4829] [360, 288, 585, 319, 290, 467, 320]
231 571 565 1.42 [2819, 3031, 2745] [542, 569, 543]
232 330 337 1.32 [6514, 6955, 6329, 6908] [542, 611, 536, 568]
233 440 477 3.04 [7093, 6939, 6873] [560, 533, 544]
234 547 603 2.18 [16310] [570]
235 422 269 2.11 [4812, 4561, 4595] [604, 543, 546]
236 567 594 1.68 [5145, 5019, 4579, 4280, 4327] [599, 547, 481, 215, 411]
237 394 534 3.3 [3059, 3149, 3159, 3039, 3139, 2868, 2818, 3169, 3049, 2788] [524, 565, 563, 548, 564, 477, 436, 562, 555, 443]
238 556 370 3.41 [3031, 3002, 3088, 2868, 2639] [556, 557, 561, 518, 390]
239 567 570 4.73 [5138, 5271, 5238, 5105, 4804, 5021] [559, 552, 574, 531, 335, 459]
240 403 320 2.14 [2168, 2073, 2148, 2202, 1972, 2229, 2188] [569, 537, 580, 579, 529, 578, 605]
241 479 516 1.31 [6750, 6495, 7306, 6332, 6541, 7260, 7167] [530, 536, 539, 540, 542, 611, 545]
242 284 346 2.32 [7379, 6632, 6745, 7221, 6972, 6270, 6202] [582, 373, 417, 583, 488, 275, 217]
243 585 240 2.45 [7533, 7388, 7848, 7727] [468, 483, 584, 586]
244 484 437 1.08 [3845, 3692, 3768] [540, 530, 568]
245 476 554 4.81 [2518, 2727, 2937, 2554, 2673] [324, 421, 602, 329, 348]
246 230 363 2.59 [5820, 6562, 6402, 6321, 6101] [374, 607, 523, 513, 482]
247 290 187 3.79 [3187, 3086, 3243] [558, 485, 606]
248 479 409 2.99 [3349, 3216, 3338, 3404, 3448, 3360, 3602] [484, 444, 489, 490, 535, 541, 596]
249 354 460 2.01 [6270, 5995, 5366, 5386, 6132, 6290, 5562] [603, 546, 216, 218, 578, 595, 394]
250 198 246 3.25 [2379, 2232] [579, 547]
251 418 562 2.88 [8309, 9837, 8492, 8248, 8676, 8706, 8279, 9378, 9470] [183, 577, 273, 180, 295, 305, 196, 361, 471]
252 536 603 2.62 [14724, 14116, 12620, 14677, 12807, 14957] [566, 381, 204, 561, 242, 589]
253 310 489 1.47 [2682, 2450, 2707] [540, 536, 568]
254 414 573 3.53 [3487] [587]
255 509 610 2.26 [2556, 2565, 2827, 2724, 2762, 2799, 2659, 2696, 3033] [220, 391, 525, 414, 487, 537, 395, 416, 610]
256 446 574 1.56 [3168] [540]
257 191 539 3.65 [2280, 2133, 2105, 2161, 1973, 2140, 1917, 2064] [604, 493, 450, 498, 227, 494, 220, 456]
258 255 553 2.64 [2336, 2142] [599, 480]
259 514 539 1.11 [3586, 3503, 3727, 3314, 3550, 3350, 3680, 3633, 3373] [529, 540, 542, 539, 545, 568, 569, 605, 611]
260 417 570 2.04 [2823, 2538, 2904, 2618, 2716, 2457, 2806, 2841, 2484] [538, 530, 569, 528, 527, 529, 605, 580, 539]
261 294 433 2.66 [4778, 5020, 4520, 4439, 5311, 4584, 4762, 5262, 4600, 4552] [377, 492, 280, 222, 592, 376, 382, 593, 389, 281]
262 376 419 1.21 [2716, 2530, 2758, 2378, 2767, 2335, 2674, 2547, 2386] [529, 536, 539, 540, 542, 580, 568, 611, 545]
263 590 268 3.15 [18857, 19156, 16530, 19633, 16769] [425, 463, 187, 581, 225]
264 448 332 2.42 [5083, 4462] [564, 418]
265 550 206 1.87 [16019, 15170, 15064] [594, 424, 366]
266 380 393 3.6 [3309, 3844, 3582, 3487, 3725, 3880] [226, 519, 451, 364, 501, 563]
267 596 204 3.42 [1819, 2040] [378, 610]
268 498 557 2.52 [2548, 2497, 2279, 2329, 2724] [473, 472, 215, 391, 599]
269 340 299 1.83 [3707, 3549, 3640, 3042, 3076] [605, 538, 569, 408, 409]
270 606 405 1.76 [3127, 3173, 3254, 3486] [529, 536, 542, 611]
271 438 559 2.1 [3857, 3695] [554, 486]
272 251 184 2.52 [2148, 2126, 2267, 2260, 2030, 2037, 2097] [412, 420, 580, 481, 408, 409, 527]
273 237 380 3.09 [16518, 14737, 15763, 16356, 16950, 15871] [439, 229, 293, 429, 601, 357]
274 402 407 1.55 [2481, 2537, 2239, 2594] [540, 545, 539, 568]
275 508 496 4.23 [8401, 8747, 8891, 8458, 7910, 7794, 8545, 8660] [368, 495, 600, 384, 267, 241, 432, 502]
276 503 390 3.14 [5824, 5939, 5213, 6187] [398, 458, 219, 522]
277 451 180 4.83 [2836, 2771, 3021, 2567, 2753, 2975] [386, 365, 562, 264, 347, 510]
278 379 210 4.13 [4316, 4162, 4285, 4979, 4717, 4362, 4455] [245, 192, 243, 565, 401, 253, 307]
279 608 267 3.87 [3062, 3397, 3364, 3241, 3632, 3274] [227, 457, 440, 369, 557, 375]
280 494 282 4.9 [2174, 2247, 2050, 2152, 2094, 2393, 2218, 2378] [422, 464, 325, 382, 336, 555, 465, 512]
281 537 308 1.66 [3026, 3245, 2880, 2891, 2974] [528, 540, 529, 545, 568]
282 436 518 1.69 [2311, 2270, 2460] [545, 540, 568]
283 347 388 3.0 [6292, 6503, 5870, 6672, 6187, 6905, 6461, 5722] [317, 344, 237, 462, 300, 602, 343, 224]
284 406 443 3.65 [3887, 3642, 3531, 3960, 3777] [503, 434, 388, 556, 460]
285 559 498 2.09 [12308, 11478, 11968, 10269, 11855, 11629, 10194, 10571, 10836] [606, 353, 491, 226, 441, 355, 254, 263, 274]
286 517 560 1.56 [1909, 1998] [545, 568]
287 582 280 4.82 [2305, 2459, 2386, 2491, 2612, 2524] [278, 464, 436, 485, 520, 496]
288 285 569 3.61 [6673, 7748, 7259, 7308] [246, 516, 371, 479]
289 246 549 2.09 [3031, 2923, 3207] [427, 411, 537]
290 358 470 4.49 [4988, 4442] [609, 310]
291 257 317 1.54 [3062, 2811, 2765, 2839, 2802, 2672, 3025, 2904, 2737, 2727] [528, 530, 536, 539, 540, 529, 542, 545, 568, 611]
292 451 295 1.28 [8109] [568]
293 301 558 1.29 [2672, 2481, 2819, 2394, 2446] [530, 536, 538, 539, 545]
294 229 278 3.9 [4688, 4961, 4807, 5389, 5475, 5611, 5458] [233, 307, 255, 499, 500, 608, 510]
295 479 466 1.97 [9616, 9266, 9075, 10157, 9648, 9871, 8916] [512, 444, 377, 573, 518, 524, 382]
296 320 456 2.47 [2855, 2882, 2659, 2846, 2462, 2801, 2445, 2712, 2908] [526, 599, 395, 525, 215, 476, 391, 410, 553]
297 363 388 2.21 [2380, 2312, 2474, 2703, 2525, 2729, 2669, 2431, 2542] [392, 412, 409, 569, 538, 605, 438, 528, 393]
298 215 481 2.62 [2478, 2438, 2510, 2557, 2255, 2390] [413, 414, 480, 553, 391, 416]
299 437 244 2.52 [4492, 4556, 4588] [604, 579, 548]
300 509 533 3.29 [5377, 6230, 6250, 6032, 6508] [220, 470, 501, 321, 587]
301 577 476 1.16 [2700, 3119] [542, 545]
302 349 396 4.53 [2135, 2542, 2174, 2487] [280, 558, 326, 592]
303 191 603 2.41 [10392] [598]
304 447 416 1.44 [3021, 2798, 3128] [540, 529, 611]
305 564 382 3.39 [3310, 2934, 3404] [564, 378, 596]
306 237 320 2.94 [3585, 4101, 3817, 3804] [390, 595, 415, 433]
307 304 190 1.75 [2102, 2316] [545, 536]
308 450 513 2.92 [2266] [554]
309 420 516 2.95 [1872, 1990, 2275, 1956] [215, 391, 526, 393]
310 318 509 2.92 [3607, 4153, 3760, 4179, 3493, 3582, 3912, 3569] [378, 535, 396, 610, 216, 218, 419, 390]
311 477 608 2.92 [4110, 4079, 4140, 4729, 4457, 4880, 4684] [222, 281, 286, 543, 422, 555, 547]
312 320 225 3.97 [2852, 2816, 2764, 2561, 2825, 2860, 2482, 2464, 2658] [578, 548, 448, 376, 579, 593, 389, 394, 435]
313 268 458 2.59 [4356, 4531, 4139, 4269, 4226, 4516, 3921, 4037] [450, 603, 410, 443, 456, 490, 395, 413]
314 309 304 3.94 [2798, 3083, 2808] [435, 558, 448]
315 381 384 1.1 [4711, 4741] [539, 530]
316 470 419 2.63 [3000, 3345, 3081] [412, 599, 414]
317 202 338 1.92 [2651, 2333, 2626, 2385, 2582, 2436, 2600, 2789, 2505] [529, 530, 536, 540, 542, 568, 611, 538, 545]
318 473 365 1.89 [15124, 17543, 17048, 17213, 15234, 16389, 15014, 15784, 17653] [235, 517, 508, 509, 265, 359, 270, 318, 597]
319 315 581 3.19 [18696, 19892, 19829, 18318] [312, 475, 567, 289]
320 211 220 2.49 [2334, 2488, 2458] [420, 487, 481]
321 360 254 1.82 [3114, 3373, 2942, 3502] [605, 408, 529, 527]
322 242 428 1.16 [2203, 2366, 2084, 2069, 2024, 2106, 2433, 2441] [528, 536, 539, 542, 438, 569, 580, 611]
323 245 300 4.05 [5967, 5834, 5513, 6155, 5230, 6004, 5910, 5891, 5853] [519, 428, 288, 585, 228, 534, 520, 521, 467]
324 400 502 4.1 [2873, 2727, 2974] [465, 449, 596]
325 350 504 1.43 [5469, 5431, 5679, 5909, 6004, 5851, 5813, 5832, 5450] [569, 611, 537, 427, 538, 392, 409, 411, 542]
326 504 268 2.24 [6826, 6181, 7293, 6582, 7226, 6204, 6092] [476, 280, 592, 325, 593, 326, 314]
327 193 200 2.86 [5732, 5276, 5136, 5767, 5662, 5083, 5504, 5679] [583, 328, 329, 563, 556, 278, 460, 557]
328 354 548 4.27 [7386, 7361, 8032, 7013, 7485, 8107] [302, 308, 506, 201, 330, 590]
329 548 486 4.37 [5123, 5674, 5052, 5835] [249, 532, 236, 552]
330 413 234 3.57 [2185, 2350, 2078, 2214, 2278, 2221] [472, 498, 416, 473, 493, 486]
331 374 182 4.5 [2374] [489]
332 400 252 2.48 [11628, 12038, 11963] [447, 562, 560]
333 572 278 4.18 [2248] [604]
334 490 196 3.14 [4697, 4822, 4712, 4524, 4728, 4273, 4995, 4383] [348, 461, 363, 364, 421, 227, 607, 279]
335 452 585 4.61 [3881, 3652, 3638, 4325] [272, 243, 217, 533]
336 518 395 1.9 [2299, 2372, 1984, 2328, 2072, 2021, 2204, 2314, 2043] [530, 539, 605, 540, 536, 529, 568, 580, 545]
337 196 407 4.75 [5105, 5496, 4868, 4902, 5462, 5021, 5445, 5546, 4817] [310, 559, 205, 206, 531, 250, 565, 574, 214]
338 274 220 4.64 [7669, 7243, 6892, 6917, 7468] [591, 346, 319, 320, 507]
339 463 188 1.93 [6338, 5826, 6040, 6189, 6659, 5805, 6787, 6509, 6488] [473, 412, 416, 437, 498, 414, 494, 493, 525]
340 563 237 2.08 [5608, 5719, 5756] [526, 553, 546]
341 362 289 3.44 [7110, 8027, 6912, 7482, 8151] [253, 459, 191, 257, 582]
342 282 550 2.31 [2382, 2587, 2422] [408, 438, 527]
343 200 312 4.01 [10574, 9900, 10237] [474, 339, 403]
344 230 248 1.27 [3842, 4009, 4137, 3636, 3687] [528, 580, 605, 527, 530]
345 403 232 1.35 [3247, 3213, 3573, 3472, 3427] [529, 536, 568, 539, 540]
346 424 444 2.67 [10597, 10060, 10740, 11098, 11743] [260, 197, 261, 331, 576]
347 250 525 1.94 [3271, 3369, 3141, 3217, 3293, 3402, 3076] [408, 420, 427, 438, 487, 481, 411]
348 400 367 3.43 [3484, 3869, 3792, 3921, 3651, 4062, 3741, 4178] [275, 374, 369, 375, 336, 452, 373, 469]
349 277 400 4.59 [7127, 7018, 6865, 6733, 6318] [588, 497, 406, 349, 239]
350 265 538 2.75 [4032, 3844, 3457, 3445, 4106, 3532] [477, 480, 418, 420, 541, 456]
351 590 432 4.58 [4470, 5394, 4965, 5146, 4701, 5344, 4668] [192, 584, 290, 360, 277, 575, 245]
352 451 534 4.78 [2743, 2762, 3144] [264, 324, 503]
353 251 191 3.3 [4695, 4966, 5322, 5169, 4796, 4881, 5084, 5068, 5152] [299, 347, 586, 386, 328, 363, 446, 365, 466]
354 470 506 3.04 [3635, 3887, 4152, 3648, 3938] [376, 477, 492, 394, 484]
355 230 304 2.57 [2806] [554]
356 476 510 1.26 [5199, 5056, 4705] [545, 537, 409]
357 357 195 4.51 [5716, 4942, 5681, 4854, 5118, 5101] [609, 198, 522, 207, 282, 321]
358 205 602 4.49 [2189, 2228, 2150, 2382, 2197] [419, 450, 402, 564, 445]
359 490 344 1.34 [7598, 6866, 7446, 7345, 7270, 7572, 7118, 7547, 7421, 7522] [392, 481, 528, 611, 527, 569, 487, 580, 605, 538]
360 388 491 3.29 [6669, 7284, 7449, 7473, 7780, 7662, 6740] [233, 338, 356, 401, 544, 455, 255]
361 257 299 2.59 [3436, 3097, 3282, 3381, 3075, 3184, 3414, 3392, 3009, 3479] [472, 215, 438, 391, 393, 427, 554, 599, 408, 486]
362 365 351 5.0 [2274, 2230, 2194] [558, 548, 489]
363 215 201 3.5 [8046] [496]
364 265 578 1.38 [8969, 8212, 8268, 8240, 7652, 8380] [411, 580, 537, 569, 481, 409]
365 454 504 1.78 [2619, 2602] [530, 542]
366 592 535 2.32 [4036, 4324, 4238, 3892, 3979, 3993, 4152] [472, 486, 554, 215, 393, 487, 599]
367 359 252 3.78 [2426, 2395, 2365, 2510, 2304, 2174, 2288, 2205, 2487] [443, 494, 498, 603, 413, 395, 418, 437, 604]
368 208 372 2.05 [2554, 2582, 2777, 2991, 2694, 2749] [392, 527, 528, 605, 529, 538]
369 519 330 3.58 [3475, 3606, 3310, 3212, 3562] [465, 488, 417, 389, 551]
370 529 372 1.21 [3127, 3297, 3382, 3318, 2990, 2937, 3350, 2958] [530, 536, 539, 540, 542, 611, 568, 545]
371 226 578 4.96 [5233, 5504, 5436] [335, 515, 407]
372 227 493 3.13 [5051, 4184] [523, 275]
373 264 456 2.1 [11310, 11903, 10346] [372, 511, 276]
374 564 367 2.55 [4770, 4650, 4123] [490, 541, 298]
375 378 545 4.01 [1978, 2271] [414, 546]
376 390 189 2.3 [2341, 2261, 2203] [538, 392, 528]
377 303 601 1.67 [13876] [555]
378 401 570 3.85 [7187, 7134, 7504, 7425, 8006, 7742, 7477, 7266, 7979] [208, 295, 340, 343, 608, 383, 361, 344, 367]
379 604 505 4.37 [6930, 6980, 6855, 7658] [266, 291, 271, 478]
380 470 333 1.54 [2776, 2738, 2615, 2993, 3012, 2851, 2672, 2899, 3097, 2861] [530, 605, 527, 539, 540, 542, 529, 545, 568, 536]
381 242 484 1.52 [12774, 12376, 14056, 14277] [410, 297, 603, 604]
382 260 467 3.66 [2234, 2673, 2590, 2408] [327, 553, 443, 395]
383 350 287 4.42 [2591, 2546, 2817, 2618, 2465, 2898, 2501, 2519, 2961] [286, 336, 436, 388, 216, 464, 281, 325, 513]
384 579 422 4.55 [18454, 20242, 17752] [209, 504, 189]
385 544 278 3.28 [3273, 3228, 3082, 3531, 3553, 3374, 3396] [396, 433, 218, 535, 595, 415, 610]
386 409 266 4.84 [4187, 3845, 4043, 3713] [602, 348, 442, 272]
387 476 242 4.0 [3935, 4454, 4344] [299, 468, 451]
388 195 336 3.74 [16827, 16463, 17860, 18407, 18346, 18832] [203, 199, 311, 385, 370, 505]
389 611 407 4.13 [8520] [454]
390 253 562 1.35 [3199, 3188, 3328, 3006, 3478, 3285, 3081, 3092, 3317] [530, 536, 537, 392, 539, 540, 611, 568, 542]
391 181 415 2.94 [1945, 1843, 1979, 1952, 1993, 2156, 2136, 2197, 2238, 1870] [409, 392, 569, 538, 527, 580, 411, 537, 481, 528]
392 353 250 1.38 [4427, 4043, 4612, 4100, 4456, 4128, 4598, 4541, 4171] [529, 611, 536, 539, 542, 545, 605, 530, 568]
393 185 586 3.98 [2957] [578]
394 297 582 4.92 [2807, 2879] [457, 485]
395 559 297 2.99 [2362, 2471, 2646, 2429, 2512, 2370, 2420] [391, 427, 438, 408, 472, 554, 599]
396 213 261 4.55 [2373, 2482, 2389, 2226, 2537, 2210, 2272, 2420] [448, 564, 484, 337, 550, 378, 402, 492]
397 240 413 4.21 [4153, 3853, 3948, 3702, 4440] [386, 219, 300, 222, 503]
398 209 282 2.6 [2108, 2252, 2191, 2427, 2404, 2465] [409, 528, 538, 569, 527, 481]
399 391 542 2.09 [4789, 4756, 5155, 5138, 5171, 5038, 5304, 4806, 5454, 4656] [487, 416, 486, 599, 525, 554, 493, 412, 526, 427]
400 253 545 2.95 [7053, 6426, 6837, 6253, 6404, 6015, 6966, 6469] [596, 317, 398, 279, 324, 227, 458, 347]
401 474 181 4.32 [2817, 3083, 3132, 2698, 2964] [369, 440, 579, 286, 434]
402 546 548 1.69 [3415, 3809, 3905] [539, 529, 605]
403 444 226 4.02 [10254, 9899, 10786, 11248, 10396, 10503, 10822, 10928, 11567] [200, 194, 230, 351, 231, 283, 303, 332, 405]
404 487 551 2.47 [4308, 4115, 4353, 4486, 4456] [418, 413, 473, 480, 456]
405 506 550 3.15 [3305, 3477, 3442, 3706, 3282] [390, 419, 433, 610, 327]
406 223 330 1.84 [2385, 2350, 2677, 2669, 2479] [530, 542, 540, 545, 536]
407 426 427 3.15 [3855, 4279, 3802, 3882] [415, 558, 422, 435]
408 544 582 1.75 [2091, 1990, 2076, 1982, 2026, 2113] [540, 539, 545, 568, 605, 611]
409 459 286 2.49 [4813, 4843, 4338, 4442, 4055, 4575, 4664, 4234, 4605] [546, 541, 395, 456, 298, 494, 498, 413, 443]
410 387 574 4.84 [2193] [595]
411 366 342 3.91 [19596, 19471, 18414, 17107] [400, 430, 211, 195]
412 505 326 3.43 [2847, 2857, 2949, 2773] [480, 490, 553, 493]
413 295 480 4.09 [11654, 12313, 12972, 13096, 12684, 11902, 13384, 13178, 12643, 12519] [206, 284, 350, 354, 304, 247, 423, 499, 316, 313]
414 475 544 2.9 [3305, 3340, 3528, 3587, 3481] [391, 414, 525, 494, 420]
415 306 484 3.28 [10721, 10394, 10902, 9849, 9812, 10466, 11775, 10612] [256, 214, 285, 183, 193, 250, 516, 302]
416 460 560 4.25 [20202, 19503, 17534, 18423, 19630, 17661, 18487, 19058] [379, 334, 182, 223, 362, 190, 248, 294]
417 534 261 1.72 [2978] [529]
418 555 363 2.42 [11274, 11979, 12808, 11315, 12144, 13098, 12559, 12849, 11896, 11937] [264, 417, 462, 273, 421, 577, 469, 500, 365, 375]
419 424 596 3.8 [18363, 17967, 19684, 21534, 19750, 19090, 20345, 19222, 18033] [186, 188, 252, 552, 258, 234, 180, 251, 181]
420 603 213 3.47 [2251] [472]
421 451 250 3.42 [16058, 15900, 17321, 16005, 15110, 16847, 16163, 14847, 16374, 15005] [301, 262, 574, 306, 239, 471, 322, 201, 323, 205]
422 232 184 3.58 [2653, 2485, 2586, 2720, 2477, 2452, 2510] [526, 418, 437, 445, 416, 438, 472]
423 184 368 3.04 [12428, 12019, 12673] [510, 407, 585]
424 464 576 1.49 [6578, 6113] [605, 537]
425 345 465 2.33 [4639, 4523, 5340, 5057, 5090, 5023, 4689, 4656] [215, 393, 450, 473, 498, 490, 412, 414]
426 245 445 1.2 [3587, 4064, 3574, 3638, 3909, 3819, 3651] [530, 536, 392, 540, 542, 568, 611]
427 240 405 3.11 [4003, 3779, 3740, 4319, 4201, 4227, 4056] [448, 337, 326, 543, 489, 547, 484]
428 540 590 4.64 [2448, 2050, 2418, 2440, 2125, 2237, 2170, 2395, 2403, 2350] [548, 218, 550, 578, 376, 445, 394, 535, 564, 492]
429 210 395 2.11 [8817, 8733, 9124, 7589, 8315, 7617] [452, 464, 482, 281, 373, 336]
430 484 595 3.08 [2094, 2073, 2128, 1984, 2005] [408, 411, 481, 527, 580]
431 411 447 2.52 [3392, 3030, 3102, 2906, 3278, 2937] [599, 481, 408, 411, 486, 580]
432 390 579 3.1 [13081, 13266, 12619, 15114, 13589, 14514, 14791] [228, 241, 196, 587, 267, 426, 495]
433 474 185 4.25 [2083] [553]
434 290 539 1.83 [2612, 2594] [545, 539]
435 409 394 1.97 [3324, 3418, 3116, 2981] [528, 409, 538, 569]
436 216 267 3.59 [2286, 2229, 2159, 2131, 2116, 2314] [486, 487, 427, 418, 554, 599]
437 401 354 1.87 [2701, 3186, 3148, 2982, 2817, 2914, 3041, 3118, 3196, 3177] [536, 409, 569, 539, 542, 538, 530, 611, 392, 529]
438 552 571 2.62 [3608, 3997, 3875, 3292, 3924, 3742, 3559, 3572, 3474, 3523] [413, 493, 456, 298, 443, 554, 437, 486, 427, 487]
439 441 334 3.16 [2594, 2358, 2786, 2874, 2760, 2524, 2393] [395, 391, 480, 525, 541, 546, 408]
440 516 280 3.99 [12481, 14442, 14264, 13417] [212, 431, 532, 309]
441 532 611 1.32 [4739, 4311] [537, 528]
442 270 578 1.48 [2564] [545]
443 358 507 4.98 [2834, 2751] [607, 461]
444 467 568 1.29 [3092, 3073, 2750] [540, 568, 605]
445 484 498 1.45 [3324, 3817, 3709, 3384, 3889] [411, 527, 392, 409, 529]
446 322 402 1.77 [5860, 5373, 5548, 5899, 6249, 6269, 6113, 6386, 6230] [418, 393, 408, 411, 481, 526, 390, 396, 580]
447 469 557 2.2 [13106, 13060, 15137, 14952, 13475] [237, 272, 533, 563, 305]
448 447 449 1.26 [2061, 2095, 2102, 2082, 1942, 2200] [530, 536, 538, 545, 611, 569]
449 552 416 2.04 [2293, 2180, 2032, 2046, 2208, 2004, 2300, 2201] [528, 537, 569, 538, 542, 540, 605, 539]
450 482 278 2.53 [2263, 2505, 2287, 2513, 2239, 2538] [538, 409, 392, 537, 569, 527]
451 359 471 3.45 [4938, 4529, 4302, 4287, 4226] [483, 364, 278, 329, 369]
452 571 223 3.69 [2201, 2112, 2431, 2260, 2409, 2312, 2134, 2387] [416, 553, 494, 438, 472, 477, 599, 420]
453 376 587 4.14 [3518, 3591, 3787, 3481, 3664, 3921] [374, 388, 446, 328, 434, 583]
454 436 516 1.85 [2166, 2363, 2061, 2476, 2408, 2174, 2068] [605, 530, 536, 568, 529, 611, 545]
455 584 398 3.42 [4862, 4987, 5881, 5845] [216, 224, 557, 513]
456 346 514 2.36 [1978, 2180, 1937, 2145, 2228, 1985, 2013] [392, 433, 486, 527, 528, 539, 554]
457 381 353 1.06 [2620, 2322, 2556, 2612] [542, 327, 419, 546]
458 324 397 4.32 [3046] [488]
459 530 376 4.48 [7773, 7531] [534, 428]
460 414 325 2.38 [2958, 3269] [395, 541]
461 498 538 1.85 [7325, 8090, 8243, 8218, 7988, 7223, 7503, 8269] [298, 480, 595, 610, 494, 215, 420, 477]
462 472 519 3.49 [3787, 3438] [551, 422]
463 416 522 3.29 [3543, 2951, 3091, 3327, 3435, 3101, 3080, 3478, 3241, 3166] [449, 327, 433, 376, 450, 378, 419, 402, 490, 553]
464 218 203 3.13 [3723, 4015, 4121, 3842, 3829, 4082, 4175, 4068] [564, 492, 593, 435, 445, 548, 465, 578]
465 314 457 3.46 [3633, 3441, 3238, 3666, 3103, 3554, 3373, 3509, 3486, 3689] [547, 449, 389, 550, 218, 535, 489, 476, 484, 592]
466 448 536 1.84 [17763] [556]
467 495 234 4.64 [3946, 3827, 4251, 3999] [307, 353, 485, 436]
468 573 532 4.46 [2294, 1993, 2301, 2081, 2030, 2213, 2147] [402, 280, 394, 314, 327, 376, 378]
469 511 287 2.17 [2505, 2435, 2427, 2482] [525, 391, 537, 599]
470 522 466 2.16 [2556, 2366, 2547, 2625, 2798, 2496, 2608, 2444] [569, 413, 437, 472, 487, 456, 409, 605]
471 302 527 3.52 [4161, 4374, 4303, 4089, 4531] [440, 457, 460, 444, 523]
472 592 459 2.16 [4927, 4616, 5205, 4501, 4419, 4714, 5058, 4583] [416, 410, 443, 427, 498, 473, 493, 438]
473 269 180 2.78 [2586, 2183, 2400, 2304, 2296, 2288, 2561, 2602] [486, 538, 481, 546, 527, 554, 414, 412]
474 380 383 4.47 [6192, 6017, 7107] [236, 198, 521]
475 295 504 4.74 [2888] [573]
476 299 479 2.4 [10566, 10792, 12145, 12258, 11017, 11769] [217, 243, 442, 501, 348, 451]
477 303 253 3.81 [12638, 12108, 11048, 11782, 12190, 11007, 13413, 11701] [368, 269, 191, 244, 290, 192, 600, 249]
478 542 554 3.64 [2100, 2228, 2349, 2191, 2070] [395, 599, 525, 541, 391]
479 473 418 3.76 [2678, 2905, 3182, 2925] [280, 448, 512, 543]
480 394 572 3.41 [2481, 2157, 2513, 2220, 2386, 2307] [437, 396, 603, 413, 456, 472]
481 310 319 2.7 [4110] [433]
482 269 180 3.17 [2889, 2699, 3008, 3138, 3258, 2998] [418, 393, 526, 604, 390, 297]
483 307 485 5.0 [2240] [558]
484 212 223 3.51 [3569, 3483, 3862, 3984, 3752, 3459, 3410, 3300, 3447] [377, 325, 518, 524, 465, 382, 337, 326, 389]
485 579 397 4.38 [2387, 2141, 2007, 2208, 2327, 2112, 2357, 2349, 2342, 2067] [415, 314, 327, 376, 394, 396, 450, 610, 419, 390]
486 379 181 4.66 [3527, 3452, 3439, 3365, 3402, 3577, 4038, 3676, 3701] [263, 220, 219, 254, 274, 299, 586, 355, 363]
487 191 199 3.58 [2061, 1908, 2095, 1880, 2005, 2214, 1956, 1942, 2102, 2151] [412, 490, 414, 580, 408, 546, 486, 554, 487, 553]
488 436 530 4.19 [2159, 2297, 2120] [541, 603, 525]
489 243 364 1.58 [2287, 2150, 2027, 2273, 2265] [529, 568, 530, 528, 540]
490 429 561 1.67 [3418, 3606, 4032, 3431, 4107, 3782, 3444, 3393] [391, 536, 611, 395, 537, 392, 527, 545]
491 553 290 3.02 [3704] [548]
492 363 207 1.34 [7377] [473]
493 270 234 3.59 [4269, 3768, 4335, 4097] [579, 422, 607, 461]
494 312 249 1.51 [3724, 3411] [599, 409]
495 242 428 4.68 [7458, 7906, 7807] [346, 591, 502]
496 605 503 1.11 [4057, 4451, 4583, 4612, 4393, 4247, 4408] [410, 437, 413, 456, 443, 411, 472]
497 586 503 3.55 [4184, 3732, 3878, 4131] [488, 286, 482, 551]
498 471 216 2.21 [2874, 3060, 2835, 2766, 2727, 2815, 2854, 2923, 3090] [438, 493, 416, 487, 605, 498, 528, 569, 481]
499 180 240 3.94 [2936, 2909, 2601] [564, 492, 378]
500 207 191 1.08 [3290, 2968] [539, 542]
501 431 453 3.3 [3275, 3222, 2923, 2880] [550, 490, 435, 297]
502 473 405 4.91 [5238, 5729] [288, 559]
503 385 517 2.67 [2302, 2352] [538, 554]
504 558 486 4.04 [1993, 2215, 2093, 2122, 2000] [412, 546, 414, 553, 604]
505 427 344 2.42 [2928, 3052, 3177, 2834, 3332, 3166] [393, 578, 541, 418, 427, 526]
506 302 440 2.57 [7386, 7524, 7341] [573, 466, 523]
507 394 206 2.91 [4525, 4772, 5082, 4602, 4184] [415, 489, 512, 448, 280]
508 197 308 1.73 [2187, 2007, 2118, 2097, 2083] [529, 486, 530, 540, 580]
509 342 524 3.7 [11322, 10373] [590, 308]
510 341 236 4.48 [3242, 3470, 3345] [374, 483, 457]
511 562 407 4.02 [3326, 3220, 3432, 3362, 3515, 3208, 3314, 3421, 3621, 3692] [377, 275, 440, 449, 460, 325, 445, 452, 461, 524]
512 435 503 3.88 [7192, 6171, 7011, 7351, 7079] [467, 207, 360, 520, 371]
513 408 318 3.77 [3516, 3539, 3597, 3320, 3159, 3701] [518, 535, 543, 465, 337, 558]
514 428 318 2.11 [9663, 8882, 9423, 9723, 9033] [593, 464, 547, 592, 476]
515 402 416 3.18 [19032, 20601, 19097] [268, 507, 310]
516 438 557 3.47 [2305, 2392, 2471, 2400] [477, 433, 396, 402]
517 230 500 4.88 [2246, 2034, 1986, 2007, 2020] [484, 394, 218, 376, 419]
518 511 251 2.72 [4223, 4029, 4197, 4236, 3731] [450, 595, 603, 314, 480]
519 412 244 4.65 [6654, 5514, 5575, 6125, 5860, 5881, 5759, 6166] [531, 208, 245, 335, 246, 257, 277, 358]
520 458 447 1.73 [6186, 6532, 5779, 6613, 6003, 6430] [408, 420, 215, 525, 492, 553]
521 451 535 1.78 [3320, 3366, 3574] [604, 546, 494]
522 252 582 4.34 [2451, 2410, 2643, 2563, 2627, 2427] [435, 402, 564, 550, 578, 610]
523 474 400 2.6 [2850, 3035, 3113, 3064, 3142, 2831] [391, 390, 498, 327, 298, 395]
524 521 289 3.21 [2506, 2515, 2410, 2558, 2602, 2532] [438, 414, 416, 554, 412, 493]
525 381 533 3.84 [2653, 2808, 2817, 3039, 2663] [218, 378, 477, 548, 396]
526 237 236 1.25 [2909, 3071, 3232, 3293, 2940, 2859, 2879, 2970] [433, 486, 568, 490, 487, 481, 580, 599]
527 428 328 2.65 [2835, 2918, 2624, 2688, 2486, 2817] [297, 526, 410, 418, 393, 541]
528 416 436 3.93 [2196, 2301, 2126] [437, 443, 456]
529 525 369 3.45 [4580] [607]
530 373 480 5.0 [2498, 2618, 2806, 2430, 2635, 2318, 2626, 2643] [329, 440, 579, 286, 488, 326, 512, 543]
531 600 230 1.29 [2384, 2168, 2408, 2312, 2433, 2473, 2304] [472, 392, 527, 427, 537, 538, 569]
532 245 404 2.36 [2747, 2713, 2630, 2353, 2571, 2471] [413, 419, 376, 394, 382, 528]
533 185 586 4.19 [2266, 2444, 2413] [402, 484, 595]
534 520 585 1.59 [2270, 2318, 2213, 2527, 2398] [411, 611, 529, 409, 605]
535 507 550 2.85 [8718, 8232, 9781, 9447, 8930] [338, 278, 519, 468, 386]
536 588 602 1.06 [7417, 7684, 8648, 7845] [314, 435, 550, 450]
537 380 289 1.43 [3023, 3203, 3103, 3233, 3283, 2872, 2802, 3173, 3083, 2952] [480, 564, 604, 610, 578, 327, 390, 603, 493, 498]
538 553 207 2.73 [2709, 2545, 2372, 2314, 2248, 2347, 2396, 2578, 2421, 2643] [412, 554, 298, 391, 395, 416, 438, 546, 494, 414]
539 186 222 4.38 [3140, 2905, 3151, 3204] [488, 373, 558, 551]
540 567 528 1.75 [4958, 4610, 4716, 4746, 4232, 4278, 4172, 4761, 4247] [389, 382, 477, 548, 378, 394, 218, 555, 396]
541 274 536 1.61 [9746] [484]
542 312 243 2.34 [4188, 4451, 4202, 3997, 4641, 4231, 4744, 4817, 4275, 4480] [376, 419, 472, 297, 443, 437, 490, 433, 541, 456]
543 236 545 2.99 [10014, 11609, 12165, 11683] [233, 404, 565, 459]
544 314 445 3.15 [4020, 3407] [489, 402]
545 609 547 4.63 [6582, 6268] [584, 470]
546 446 256 4.33 [2463, 2219, 2512, 2487, 2479, 2357, 2528, 2447, 2292] [492, 336, 448, 564, 578, 610, 595, 415, 280]
547 409 300 1.42 [2809] [530]
548 293 329 3.36 [2190, 2265] [410, 486]
549 525 281 1.23 [8745, 8343, 9456, 8776, 9270, 9240] [281, 393, 465, 418, 473, 526]
550 293 604 2.94 [2961, 2911, 2951, 3139, 2861, 2851, 2792, 2702, 2762] [413, 427, 487, 599, 395, 546, 416, 438, 525]
551 465 480 1.5 [2679, 3088, 2841, 2717, 2879] [481, 536, 539, 540, 542]
552 296 186 2.09 [6082, 6147, 7026, 6784, 7004, 7201, 6960, 6104, 6828] [280, 327, 518, 336, 548, 595, 535, 337, 555]
553 305 218 3.12 [17914, 16981, 19158, 17043, 17230, 19718, 19034, 19842] [240, 221, 333, 230, 231, 380, 384, 575]
554 339 477 1.42 [3749, 4225, 4199, 3942, 3761, 4109] [215, 494, 580, 298, 390, 603]
555 562 578 1.56 [7948, 7453, 7329, 8122, 8097] [498, 391, 414, 553, 604]
556 274 231 1.22 [4522, 4508] [493, 480]
557 271 526 2.75 [5696, 6034, 6333, 6194] [329, 444, 388, 460]
558 209 335 2.92 [5636, 6424, 5959, 5555, 6505, 6323, 5879, 6384] [328, 446, 364, 369, 583, 434, 374, 483]
559 337 311 3.03 [2009, 2050, 1906, 2214, 2070, 2091] [411, 527, 420, 554, 537, 412]
560 532 254 2.8 [6177, 6324, 6346, 5713] [461, 524, 579, 377]
561 356 288 1.9 [3520, 4107, 3903, 3826] [392, 410, 569, 564]
562 360 489 3.89 [3664] [482]
563 312 302 2.46 [7980] [457]
564 290 215 1.89 [2506, 2644, 2212, 2522, 2546, 2400, 2530] [409, 486, 448, 528, 538, 545, 408]
565 505 604 4.8 [5978, 6523, 6038] [352, 572, 367]
566 582 257 3.45 [2944, 2640, 2702, 2792, 2720, 2658, 2819, 2523] [415, 489, 402, 492, 610, 389, 578, 382]
567 502 402 3.67 [2720] [378]
568 410 324 1.14 [2099, 2061, 2368, 2211, 2391, 2383] [218, 376, 394, 477, 605, 487]
569 421 480 3.24 [14339, 12457, 13667, 12502, 13756, 12636, 13891, 12860, 14652] [432, 253, 330, 260, 349, 261, 406, 266, 506]
570 189 330 3.01 [2026, 2144] [413, 396]
571 531 440 1.95 [2803, 3166, 2813, 3384, 3229, 2948, 3291] [297, 490, 412, 541, 433, 420, 419]
572 252 461 1.78 [6061, 5637, 5177, 5987, 5195, 5895, 5342, 5803, 5876] [422, 435, 382, 448, 389, 437, 395, 443, 546]
573 460 592 2.32 [6370] [550]
574 472 272 3.98 [2893, 2882, 3162, 3401] [275, 326, 373, 452]
575 396 351 3.7 [2909] [578]
576 567 419 3.06 [3323, 3335, 3914, 3274, 3286, 3467] [218, 314, 489, 376, 390, 394]
577 529 393 1.76 [3918, 3995, 3480, 3725, 4060, 4176, 4202, 3751] [416, 427, 438, 472, 554, 456, 525, 599]
578 449 192 2.66 [2492, 2058, 2203, 2126, 2226, 2325, 2447, 2134] [411, 477, 450, 603, 527, 537, 481, 415]
579 235 515 4.24 [5554] [602]
580 260 315 4.8 [4399, 4111, 4442, 4039, 3939, 4226, 4614, 4643, 3881] [441, 300, 485, 307, 279, 366, 503, 598, 222]
581 308 191 3.77 [20013, 18832, 21259, 21587, 19553, 19816, 17716, 18766, 20078] [320, 271, 479, 397, 319, 403, 200, 282, 453]
582 360 212 2.12 [7147, 6558, 7477, 6628, 7053, 6793, 6817, 7100, 7690] [402, 286, 512, 325, 378, 440, 449, 564, 492]
583 606 220 3.97 [2204, 2114, 2444, 2106, 2392, 2256, 2475] [298, 215, 396, 410, 419, 480, 610]
584 332 538 1.8 [2037, 2171, 1950, 1843, 1917, 2111, 1823, 1964, 2024] [486, 529, 408, 545, 494, 568, 538, 530, 611]
585 292 432 2.84 [5116, 5245, 5910, 6076, 5467, 5356, 5670, 5042, 5208] [445, 464, 551, 607, 488, 543, 558, 518, 535]
586 353 219 1.98 [2146, 1991, 2382, 2168, 2161, 2058, 2279, 2176, 2006] [409, 433, 487, 493, 539, 420, 580, 413, 490]
587 444 519 2.2 [2149, 2424, 2260, 2357, 2364, 2379, 2283] [450, 297, 477, 412, 415, 541, 528]
588 403 605 4.86 [7540] [571]
589 237 258 3.0 [6016, 6603, 6896, 5953, 6058, 6687] [317, 424, 606, 372, 446, 491]
590 242 335 3.87 [8534, 8764, 8879, 8477, 9051, 8046, 7988, 9310, 9253] [340, 455, 478, 356, 515, 288, 291, 588, 497]
591 315 449 3.58 [2511, 2603, 2277, 2653, 2502] [494, 578, 327, 603, 484]
592 604 443 1.11 [2869, 2681, 2690, 2788, 2914, 2779, 2573, 2654] [326, 280, 275, 396, 610, 337, 373, 486]
593 226 362 2.36 [2239, 2502, 2100, 2255, 2316, 2162, 2340, 2533, 2270] [314, 438, 218, 408, 413, 336, 537, 481, 472]
594 301 358 2.75 [2091, 2083, 2260, 2334] [390, 452, 595, 555]
595 205 251 1.68 [3138, 3672, 3376, 3195, 3149, 3388, 3479, 3467, 3604, 3104] [281, 482, 456, 394, 410, 422, 376, 548, 489, 416]
596 439 572 3.5 [3133] [465]
597 250 319 2.72 [3190, 3659, 3536, 3369] [415, 480, 466, 419]
598 246 236 2.24 [3085, 3220, 2970, 2897, 3231, 3314, 3324, 3012, 2981, 3366] [433, 599, 604, 215, 493, 547, 490, 554, 569, 525]
599 329 356 1.48 [6812] [573]
600 297 374 2.38 [3536, 3513, 3525] [450, 477, 476]
601 604 588 1.5 [2348, 2108, 2417, 2216, 2270, 2239, 2294, 2379, 2487] [392, 487, 536, 427, 527, 411, 542, 605, 540]
602 280 304 3.18 [2606, 2767, 3089, 3022, 2587, 2909] [297, 298, 526, 420, 382, 448]
603 404 226 3.19 [9480, 8768, 10386, 10095, 10548, 9771, 9448, 9351, 10483, 8865] [296, 238, 582, 496, 609, 401, 315, 321, 522, 255]
604 309 444 2.18 [2182, 2033, 2147, 2324, 2069, 2104] [418, 414, 529, 538, 541, 553]
605 502 534 1.45 [6009, 6665, 5804, 5660, 6235, 6029, 5824] [444, 592, 452, 388, 523, 460, 484]
606 267 584 3.91 [3473, 3219, 3166, 3367, 3325, 3176, 3155, 3409] [329, 558, 326, 373, 543, 555, 275, 593]
607 434 364 2.14 [3307, 3642, 3353, 3561, 3526, 3653, 3226] [391, 435, 473, 498, 578, 389, 546]
608 301 217 3.53 [4409, 4368, 3737, 3979, 4180, 4248, 3804, 4355, 3791] [226, 466, 422, 445, 482, 369, 440, 328, 449]
609 553 220 3.99 [2432, 2348, 2250, 2439, 2371, 2098] [550, 327, 337, 603, 336, 395]
610 502 611 3.08 [1883, 2114, 2087, 1863, 2209, 1877, 2073] [595, 443, 580, 437, 393, 494, 412]
611 546 213 4.63 [3111, 3100, 3506, 3177, 3440, 3013, 3199, 3473] [276, 364, 583, 398, 511, 374, 524, 458]
612 588 215 2.07 [7666, 7444, 6877, 7493, 7912, 6976, 7542, 7370, 7789, 6729] [607, 547, 218, 518, 488, 280, 579, 551, 461, 314]
613 331 605 2.42 [2808, 2452, 2541, 2746, 2719, 2576, 2773] [390, 409, 438, 610, 413, 472, 396]
614 379 227 1.82 [3894, 3618, 3643, 4082] [465, 281, 325, 548]
615 259 309 4.79 [3383, 3160, 3628] [594, 324, 596]
616 412 279 4.23 [2580, 2388, 2688, 2571, 2563, 2288, 2330, 2605] [535, 286, 489, 464, 377, 376, 394, 512]
617 428 190 3.19 [2379] [486]
618 321 379 4.9 [6091, 6271, 6383] [513, 544, 570]
619 602 206 3.17 [2340, 2573, 2668, 2435, 2496, 2461] [408, 415, 541, 382, 564, 553]
620 557 545 3.26 [5615, 5580, 4843] [347, 557, 216]
621 472 492 2.67 [2299, 2397, 2217, 2479, 2430, 2684, 2495, 2487] [336, 402, 298, 414, 418, 476, 419, 427]
622 389 354 2.98 [3036, 2960, 2638, 2609, 2733, 2723, 2619, 3065, 3008] [448, 433, 337, 378, 487, 490, 410, 595, 492]
623 321 544 4.82 [4395, 4409, 4479] [594, 436, 586]
624 392 529 3.86 [19385, 16624, 19685, 18245, 17584, 18785] [566, 185, 474, 339, 293, 181]
625 535 379 1.32 [3086, 3150, 3278] [550, 593, 611]
626 233 487 3.1 [8239, 8549, 8295, 8775, 8493, 8831, 9226] [353, 441, 355, 447, 398, 503, 562]
627 532 302 1.14 [2258, 2282, 2502, 2478, 2384] [604, 528, 530, 568, 481]
628 224 479 1.83 [3142, 2870, 3038, 2902, 3383, 3111, 3394, 3216, 3331, 3373] [412, 215, 326, 297, 456, 327, 525, 373, 416, 275]
629 182 559 2.43 [7759, 8407, 8537, 7914, 7032, 7058, 8329, 7836, 7862] [276, 224, 483, 227, 226, 274, 434, 388, 457]
630 231 551 3.83 [3074, 3055, 2978, 3045] [543, 555, 329, 578]
631 288 298 4.92 [2232, 2074, 2217, 2345, 2322, 2270, 2427, 2149, 2412] [464, 450, 389, 286, 489, 377, 512, 435, 558]
632 415 276 3.45 [3878, 3255, 3662, 3291, 3351, 3686, 3770, 3519, 3555, 3363] [535, 328, 445, 336, 369, 466, 573, 476, 523, 440]
633 209 307 3.39 [4877, 4252, 4163, 4788, 4743, 4490, 4654, 4579] [458, 324, 254, 364, 511, 491, 583, 460]
634 542 266 4.55 [1898, 2048, 2096, 2103, 1891, 2124, 2014, 1844] [437, 396, 603, 610, 420, 477, 546, 395]
635 329 577 1.48 [2332, 2414] [537, 493]
636 550 520 3.54 [3260, 3121, 2961, 3356, 2897, 2929] [382, 394, 376, 564, 415, 422]
637 422 267 4.17 [2347, 2178, 2448] [482, 390, 452]
638 203 415 3.0 [3551, 4073, 3704] [325, 592, 444]
639 254 433 4.62 [12104, 12972, 12775, 12223, 11631, 12380, 10882, 10646, 12578] [351, 589, 454, 381, 303, 405, 204, 194, 561]
640 379 320 3.85 [6495, 5983] [560, 363]
641 255 501 3.46 [9376, 10391, 9782, 10561, 10730, 9308, 9274] [242, 383, 331, 559, 608, 257, 259]
642 517 358 2.16 [3407, 3802, 3239, 3287, 3431, 3898, 3479, 3754] [393, 443, 411, 526, 599, 480, 554, 494]
643 572 293 3.41 [9117, 9181, 10285, 9559, 8770, 9906, 9685, 8739, 9780, 9370] [236, 295, 576, 335, 197, 361, 343, 198, 344, 352]
644 263 531 3.38 [2224, 2431] [498, 473]
645 521 456 1.79 [2901, 3079, 2929, 3032, 3070, 2591] [472, 527, 539, 391, 580, 392]
646 539 314 2.77 [6228, 7280, 7303, 6116, 6340] [219, 606, 596, 220, 263]
647 414 561 4.25 [4325, 4352, 4177, 3867, 3679, 3800, 3935, 3975] [424, 557, 299, 254, 216, 317, 324, 347]
648 308 516 2.2 [8305, 8603, 8990, 9079, 8454] [374, 558, 593, 524, 449]
649 183 549 3.82 [5469, 5939, 5743, 5292, 6076, 5978, 6174, 5959, 6037, 5900] [265, 485, 366, 222, 586, 508, 598, 509, 517, 597]
650 185 361 2.43 [2477, 2700] [402, 413]
651 511 230 1.75 [5303, 5157, 4620] [465, 337, 281]
652 340 538 1.64 [6542, 6835, 6605, 6187] [377, 329, 448, 275]
653 273 467 3.48 [7528, 7552] [519, 602]
654 610 311 1.6 [5119, 4974, 4522, 4909] [419, 484, 326, 477]
655 310 519 2.89 [2797, 2788, 2902, 3064, 2893] [604, 486, 541, 553, 438]
656 417 341 2.45 [9399, 8064] [458, 372]
657 516 430 2.87 [18190, 20121, 19623, 20495, 17692, 18938, 19934, 19249, 18688, 16820] [229, 470, 332, 521, 208, 346, 439, 357, 358, 193]
658 372 434 3.21 [2435, 2365, 2396, 2544, 2295, 2528] [550, 492, 548, 595, 298, 378]
659 291 394 1.76 [3333, 3698, 3139, 3253, 3082, 3539] [373, 543, 389, 414, 418, 555]
660 229 430 2.34 [3800, 4345, 4146, 3614, 4226, 3707, 4279, 3827, 3920] [286, 512, 464, 395, 578, 396, 610, 433, 437]
661 270 595 3.71 [2609, 3082] [450, 435]
662 602 514 2.07 [4504, 3976, 4032, 3795, 3851, 4518, 4143, 4421, 4018] [489, 410, 420, 408, 446, 490, 452, 493, 482]
663 329 603 1.2 [2284, 2401] [605, 545]
664 256 341 3.75 [2231, 2329, 2516, 2361, 2434, 2508, 2679] [215, 297, 546, 390, 498, 327, 603]
665 437 580 2.46 [11674, 10568] [436, 270]
666 267 506 4.99 [6432, 6328, 6099, 5703] [531, 520, 371, 246]
667 204 474 4.86 [3344, 3255, 3222, 3355, 3630, 3310] [583, 220, 274, 511, 491, 317]
668 340 454 1.96 [8978, 10761, 10365, 10035] [328, 466, 523, 573]
669 314 335 4.69 [4264, 3991] [300, 299]
670 557 355 3.62 [5766, 6193, 6278, 6770, 7004, 6791, 6342, 6150, 5787, 5937] [217, 273, 307, 598, 500, 468, 318, 279, 219, 235]
671 593 536 3.96 [2956, 3224, 3193, 2914, 3162, 3400, 3276, 3038, 3173] [445, 579, 476, 415, 461, 369, 440, 488, 422]
672 289 458 1.53 [5347, 4840, 4873, 5110, 4738, 4907, 5144, 5161, 4806, 4755] [551, 427, 444, 535, 402, 456, 547, 607, 487, 518]
673 314 448 1.53 [4893, 4590, 4984] [538, 325, 525]
674 506 565 4.35 [3225, 3655, 3644, 3679, 3621, 3597, 3423, 3330] [226, 434, 446, 483, 596, 224, 227, 276]
675 540 301 2.69 [2608, 2481, 2889, 2825, 2662, 2472] [412, 473, 416, 481, 526, 494]
676 396 554 1.7 [1933] [569]
677 480 247 3.15 [8762] [577]
678 182 197 1.71 [11452, 12321, 11943, 11301, 11150, 10205, 10809, 12435] [543, 592, 460, 548, 550, 336, 373, 364]
679 205 323 1.89 [2014, 2149, 2318, 2085, 1951] [540, 536, 542, 529, 409]
680 444 510 3.69 [2669, 2900, 2785, 2501, 2598, 2820, 2829, 2474, 2572, 2811] [595, 382, 376, 280, 378, 492, 564, 443, 480, 394]
681 341 482 1.8 [3727, 3778, 3918, 4084, 3702, 4147, 3511, 3486] [413, 314, 393, 599, 389, 218, 298, 391]
682 403 266 4.69 [2905, 3247] [263, 511]
683 313 555 4.48 [3863, 4030, 3645, 4056, 4158] [424, 557, 324, 606, 359]
684 573 301 2.7 [8506, 7766, 8990, 8392] [347, 220, 556, 348]
685 238 585 4.88 [4114, 3866, 4206, 3827, 3657, 3788] [451, 243, 594, 299, 254, 300]
686 206 211 3.16 [7730] [442]
687 210 318 2.1 [2207] [528]
688 224 561 1.8 [4049, 4374, 4091] [450, 604, 541]
689 540 435 1.16 [2996, 3218, 2744, 2724, 3168, 2885, 3047, 2916, 3228] [438, 472, 435, 486, 537, 546, 553, 555, 554]
690 319 245 4.21 [2631, 2525, 2560, 2790, 2746, 2551] [457, 578, 482, 512, 286, 464]
691 598 515 1.96 [1897, 2272, 2279, 2223] [527, 569, 411, 580]
692 186 220 3.82 [2633, 2607, 2650, 2503, 2841, 2824, 2642, 2529, 2573, 2564] [281, 326, 369, 327, 579, 465, 440, 337, 433, 445]
693 374 563 2.4 [6739, 6528, 6575, 7561, 6974, 6692, 6387, 6622, 6645] [388, 489, 452, 461, 476, 488, 329, 583, 422]
694 366 354 4.6 [8408, 8985, 9926, 9046, 8651] [207, 283, 534, 360, 256]
695 219 271 4.49 [1899, 2285, 2173, 2229, 2117, 2060] [297, 484, 603, 610, 396, 390]
696 317 180 1.16 [2156, 2164, 2218, 2342, 2226, 2505, 2319] [215, 392, 414, 418, 530, 498, 611]
697 315 343 3.62 [2420, 2579, 2301, 2428, 2166, 2214, 2285, 2349, 2476, 2531] [419, 415, 382, 492, 280, 394, 412, 437, 477, 473]
698 531 437 4.11 [3573, 3297] [607, 377]
699 372 440 2.12 [3920, 4431, 4530, 4232, 4175, 4076, 4672, 4360, 4147] [275, 378, 564, 443, 376, 480, 595, 526, 490]
700 482 245 2.21 [3561, 3234, 3806, 3409] [395, 410, 494, 416]
701 480 218 1.53 [3100, 3736, 3282, 3361, 3588, 3475, 3134, 3441, 3225] [216, 457, 286, 420, 374, 493, 372, 448, 444]
702 549 246 3.21 [2489] [555]
703 570 427 4.33 [2657, 3089, 3023, 2788, 2807, 2967, 2563, 2948, 3051] [325, 547, 551, 518, 464, 449, 369, 482, 512]
704 264 276 4.9 [2301] [524]
705 296 601 4.69 [4218, 3942, 3640, 3693, 3548, 3903, 3575] [359, 424, 263, 274, 224, 491, 317]
706 383 263 1.24 [5532, 4693, 4796] [446, 226, 227]
707 580 507 2.69 [7435] [596]
708 258 333 1.47 [2441, 2215, 2489, 2199, 2191, 2384, 2473, 2457, 2231, 2416] [435, 535, 481, 408, 529, 545, 568, 605, 553, 409]
709 602 529 2.19 [2150, 2467, 2088, 2197, 2274, 2251, 2398] [297, 579, 326, 389, 546, 445, 440]
710 455 361 3.38 [2449, 2550, 2600, 2474, 2743, 2668] [390, 434, 484, 465, 558, 578]
711 184 599 4.07 [3370, 3794, 3432, 4081, 3670, 3907, 3657, 3707] [328, 483, 579, 557, 524, 511, 593, 276]
712 191 474 1.88 [5660] [337]
713 353 545 2.43 [4301] [610]
714 555 184 3.81 [2521, 2905] [218, 281]
715 308 315 4.83 [2866, 2817, 2769, 2615] [434, 551, 369, 372]
716 373 216 2.61 [11250, 11133, 11679, 11562, 11797, 12734, 11718, 11289, 11992] [338, 305, 421, 386, 462, 467, 469, 363, 501]
717 315 449 4.44 [2756, 2890, 2711, 2908, 2604, 2541] [445, 440, 216, 377, 326, 382]
718 515 185 3.44 [2139, 2119, 2105, 1859, 2167] [472, 402, 554, 215, 603]
719 341 489 1.41 [3476, 3499, 3805, 3358, 3770] [394, 327, 396, 280, 314]
720 495 601 1.53 [3561, 3172, 3383] [415, 418, 492]
721 573 514 4.64 [3543, 3166] [606, 457]
722 522 255 3.66 [2105, 1907, 1914, 2119, 1982, 2242, 2228, 2016, 2023, 1934] [414, 298, 419, 438, 413, 498, 486, 433, 391, 450]
723 511 508 2.98 [11691, 10449, 10011] [584, 417, 245]
724 257 583 3.29 [2250, 1957, 1901, 2006, 2041] [456, 393, 411, 427, 477]
725 436 305 4.92 [8181, 8397] [428, 572]
726 483 232 3.37 [2729, 2681, 2615, 2767, 2986, 2872, 2910] [437, 555, 412, 473, 541, 525, 604]
727 345 240 3.06 [2137, 1921] [580, 527]
728 385 440 2.53 [4531, 4195, 4794, 4107, 4618, 4662, 4735, 4209] [482, 324, 607, 325, 512, 458, 535, 374]
729 595 516 3.89 [2270, 2347, 2132, 2409, 2324, 2501, 2378, 2116] [389, 547, 444, 449, 518, 464, 435, 553]
730 584 184 2.28 [11811, 11730] [597, 485]
731 294 344 4.58 [2030, 1941, 2057] [573, 402, 558]
732 193 584 3.44 [4908, 4710, 5237, 4973, 5023, 4595, 4842, 5352, 4578, 4825] [466, 317, 583, 483, 491, 226, 523, 511, 276, 227]
733 340 364 3.85 [2474, 2512, 2115, 2184, 2436] [275, 465, 410, 297, 286]
734 423 378 3.79 [2994, 3024, 2716, 2845, 3144, 2815, 2706, 3154, 3094, 2805] [488, 484, 419, 450, 564, 477, 452, 578, 448, 595]
735 467 366 3.1 [2654, 2715, 2410] [487, 599, 603]
736 341 419 3.21 [6808, 7002, 7608, 7462, 6978, 6784, 7026, 6905, 7705] [264, 278, 508, 509, 365, 366, 375, 586, 517]
737 293 300 1.75 [3732] [528]
738 395 258 2.72 [3674, 3364, 3353, 3284, 3112, 3651, 3663, 3571, 3513, 3192] [433, 215, 218, 281, 298, 546, 388, 382, 376, 372]
739 361 394 3.74 [2380, 2427, 2207, 2121] [395, 494, 390, 378]
740 381 568 4.16 [3219, 3061, 3367, 3198, 3283, 2955, 3029, 3230, 3462, 2871] [434, 216, 446, 557, 573, 422, 444, 558, 461, 476]
741 188 245 1.02 [2187, 2209, 1960, 2152, 2180, 2194, 2308, 2329, 1925, 2102] [536, 537, 472, 538, 539, 540, 542, 569, 416, 392]
742 181 361 4.41 [7273] [570]
743 539 574 4.06 [2807, 3037, 2846, 2606, 2721] [329, 369, 449, 377, 415]
744 457 273 3.09 [2558, 2430, 2507, 2703] [420, 408, 438, 554]
745 240 323 1.41 [4877, 5754] [263, 606]
746 595 561 4.62 [2168, 2115, 2235, 2070, 2153] [464, 492, 555, 490, 547]
747 301 259 3.0 [3980] [524]
748 317 235 2.48 [18786, 19511, 21027, 20895, 18984, 20763, 21488] [250, 285, 502, 516, 277, 544, 591]
749 437 257 2.88 [5870, 6386, 6515] [324, 458, 596]
750 392 373 1.43 [3223, 2997, 2880] [498, 480, 413]
751 290 569 4.0 [5329, 4966, 4758, 5346, 4741, 5121] [560, 222, 359, 594, 300, 265]
752 391 569 4.44 [1944, 1930, 2163, 2262, 2022, 2106] [280, 326, 440, 518, 443, 551]
753 206 405 3.95 [2319, 2547, 2335, 2682, 2386, 2555, 2750, 2395] [275, 593, 314, 579, 328, 489, 445, 389]
754 330 488 3.6 [2759, 2308, 2776, 2631, 2427, 2648, 2401] [604, 286, 457, 394, 327, 493, 391]
755 406 608 3.27 [2019, 2026, 2242, 2283, 1928, 2068, 2221, 1914] [393, 486, 456, 526, 580, 481, 414, 427]
756 409 580 4.78 [3296, 2824, 2988, 3337, 3091, 3193] [424, 216, 224, 557, 372, 274]
757 406 445 3.73 [7647, 8267, 8241, 8035, 7518, 7130] [315, 522, 367, 496, 296, 255]
758 208 481 4.23 [2308, 2579, 2341, 2621, 2670] [336, 374, 364, 435, 465]
759 294 394 4.98 [2151, 2188, 2085] [488, 452, 402]
760 435 420 2.73 [2942, 3046, 3287, 3339, 2889, 3057, 2910, 2983] [396, 437, 610, 541, 418, 473, 525, 553]
761 606 584 4.5 [2988, 2843, 2488, 2525, 2634, 2761, 2643] [592, 607, 325, 373, 460, 482, 512]
762 289 608 4.06 [2237, 1914, 2258, 1977, 2054, 2132, 2307, 2125, 2300] [578, 297, 484, 390, 410, 564, 603, 472, 378]
763 445 581 3.63 [5740, 6087, 5778, 6029, 5432, 6221, 5490] [243, 533, 237, 451, 299, 563, 272]
764 322 447 3.65 [3466, 3598, 3707] [440, 547, 543]
765 451 464 1.67 [2599, 2917, 2945, 2926, 3010, 3001, 3057] [527, 599, 605, 487, 412, 411, 409]
766 263 257 3.71 [5493, 5631, 5532, 5808, 5572, 6005, 6458] [235, 307, 318, 353, 348, 355, 602]
767 422 554 4.82 [2577, 2899, 3041, 2606, 2861, 2956, 2928] [254, 573, 434, 328, 461, 446, 388]
768 450 231 4.19 [2780, 3197, 3048, 2919, 3256, 3028, 2909] [326, 579, 464, 422, 551, 518, 476]
769 599 208 1.3 [11278] [491]
770 361 513 3.41 [3674, 3710, 3651] [448, 535, 555]
771 568 194 2.26 [2530, 2554, 2279, 2602, 2214, 2255, 2384, 2263] [337, 450, 419, 416, 477, 490, 537, 492]
772 493 516 4.89 [2852, 2690, 2771, 2619] [593, 329, 457, 369]
773 247 601 4.56 [1896, 1957, 1863, 1876, 1964, 1923, 2018] [526, 548, 420, 443, 550, 494, 595]
774 230 313 1.26 [2603, 2846, 2640] [395, 530, 611]
775 476 401 2.51 [8339] [511]
776 446 185 4.22 [4784, 5132, 5079] [442, 468, 447]
777 538 532 3.29 [18277, 18691, 19046] [429, 581, 601]
778 345 471 3.71 [4663, 4797, 4497, 4630, 4613, 5196, 5346, 5180, 5046] [217, 220, 224, 254, 263, 347, 424, 557, 556]
779 527 412 1.89 [6512, 6777, 6578, 6071, 6358, 6115, 6225] [317, 483, 466, 377, 444, 558, 583]
780 474 247 4.38 [3376, 3188, 3143, 3132, 3298, 3509, 3475, 3321, 3619, 3199] [226, 227, 276, 364, 374, 523, 524, 607, 606, 488]
781 374 460 3.77 [7804, 7289, 7632, 7951] [582, 321, 401, 562]
782 579 184 2.63 [3933, 3861, 3957, 3837, 3801, 3440, 3452] [445, 275, 449, 286, 280, 281, 382]
783 229 283 4.17 [20274, 18154, 20208, 17889, 18286, 18750, 21334] [342, 213, 463, 187, 232, 284, 399]
784 262 314 3.46 [3130] [489]
785 459 225 3.27 [2078] [414]
786 446 453 1.79 [8896, 7849, 8097, 8731] [503, 273, 274, 500]
787 540 505 4.27 [2581, 2699, 2707, 2447] [389, 452, 465, 415]
788 205 365 2.68 [2768] [456]
789 395 451 1.32 [2703, 2545, 2501] [438, 393, 486]
790 229 261 2.33 [11763, 12984, 12333, 11396, 13269, 11600, 11559] [279, 398, 441, 265, 560, 519, 533]
791 300 222 2.23 [3357, 3662, 3526, 3718, 3051, 3696, 3311] [336, 391, 314, 218, 215, 376, 394]
792 249 250 3.69 [17013, 14316, 15094] [571, 206, 289]
793 255 253 2.59 [2168, 2376] [554, 569]
794 370 348 2.17 [3143] [546]
795 296 597 3.06 [4916, 4212, 4763, 4411, 4840, 4334] [460, 216, 482, 325, 372, 373]
796 354 551 2.5 [3766, 3792, 3754, 3402, 4018] [433, 498, 480, 298, 435]
797 511 335 3.68 [2682] [604]
798 599 258 1.44 [8736, 8627, 8083, 8164, 8872, 8573, 7566, 7375, 8110] [586, 222, 219, 300, 594, 598, 270, 264, 359]
799 215 362 2.19 [4984, 4211, 4196] [592, 327, 328]
800 242 187 3.62 [2494, 2639, 2912, 2548, 2521, 2721, 2594] [378, 402, 564, 484, 493, 578, 512]
801 221 538 2.74 [6734] [446]
802 181 203 1.08 [5679] [434]
803 199 434 4.44 [3036, 3224, 3566, 3003, 3379] [276, 278, 509, 324, 457]
804 476 423 4.26 [3331, 3266, 3617, 3211, 2991, 3068, 3474] [369, 388, 573, 329, 365, 440, 579]
805 438 415 3.98 [5738, 6433, 5877, 5798] [307, 577, 375, 353]
806 214 250 4.01 [3308, 3265, 3549, 3462] [461, 464, 551, 593]
807 318 579 2.99 [2554, 2580, 2475, 2719, 2588, 2780, 2850, 2562, 2797] [297, 396, 390, 595, 408, 550, 413, 548, 427]
808 448 586 4.78 [1842] [603]
809 564 209 4.12 [2470, 2445, 2660, 2668, 2429, 2702, 2313] [326, 419, 543, 337, 422, 492, 450]
810 537 396 3.61 [1959, 2196, 2267, 2009, 2131, 2203, 2124] [418, 525, 610, 437, 477, 410, 553]
811 587 406 4.28 [8260, 8151, 8315, 7715] [497, 478, 588, 404]
812 551 217 1.38 [4087, 4450, 4143, 4031, 4115, 4073] [366, 547, 458, 476, 481, 518]
813 554 270 1.64 [9716, 8778, 8869, 8717, 9595, 9413] [508, 272, 436, 237, 563, 517]
814 245 189 4.22 [7427, 7450, 6652, 6516, 7336, 6424] [565, 609, 459, 447, 513, 467]
815 453 310 4.91 [2383, 2104, 2338, 2059, 2443, 2149, 2406, 2428] [555, 364, 452, 389, 227, 415, 596, 535]
816 298 542 2.61 [3720, 3178, 3539, 3619, 3110, 3528, 3268] [541, 420, 494, 490, 443, 473, 472]
817 507 524 4.28 [11396, 10012] [515, 214]
818 279 535 3.77 [4118, 4462, 4187, 4146, 4201, 4338, 4064] [524, 299, 451, 523, 606, 243, 374]
819 580 329 1.6 [2418, 2401] [539, 529]
820 549 495 4.57 [7412, 8910, 8774, 8365] [183, 585, 510, 180]
821 560 582 2.17 [5849, 6679, 6658, 6036, 6513, 6492, 6160, 6803, 5953, 6285] [220, 355, 468, 263, 442, 602, 318, 597, 226, 365]
822 392 556 1.86 [2539, 2484] [538, 568]
823 203 419 1.78 [7309] [485]
824 511 332 4.89 [3713, 3576, 3086] [235, 254, 217]
825 536 570 4.31 [11202, 10588] [590, 407]
826 290 200 1.91 [2207, 2303] [392, 580]
827 500 417 2.75 [3407, 3361, 3198, 3582, 3442] [448, 416, 414, 526, 412]
828 486 194 1.11 [4664, 4988, 4939, 4405, 5263, 5280, 5037, 4502, 4583] [275, 445, 286, 278, 449, 465, 489, 281, 488]
829 537 564 3.44 [2800, 2643, 2671, 2939, 2634, 2874] [382, 395, 456, 512, 484, 603]
830 482 554 1.54 [4394] [607]
831 429 271 4.98 [3568, 3469, 4039, 3605, 3593, 3580] [347, 348, 509, 424, 556, 557]
832 402 348 4.86 [6742, 7116, 7210, 7374, 6578, 6531, 7397, 7608, 6718, 7420] [246, 291, 302, 356, 259, 288, 520, 455, 308, 531]
833 488 344 4.6 [2038, 2284, 2305, 2186, 2193] [280, 402, 578, 610, 564]
834 541 373 4.82 [2347, 2448, 2625] [388, 543, 596]
835 543 181 2.73 [3599, 3343, 3494, 3541, 3250] [599, 438, 550, 548, 378]
836 608 253 2.26 [2065, 2099, 1901, 2140, 2092] [411, 487, 527, 528, 554]
837 394 550 3.19 [2957] [477]
838 578 254 2.4 [2921, 2732, 2714] [393, 486, 493]
839 299 305 1.93 [4419, 4677, 4208, 4238] [224, 583, 324, 317]
840 443 254 4.62 [2236, 2628] [216, 422]
841 342 506 2.32 [2386, 2081, 2030, 2132, 2226, 2255] [537, 394, 336, 409, 553, 595]
842 391 495 2.92 [17259] [587]
843 397 376 1.69 [3542, 3347, 3611] [457, 337, 461]
844 368 240 4.95 [3856, 4104] [451, 366]
845 229 587 2.25 [5980] [483]
846 583 458 1.68 [2995, 2974] [545, 542]
847 372 359 1.95 [2026, 2100, 2398] [604, 540, 536]
848 180 273 3.18 [9577, 8687, 8625, 9454, 9608, 8871, 9669, 9301] [462, 233, 295, 367, 371, 321, 238, 421]
849 266 368 3.05 [2824] [450]
850 333 452 2.18 [3821, 4324, 4087, 4352, 3807, 3863, 4394, 4604, 3779, 4017] [218, 227, 326, 364, 276, 329, 466, 593, 369, 372]
851 398 520 2.73 [3148, 3311] [419, 396]
852 564 186 3.83 [6275, 6183, 7260, 6573, 6893, 7466, 6848, 7145, 6527] [245, 255, 340, 296, 338, 562, 363, 469, 305]
853 215 189 2.1 [2358, 2649, 2544, 2463, 2657, 2536, 2220, 2576, 2495, 2617] [297, 492, 376, 525, 546, 410, 314, 437, 413, 390]
854 297 428 3.83 [2914, 3297] [389, 551]
855 444 313 2.44 [2109, 2300, 2063, 2178, 2117, 2399, 2277, 2094] [408, 440, 377, 415, 427, 535, 418, 435]
856 217 484 4.0 [2932, 2796, 3020, 2718, 3098] [452, 464, 558, 444, 579]
857 317 534 4.48 [2030, 2255, 2192, 1974] [328, 555, 573, 433]
858 543 568 2.53 [5863, 5772, 5609, 5266, 5628, 5483, 5139, 5447, 5067] [243, 458, 460, 482, 503, 511, 434, 299, 500]
859 282 217 3.87 [3491, 3281, 3326, 3502, 3524, 3546] [476, 325, 373, 606, 596, 592]
860 437 346 1.17 [3602, 3347, 3784, 3287] [215, 217, 480, 273]
861 325 223 2.9 [2297, 2467, 2370, 2434, 2256, 2581, 2224] [487, 391, 498, 580, 512, 298, 518]
862 188 548 4.72 [3624, 3450] [598, 235]
863 562 304 2.52 [2039, 2060, 2025, 2005, 2080, 2053] [490, 564, 569, 605, 443, 547]
864 432 539 1.56 [2277, 2346, 2377, 2132, 2492, 2431, 2362, 2247, 2423] [448, 280, 327, 216, 578, 523, 402, 420, 388]
865 215 389 3.04 [2589, 2616, 2554, 2652, 2786, 2687, 2723] [254, 336, 348, 374, 446, 541, 610]
866 411 358 2.62 [4882, 4696, 4804] [594, 556, 509]
867 592 487 1.2 [2152] [611]
868 302 216 2.47 [2403, 2918, 2829, 2501] [274, 543, 382, 394]
869 422 369 4.82 [4230] [375]
870 409 606 2.31 [8004, 8860, 7784] [264, 501, 219]
871 188 550 1.36 [3003, 2809, 3116, 3064] [347, 300, 484, 524]
872 332 275 1.7 [4334, 4444, 4485, 4099, 3795, 4320] [359, 424, 557, 270, 278, 586]
873 504 484 1.44 [3382, 3200, 3371, 3168, 3435] [328, 353, 595, 377, 573]
874 466 497 3.8 [11028, 11104] [608, 495]
875 523 604 3.41 [2229, 2292, 2214, 2172, 2264, 2080, 2151, 2045, 1995] [395, 472, 473, 494, 554, 603, 604, 526, 440]
876 213 180 2.19 [13345, 11052, 11830, 12485, 11257, 11707] [577, 307, 386, 602, 355, 468]
877 314 180 4.09 [2266, 2036, 2168, 2161, 2210] [535, 414, 456, 553, 422]
878 373 595 1.74 [2447, 2212, 2187, 2439, 2309, 2414, 2374, 2536, 2293] [538, 457, 314, 415, 492, 435, 392, 491, 416]
879 572 213 4.45 [2366, 2474, 2228, 2444, 2151, 2467, 2181] [222, 555, 444, 607, 450, 579, 461]
880 343 610 3.84 [3346, 3366, 3181, 3387, 2934] [551, 451, 224, 366, 317]
881 286 431 3.14 [12889, 11740, 13382, 12356, 12848, 13218, 11206, 12273] [383, 242, 559, 331, 497, 570, 197, 335]
882 607 189 2.27 [2147, 2041, 1950] [529, 530, 528]
883 593 592 2.1 [14392, 14797] [365, 563]
884 317 352 1.04 [3454, 3050] [558, 318]
885 244 433 4.55 [2912, 2818, 3091, 2565] [220, 324, 583, 275]
886 404 295 3.81 [14266, 13772, 14414, 13426, 13969] [354, 304, 350, 313, 600]
887 498 254 2.81 [3040, 3100, 3159, 2812, 3219, 2911, 2851, 3139] [548, 452, 464, 372, 442, 477, 376, 488]
888 604 258 1.54 [4260, 4679, 4203] [436, 597, 517]
889 432 244 4.66 [3606, 3305, 3536, 3339, 3594, 3502, 3165, 3189, 3397] [348, 441, 272, 273, 237, 508, 216, 227, 263]
890 252 248 3.73 [2979, 3454, 3509, 3344] [254, 445, 547, 512]
891 535 193 4.24 [6844, 6916, 6556, 7349, 7493, 6724] [343, 344, 236, 361, 576, 352]
892 308 598 2.54 [2964, 2498, 2726, 2809, 2909, 2488, 2543] [550, 276, 337, 433, 412, 364, 378]
893 544 500 2.61 [2571, 2330, 2839, 2373, 2640, 2744, 2347, 2356, 2778, 2364] [286, 226, 493, 274, 390, 389, 281, 297, 546, 329]
894 202 565 3.86 [2182, 2175, 2065, 2101] [418, 525, 393, 410]
895 447 514 4.54 [3024, 3400, 2941] [217, 519, 279]
896 601 411 2.55 [1923, 2306, 2072, 1972] [413, 411, 486, 419]
897 532 265 1.77 [11847, 11932, 12659, 12189] [398, 401, 582, 496]
898 258 409 2.49 [10705, 10879, 10635, 11297, 11193, 10460] [485, 522, 500, 533, 598, 503]
899 538 205 3.82 [2653] [449]
900 330 509 3.41 [6771, 7094] [353, 560]
901 464 506 2.06 [2389] [518]
902 432 214 1.15 [3731, 3696, 3440, 3510, 3475, 3173] [466, 523, 388, 596, 606, 300]
903 214 532 4.29 [14993, 12872, 12919, 13956, 13909, 13862] [423, 225, 244, 312, 316, 425]
904 330 223 3.19 [3349, 3405, 3136, 3495, 3260, 3159] [489, 465, 235, 369, 592, 564]
905 555 340 4.02 [4689, 4813, 4797, 4225, 4967, 4906, 4627, 4287, 4642] [315, 265, 347, 243, 375, 222, 509, 299, 491]
906 194 180 4.34 [2369, 2459] [373, 593]
907 567 548 3.23 [16006, 15660, 14326, 13832, 15216, 16055, 15561, 15413, 14178, 15364] [506, 269, 241, 191, 349, 432, 368, 406, 228, 426]
908 457 473 3.2 [3968, 3796, 3585, 3599] [446, 374, 325, 440]
909 468 362 4.05 [8319, 7964, 7837, 8116, 7735] [584, 513, 459, 565, 609]
910 273 372 4.85 [2393, 2276, 2301, 2377, 2410, 2603, 2310, 2335, 2343] [326, 336, 422, 457, 524, 476, 448, 535, 543]
911 447 495 2.96 [2634, 2479] [437, 427]
912 344 474 4.33 [2099, 2077, 2013, 1984, 2185, 1977] [498, 443, 490, 402, 396, 578]
913 495 418 1.23 [8786, 8300, 8732, 8273, 7354, 7489, 8083, 7975, 8516, 7543] [417, 198, 586, 318, 270, 278, 366, 442, 594, 359]
914 549 192 1.15 [2425, 2529, 2608, 2547] [438, 599, 527, 481]
915 360 242 1.86 [2637, 2819, 2847, 2628, 2618, 2714] [218, 461, 280, 298, 391, 408]
916 246 552 3.45 [11467, 11610, 11145, 11360, 9675, 9855, 10320, 10894, 10965] [478, 588, 404, 267, 291, 257, 288, 196, 340]
917 504 239 3.31 [2655, 2986, 2665, 2564, 2802, 3005, 2775, 2903] [327, 458, 444, 451, 579, 483, 556, 607]
918 590 293 3.93 [2652, 2603, 2619, 2318, 2440, 2562, 2221] [511, 573, 610, 317, 382, 603, 324]
919 186 551 1.73 [4675, 5005, 5146, 5020, 4659, 5036, 4769] [220, 441, 557, 424, 279, 519, 467]
920 355 275 1.3 [5316, 6131, 5918, 6014] [217, 273, 436, 508]
921 304 521 2.32 [2925, 2905, 2984, 2786, 3203, 2885] [394, 377, 434, 224, 604, 328]
922 432 192 2.02 [2063] [539]
923 316 508 4.9 [13243, 11351, 11898, 12570, 11435, 11477, 12024, 13411] [475, 184, 247, 311, 181, 203, 290, 499]
924 188 397 3.85 [2106, 2341, 2149, 2270, 2113, 2206, 2184, 2092, 2070] [395, 420, 472, 494, 492, 473, 526, 541, 415]
925 524 424 1.61 [6656, 5976, 5626, 5791, 6121, 6265, 5812, 6368, 5853] [447, 237, 235, 254, 272, 597, 274, 517, 300]
926 432 525 3.12 [2318, 2250, 2145, 2153, 2138, 2123, 2295, 2183, 2340, 2258] [555, 435, 450, 482, 456, 460, 484, 554, 487, 553]
927 498 301 2.32 [7273, 7582, 7226] [372, 348, 583]
928 211 348 4.01 [4805, 5140, 5703] [305, 315, 469]
929 270 332 4.55 [5693] [245]
930 356 599 3.63 [6416, 6765, 7005, 6830, 7114, 6612, 6023, 6001] [296, 343, 501, 233, 338, 375, 255, 264]
931 568 547 4.47 [9307, 9988, 9242, 9502, 10442, 10020, 8983, 9112, 10280] [283, 249, 266, 330, 572, 428, 192, 256, 534]
932 525 507 1.75 [4889] [263]
933 291 433 2.85 [5516, 5357] [276, 364]
934 327 258 4.33 [3202, 2798, 3305, 3171, 3160] [488, 216, 226, 551, 593]
935 218 409 4.75 [2551, 2518, 2492, 2382, 2534, 2458, 2703, 2653, 2577, 2627] [275, 606, 227, 286, 449, 464, 329, 558, 518, 452]
936 491 237 3.71 [7245, 6937, 7157, 7047] [562, 361, 344, 363]
937 281 518 1.41 [8922, 8379, 8741] [451, 596, 556]
938 401 188 4.03 [2827, 2867, 2878, 2776] [595, 373, 550, 548]
939 416 421 2.31 [2902, 2883, 2791, 2652, 3031, 2689, 2911] [414, 409, 580, 419, 537, 480, 314]
940 592 485 2.59 [4472, 4687, 4144, 4072, 4229] [317, 457, 281, 324, 337]
941 281 383 3.33 [3410, 3557, 3240, 3127, 3716, 3648, 3104] [326, 388, 369, 376, 524, 512, 378]
942 436 481 2.49 [2014, 1973, 2152, 1884, 2124, 2262, 2083, 1939, 1904, 1877] [578, 525, 215, 389, 605, 569, 416, 477, 413, 410]
943 401 352 3.49 [7927, 7492, 7806, 7081, 6936, 6550] [371, 295, 467, 352, 353, 236]
944 518 562 2.56 [6775] [458]
945 592 472 4.53 [8238, 7973, 8357, 8032, 8740, 9065, 8445, 8150, 9567] [183, 207, 253, 180, 260, 302, 261, 246, 585]
946 589 483 3.98 [12375, 11770] [322, 356]
947 446 348 3.54 [2354, 2183, 2245, 2470, 2191] [396, 402, 418, 547, 433]
948 347 358 3.32 [6080, 6371, 6351] [219, 265, 509]
949 460 184 2.27 [6578, 5796, 6538, 5595, 6558] [491, 222, 523, 224, 466]
950 190 462 2.18 [2085, 1964, 2011, 1829, 2051, 2031] [445, 390, 568, 297, 486, 536]
951 229 491 3.77 [3010, 2961, 3156, 3185, 3088, 2679, 3098, 3147, 3049, 3127] [476, 446, 511, 543, 573, 336, 448, 422, 535, 592]
952 599 306 4.39 [4297, 4994, 4963, 5121, 5105] [238, 367, 576, 519, 560]
953 387 298 2.17 [2675, 2617, 3012, 2925] [393, 374, 483, 490]
954 185 276 1.75 [3000, 3182, 3192, 3010, 2888, 3020, 3081, 2899, 2949] [440, 461, 579, 465, 444, 489, 546, 460, 493]
955 244 229 1.39 [19527] [609]
956 402 306 3.62 [2298, 2530] [412, 498]
957 389 200 3.0 [5763, 5650, 6216, 5706, 6198, 5404, 5574, 5971, 5461] [462, 441, 347, 421, 243, 434, 607, 299, 606]
958 528 532 1.32 [2926] [564]
959 465 530 2.43 [2872, 2745, 2638, 3066, 2901, 2726, 2911, 3203, 3037, 3086] [325, 435, 218, 437, 382, 377, 415, 482, 328, 443]
960 457 519 2.4 [8277, 7965, 7678, 7262, 7756, 8017, 7574, 8563] [279, 321, 198, 307, 386, 447, 417, 513]
961 215 250 2.34 [9167, 10015, 9984, 9764, 8571, 8979, 9387] [315, 522, 531, 565, 424, 459, 584]
962 234 530 4.56 [2969, 2802, 2950, 2774, 2932, 2756, 3043, 2959] [216, 226, 488, 449, 558, 275, 227, 329]
963 421 234 2.14 [4961, 4977, 5282, 4367, 4881, 4608, 5266, 4849] [220, 436, 557, 217, 492, 452, 555, 484]
964 517 214 1.07 [2866, 2532, 2588, 3051, 2987, 2977, 2773, 2801, 2625] [427, 286, 411, 438, 280, 599, 450, 610, 494]
965 216 589 2.78 [3405, 3513, 3632, 3573, 3585, 3944, 3525] [298, 389, 445, 518, 508, 464, 541]
966 208 287 2.48 [2241, 2474] [472, 603]
967 538 555 1.05 [2780, 2558, 2472, 2729, 2481, 2430, 2720] [526, 327, 391, 473, 394, 395, 553]
968 603 458 2.39 [2630, 2476] [420, 456]
969 399 601 1.8 [6243, 6515, 6808, 5656, 6766, 5907, 6745] [273, 355, 468, 235, 577, 237, 602]
970 329 368 4.04 [2754] [551]
971 607 206 2.22 [4272, 4490, 4354, 4422, 4463, 3944, 3699, 4054, 4258] [442, 517, 469, 547, 593, 272, 263, 511, 578]
972 250 413 3.28 [3277, 3747, 3916, 3855, 3325, 3289, 3386] [254, 270, 300, 597, 274, 278, 305]
973 411 190 1.44 [1844, 1877, 2099, 2126, 2166, 1864, 1884, 1978] [611, 481, 528, 538, 540, 542, 545, 392]
974 209 258 3.3 [4402, 3961, 4484, 3796, 3769, 4498, 4182, 3810, 4374, 3893] [446, 359, 366, 324, 369, 318, 373, 374, 483, 388]
975 484 240 2.87 [15645, 18383, 17712] [259, 360, 455]
976 503 518 1.12 [2417] [477]
977 184 596 2.78 [2765, 2669] [604, 554]
978 273 493 2.36 [4244, 4079, 4289, 4933, 4304, 4364, 4094] [401, 402, 485, 598, 500, 503, 419]
979 280 598 2.28 [3073, 2831, 2728, 2634, 3055, 2681] [550, 314, 215, 297, 548, 390]
980 534 393 2.82 [2225] [487]
981 255 340 1.75 [2058, 2038, 1911, 2171, 2198, 2111, 2145, 1817, 2011, 1971] [595, 527, 396, 408, 525, 410, 416, 433, 413, 529]
982 488 345 4.74 [2004, 2424, 2409, 2247] [336, 543, 524, 573]
983 550 316 3.24 [4144, 4340, 4130, 3878] [520, 594, 586, 533]
984 576 538 4.67 [2607, 2626, 2781, 3003, 2868, 2964, 2713, 2761, 2887, 2752] [422, 364, 317, 579, 512, 592, 476, 461, 460, 444]
985 380 245 3.13 [17059, 17118, 18771, 17413, 18535, 16233] [301, 306, 532, 323, 567, 308]
986 232 277 2.26 [7281, 7711] [496, 576]
987 606 192 2.61 [2508, 2442, 2311, 2344, 2606, 2270, 2663, 2213] [440, 326, 378, 414, 535, 418, 480, 448]
988 313 506 4.23 [3071, 2798, 2958, 2911, 2582, 2619] [582, 276, 245, 465, 328, 377]
989 600 506 1.07 [5645, 5261, 5415, 5472, 5434, 6202, 6279, 5837, 5626, 5933] [233, 255, 296, 338, 344, 367, 238, 398, 501, 343]
990 352 223 2.85 [8684, 7734, 7127, 7311, 7892] [361, 257, 236, 348, 462]
991 384 382 2.99 [7253, 7734, 7084, 7132, 6554, 7855] [352, 560, 371, 421, 264, 510]
992 450 592 2.24 [5613] [519]
993 200 300 3.1 [2629, 2451, 2257, 2273, 2532, 2556] [482, 376, 325, 457, 489, 486]
994 371 606 1.4 [2024, 2084, 2417, 2232, 2002, 2328, 2351] [216, 227, 564, 498, 382, 490, 530]
995 562 577 2.63 [6612, 5565, 5627, 6530, 5688, 6448, 6592] [520, 219, 222, 563, 295, 375, 562]
996 427 357 1.29 [5296, 5986, 5035, 5818, 5893, 5054, 5110, 5781, 5911] [245, 363, 265, 508, 509, 305, 365, 441, 582]
997 203 306 1.21 [2639, 2962, 2805] [226, 583, 415]
998 262 562 1.92 [17858, 18273, 18332, 18392, 16553, 17917, 18095, 19460] [331, 383, 608, 570, 242, 335, 559, 495]
999 234 477 2.0 [2184, 2092] [412, 539]
