472 196 16.64 55.12 4 [29, 52, 31, 17]
514 595 11.72 36.13 6 [4, 15, 47, 23, 2, 26]
251 488 14.9 40.01 5 [29, 11, 43, 19, 42]
365 248 17.42 77.35 4 [28, 39, 24, 2]
478 182 12.77 22.72 5 [34, 23, 49, 57, 15]
340 521 20.62 56.59 2 [41, 37]
346 436 11.67 22.14 7 [15, 2, 58, 31, 19, 52, 38]
516 216 20.0 88.41 3 [24, 36, 23]
487 256 11.15 45.74 2 [28, 10]
593 277 16.76 44.51 4 [43, 17, 9, 39]
447 271 61.7 127.6 5 [10, 42, 41, 52, 11]
578 270 18.13 43.32 7 [14, 0, 34, 45, 2, 21, 20]
304 220 13.18 34.51 3 [24, 58, 55]
433 524 76.58 302.15 5 [33, 30, 38, 31, 4]
265 430 27.73 127.32 3 [26, 34, 37]
358 455 15.62 59.47 9 [28, 6, 26, 53, 2, 0, 59, 34, 4]
205 359 10.93 15.68 8 [53, 51, 31, 8, 29, 27, 49, 32]
408 355 32.47 149.08 8 [27, 21, 41, 33, 56, 9, 47, 15]
345 496 10.31 18.37 10 [36, 53, 40, 30, 1, 51, 7, 18, 27, 15]
547 328 73.58 87.19 9 [49, 6, 52, 18, 10, 42, 30, 9, 23]
484 385 98.88 174.81 6 [11, 5, 37, 12, 27, 13]
229 530 72.9 208.12 9 [46, 27, 28, 42, 47, 35, 13, 17, 38]
366 239 24.53 86.05 4 [27, 39, 26, 55]
375 595 26.12 33.46 7 [51, 5, 52, 3, 22, 16, 23]
413 397 36.51 128.36 5 [29, 44, 18, 32, 31]
439 314 16.02 57.0 6 [46, 17, 30, 28, 54, 57]
480 425 10.83 34.21 6 [51, 46, 25, 50, 10, 38]
392 548 21.28 71.97 5 [1, 37, 20, 41, 4]
559 383 23.55 50.15 3 [15, 10, 19]
228 464 41.42 196.47 4 [36, 47, 4, 26]
278 471 21.62 59.63 10 [1, 25, 12, 21, 54, 36, 57, 33, 51, 55]
571 574 14.33 17.06 10 [3, 2, 36, 23, 55, 25, 20, 38, 40, 10]
575 260 11.2 46.57 6 [10, 1, 46, 34, 32, 51]
358 225 15.85 52.48 6 [3, 9, 55, 28, 45, 30]
492 411 32.08 158.6 3 [22, 52, 27]
601 602 14.66 47.42 8 [24, 12, 6, 27, 41, 9, 2, 11]
507 504 12.11 32.89 6 [35, 24, 3, 38, 57, 10]
339 294 10.47 17.88 10 [23, 53, 11, 19, 54, 2, 25, 38, 48, 27]
219 356 36.53 108.38 3 [25, 51, 48]
419 577 14.36 16.5 3 [37, 45, 26]
258 442 25.43 96.3 2 [25, 52]
240 300 11.08 43.07 5 [46, 18, 34, 41, 54]
230 356 51.07 157.66 8 [38, 15, 34, 18, 0, 42, 10, 43]
377 535 12.67 38.52 8 [6, 36, 57, 25, 37, 13, 18, 22]
215 276 24.24 78.36 1 [4]
384 595 10.29 37.18 7 [21, 53, 11, 46, 3, 22, 20]
500 423 11.86 21.61 5 [52, 12, 15, 57, 24]
494 459 22.22 59.45 9 [48, 1, 8, 0, 7, 58, 53, 3, 43]
574 572 11.29 28.68 1 [42]
402 558 26.78 93.65 1 [35]
266 207 30.13 99.81 8 [21, 11, 2, 25, 40, 29, 31, 45]
545 366 27.1 42.17 5 [11, 5, 29, 0, 9]
322 220 88.97 198.74 2 [34, 7]
327 541 24.0 56.13 1 [36]
312 505 19.4 87.33 3 [45, 3, 40]
208 491 10.58 19.51 1 [13]
255 336 59.89 261.59 3 [54, 1, 23]
444 522 30.81 89.69 8 [54, 29, 11, 40, 9, 1, 25, 38]
258 411 26.41 100.4 3 [21, 32, 42]
420 259 10.41 34.99 3 [30, 44, 17]
288 433 19.48 70.42 10 [49, 54, 35, 24, 9, 41, 20, 47, 53, 8]
208 414 10.51 24.57 9 [33, 3, 24, 39, 49, 50, 5, 44, 46]
198 245 10.31 10.72 6 [27, 14, 42, 30, 53, 36]
518 550 11.04 53.39 8 [27, 19, 11, 47, 8, 48, 40, 25]
458 537 20.27 75.48 4 [46, 9, 53, 24]
291 443 22.91 85.79 7 [50, 12, 4, 34, 46, 47, 9]
490 482 20.18 25.95 7 [29, 5, 54, 13, 0, 59, 11]
520 267 15.15 53.46 4 [21, 19, 37, 16]
259 210 18.27 44.25 1 [20]
525 330 18.83 77.3 10 [3, 26, 45, 18, 29, 10, 52, 7, 58, 27]
227 241 17.57 79.23 2 [52, 24]
452 221 19.5 76.0 5 [36, 30, 57, 55, 5]
395 239 35.66 157.05 4 [25, 57, 1, 28]
414 504 21.45 63.77 7 [19, 35, 42, 9, 28, 10, 14]
421 435 21.65 56.6 9 [58, 28, 38, 48, 1, 32, 34, 23, 40]
540 597 17.63 30.58 4 [23, 38, 10, 33]
579 606 10.25 33.42 1 [3]
264 395 13.97 56.87 1 [10]
419 340 10.41 20.62 1 [9]
527 430 17.34 41.75 7 [40, 43, 22, 16, 1, 9, 56]
201 252 26.23 95.95 4 [7, 32, 45, 59]
422 577 37.47 90.0 9 [27, 49, 55, 44, 21, 38, 52, 18, 59]
208 234 18.19 70.78 6 [31, 46, 27, 30, 22, 4]
260 477 12.12 48.85 5 [12, 0, 46, 37, 27]
550 572 10.4 40.9 3 [50, 30, 23]
381 241 15.65 65.14 4 [57, 36, 54, 4]
431 598 66.82 213.77 5 [31, 5, 49, 47, 58]
517 493 29.48 58.36 3 [10, 28, 25]
540 466 12.12 32.64 4 [27, 26, 12, 14]
550 539 56.84 138.8 3 [48, 59, 51]
281 590 21.57 94.97 1 [46]
530 447 30.02 52.4 2 [46, 25]
506 529 20.29 69.33 4 [50, 57, 44, 45]
470 347 14.11 41.79 10 [59, 40, 11, 51, 56, 30, 15, 24, 25, 29]
440 234 16.45 50.47 2 [15, 3]
235 550 10.63 21.17 6 [48, 18, 34, 23, 52, 8]
359 574 74.41 264.36 3 [44, 4, 59]
187 566 37.99 136.28 7 [39, 59, 1, 10, 38, 8, 26]
303 423 17.55 29.61 6 [41, 42, 17, 49, 9, 40]
209 406 30.16 129.46 1 [42]
207 197 16.87 75.9 7 [35, 34, 19, 47, 38, 36, 43]
364 329 22.6 64.59 6 [22, 4, 56, 16, 45, 18]
514 358 30.15 97.53 5 [40, 24, 20, 29, 27]
387 265 13.39 21.44 9 [39, 10, 54, 0, 28, 48, 51, 57, 23]
400 316 11.71 53.9 3 [3, 48, 37]
266 469 20.09 64.29 1 [36]
331 360 98.77 398.58 5 [55, 16, 4, 12, 41]
591 361 55.31 198.42 10 [15, 28, 50, 34, 43, 59, 36, 39, 17, 35]
524 328 10.47 31.51 6 [29, 38, 44, 3, 23, 21]
424 431 13.52 66.27 8 [59, 0, 23, 16, 37, 55, 41, 30]
273 598 49.13 205.4 7 [27, 20, 43, 17, 6, 21, 7]
226 234 57.71 158.41 3 [34, 43, 48]
269 573 68.56 69.76 9 [18, 40, 10, 21, 36, 12, 37, 46, 44]
242 265 14.1 33.35 8 [12, 28, 3, 38, 49, 30, 36, 8]
188 465 13.74 23.52 9 [37, 6, 9, 31, 40, 51, 47, 19, 36]
333 204 15.69 26.17 7 [41, 59, 54, 0, 30, 27, 26]
491 471 24.84 88.33 1 [55]
478 264 38.44 100.82 10 [32, 38, 45, 30, 24, 15, 21, 34, 14, 23]
474 478 10.34 33.95 1 [51]
255 186 11.37 23.74 2 [31, 26]
553 210 53.29 132.1 1 [40]
289 270 23.93 78.76 4 [44, 48, 22, 1]
331 259 64.4 266.76 8 [24, 5, 52, 8, 30, 4, 19, 42]
273 433 38.79 112.53 1 [30]
330 203 15.0 19.69 9 [27, 2, 7, 54, 43, 35, 41, 51, 10]
245 202 42.14 155.31 1 [4]
333 585 16.26 40.25 9 [38, 39, 57, 58, 18, 24, 16, 54, 0]
464 457 10.01 19.1 2 [24, 53]
456 538 14.9 30.89 9 [2, 3, 20, 37, 42, 29, 19, 57, 10]
260 356 91.95 126.47 6 [14, 20, 3, 40, 19, 47]
183 443 13.56 54.04 6 [3, 8, 36, 56, 55, 1]
319 296 14.87 15.96 5 [34, 59, 56, 43, 24]
517 545 20.45 87.64 7 [39, 58, 28, 54, 20, 46, 0]
519 245 13.72 66.36 6 [22, 40, 52, 32, 18, 26]
536 229 17.24 32.78 9 [21, 43, 58, 19, 15, 37, 57, 27, 1]
595 213 12.69 51.72 4 [10, 3, 5, 23]
370 235 27.55 108.95 10 [42, 3, 41, 4, 1, 26, 15, 44, 56, 35]
523 402 47.34 96.83 1 [34]
232 591 12.2 51.07 2 [53, 48]
571 373 25.71 124.36 6 [38, 7, 19, 45, 14, 15]
409 608 11.33 41.23 6 [48, 18, 12, 27, 3, 56]
244 402 11.5 28.26 3 [36, 46, 49]
594 593 13.58 60.8 10 [40, 59, 32, 35, 25, 13, 31, 55, 45, 6]
312 205 11.72 36.99 2 [9, 33]
551 294 13.38 19.34 1 [44]
394 384 26.36 100.44 2 [58, 8]
397 336 10.47 19.77 7 [20, 18, 28, 39, 34, 27, 52]
190 491 12.49 20.61 4 [4, 2, 39, 9]
491 319 35.63 169.36 9 [38, 22, 41, 54, 3, 43, 48, 34, 8]
569 475 12.36 24.76 7 [36, 25, 43, 28, 22, 26, 20]
467 606 12.63 39.79 1 [1]
566 535 17.65 81.16 1 [28]
566 303 10.32 34.77 2 [15, 44]
510 542 26.39 37.5 3 [34, 13, 38]
370 492 47.92 78.72 1 [33]
419 303 11.48 42.33 2 [49, 41]
304 433 11.01 18.62 3 [8, 39, 15]
219 417 10.38 43.74 2 [4, 52]
538 572 65.01 80.79 8 [53, 28, 4, 38, 56, 37, 13, 47]
571 575 11.08 16.01 10 [58, 55, 45, 42, 23, 10, 33, 17, 20, 12]
436 456 12.37 33.94 9 [28, 52, 29, 37, 34, 47, 19, 42, 59]
572 180 14.68 30.04 5 [6, 39, 26, 19, 27]
219 332 11.74 47.96 3 [55, 7, 4]
372 504 13.29 26.07 1 [21]
606 310 37.57 97.44 2 [46, 45]
314 551 32.96 78.08 7 [15, 41, 0, 47, 18, 14, 19]
303 189 12.33 57.99 4 [0, 7, 16, 30]
237 359 45.73 224.02 2 [37, 42]
462 541 41.07 153.99 2 [25, 26]
397 570 16.44 68.3 1 [46]
362 350 10.02 34.11 2 [27, 34]
474 442 10.47 28.8 8 [36, 10, 57, 24, 51, 4, 16, 7]
251 538 31.63 65.42 5 [55, 38, 34, 50, 15]
522 228 16.72 75.95 4 [24, 59, 4, 39]
401 240 11.24 33.16 6 [50, 9, 36, 2, 1, 33]
533 425 25.34 117.69 5 [9, 8, 25, 19, 50]
211 472 15.14 65.42 10 [29, 34, 45, 23, 30, 0, 36, 18, 9, 32]
600 590 27.04 46.03 4 [32, 50, 39, 8]
217 280 10.92 25.29 8 [21, 7, 23, 45, 55, 10, 56, 6]
530 455 10.31 31.89 10 [16, 5, 23, 38, 56, 46, 19, 36, 57, 8]
575 414 10.84 38.85 5 [46, 16, 29, 51, 27]
601 583 10.64 14.54 6 [31, 28, 22, 25, 55, 41]
260 370 24.32 103.35 1 [52]
596 291 40.56 132.07 1 [45]
285 483 14.56 38.45 1 [29]
395 185 10.76 22.86 7 [1, 47, 48, 14, 44, 27, 54]
275 447 22.41 25.31 9 [12, 50, 55, 21, 52, 26, 46, 25, 41]
457 421 12.01 15.67 2 [6, 2]
294 610 21.94 22.01 1 [48]
390 342 21.57 45.2 8 [58, 39, 42, 32, 21, 36, 49, 4]
566 453 11.85 34.78 8 [28, 27, 24, 39, 59, 15, 51, 29]
529 322 69.04 111.13 3 [1, 46, 44]
360 304 10.39 50.97 10 [59, 5, 40, 25, 6, 28, 11, 38, 2, 52]
561 430 50.44 69.51 9 [50, 42, 10, 15, 43, 24, 21, 4, 47]
568 459 16.43 29.84 8 [24, 57, 38, 58, 32, 22, 29, 55]
401 482 22.51 52.62 10 [53, 21, 58, 35, 22, 34, 40, 4, 13, 8]
600 331 11.38 49.7 2 [19, 20]
217 403 11.43 47.03 7 [32, 33, 35, 4, 26, 31, 15]
565 260 20.43 72.51 3 [15, 26, 43]
539 384 33.84 151.65 5 [9, 28, 19, 26, 49]
482 204 15.69 18.52 2 [51, 42]
544 224 10.23 50.1 9 [5, 11, 25, 1, 43, 24, 32, 10, 50]
405 254 74.33 169.09 10 [59, 7, 30, 1, 41, 43, 25, 23, 57, 33]
414 413 33.83 67.24 2 [28, 49]
251 492 12.23 55.09 3 [55, 19, 31]
319 500 54.04 120.87 5 [3, 26, 20, 4, 19]
392 236 17.03 84.76 4 [22, 14, 34, 4]
467 461 17.37 24.96 6 [12, 32, 41, 18, 8, 35]
593 323 36.05 45.51 6 [58, 50, 19, 33, 26, 13]
332 203 16.53 68.58 9 [41, 51, 36, 13, 25, 46, 59, 1, 39]
589 185 12.05 27.95 9 [57, 42, 52, 53, 2, 5, 32, 0, 26]
382 595 10.23 49.96 2 [6, 21]
457 321 17.78 58.26 9 [4, 17, 26, 25, 7, 50, 38, 34, 52]
268 247 42.59 143.66 3 [36, 49, 57]
247 491 15.68 67.98 8 [55, 20, 19, 5, 36, 38, 24, 40]
298 367 34.26 152.28 10 [52, 50, 39, 4, 15, 7, 36, 38, 33, 32]
364 591 18.94 56.12 8 [44, 15, 42, 38, 58, 27, 56, 22]
295 376 23.49 71.62 9 [24, 29, 57, 3, 41, 34, 30, 36, 39]
533 417 22.18 44.39 2 [55, 50]
446 329 34.85 94.62 8 [30, 28, 48, 44, 54, 27, 1, 15]
319 576 11.89 23.41 2 [26, 38]
444 587 24.62 93.26 6 [52, 54, 43, 22, 28, 3]
338 237 15.96 67.96 5 [39, 14, 30, 12, 22]
265 262 10.13 34.76 4 [50, 29, 20, 57]
349 509 13.42 18.91 6 [17, 29, 44, 18, 20, 59]
392 197 15.89 45.42 10 [39, 42, 10, 19, 16, 25, 41, 0, 48, 18]
336 193 29.36 94.72 8 [33, 5, 24, 21, 48, 38, 57, 52]
321 364 30.21 43.93 7 [44, 28, 34, 31, 12, 10, 54]
549 562 11.6 18.21 6 [28, 14, 56, 50, 22, 7]
223 465 97.85 477.15 8 [12, 53, 58, 17, 40, 36, 25, 30]
227 272 24.72 104.54 7 [28, 16, 54, 21, 11, 36, 23]
571 565 13.86 19.66 3 [35, 58, 27]
330 337 34.77 45.87 4 [11, 30, 3, 28]
440 477 33.04 100.34 3 [52, 45, 42]
547 603 82.93 180.26 1 [25]
422 269 25.06 52.87 3 [18, 3, 5]
567 594 23.6 39.53 5 [57, 49, 21, 2, 5]
394 534 15.04 49.58 10 [35, 44, 45, 33, 43, 16, 11, 46, 34, 8]
556 370 14.34 48.83 5 [47, 44, 53, 30, 6]
567 570 25.02 118.17 6 [38, 46, 44, 36, 18, 31]
403 320 10.16 21.65 7 [50, 36, 47, 55, 21, 59, 53]
479 516 34.79 45.35 7 [21, 10, 45, 3, 12, 43, 39]
284 346 33.95 78.49 7 [56, 23, 28, 49, 38, 7, 4]
585 240 36.33 88.91 4 [41, 35, 54, 49]
484 437 19.03 20.54 3 [33, 21, 27]
476 554 13.68 65.73 5 [6, 29, 52, 10, 23]
230 363 30.1 77.92 5 [20, 57, 49, 45, 34]
290 187 16.77 63.55 3 [15, 6, 20]
479 409 16.52 49.23 7 [34, 22, 33, 39, 43, 35, 57]
354 460 29.48 59.09 7 [49, 35, 3, 4, 42, 50, 13]
198 246 11.62 37.65 2 [37, 18]
418 562 45.82 131.61 9 [2, 52, 8, 0, 14, 15, 1, 37, 40]
536 603 70.11 183.64 6 [45, 32, 0, 44, 4, 50]
310 489 12.89 18.92 3 [42, 15, 45]
414 573 16.14 56.97 1 [54]
509 610 14.04 31.73 9 [3, 4, 32, 21, 25, 29, 14, 18, 54]
446 574 17.47 27.16 1 [2]
191 539 10.49 38.25 8 [56, 35, 31, 39, 12, 36, 4, 25]
255 553 11.64 30.64 2 [31, 6]
514 539 17.69 19.47 9 [34, 27, 46, 11, 31, 14, 42, 38, 16]
417 570 13.4 27.26 9 [46, 14, 55, 23, 34, 5, 44, 48, 8]
294 433 24.21 64.34 10 [26, 41, 10, 5, 59, 14, 25, 56, 15, 12]
376 419 12.69 15.35 9 [51, 29, 56, 11, 57, 6, 46, 31, 12]
590 268 89.51 281.71 5 [46, 51, 7, 59, 11]
448 332 23.9 57.62 2 [49, 10]
550 206 79.56 148.34 3 [32, 16, 14]
380 393 17.85 64.23 6 [8, 53, 31, 23, 43, 56]
596 204 10.03 34.28 2 [2, 35]
498 557 12.61 31.77 5 [33, 27, 1, 7, 54]
340 299 16.9 30.89 5 [59, 45, 53, 0, 3]
606 405 17.37 30.54 4 [0, 4, 11, 31]
438 559 20.3 42.6 2 [15, 3]
251 184 11.11 27.94 7 [20, 17, 36, 35, 4, 5, 13]
237 380 80.97 249.78 6 [36, 3, 22, 33, 44, 24]
402 407 12.08 18.7 4 [38, 45, 8, 52]
508 496 43.3 183.11 8 [21, 33, 38, 23, 4, 0, 26, 30]
503 390 28.64 89.86 4 [35, 41, 3, 54]
451 180 13.9 67.05 6 [36, 29, 56, 7, 27, 51]
379 210 23.12 95.35 7 [10, 0, 8, 53, 36, 13, 19]
608 267 16.76 64.84 6 [4, 34, 31, 20, 55, 23]
494 282 10.94 53.57 8 [28, 38, 11, 25, 17, 58, 34, 56]
537 308 15.65 25.89 5 [20, 41, 6, 7, 15]
436 518 12.38 20.9 3 [10, 5, 28]
347 388 31.67 94.7 8 [28, 38, 8, 46, 23, 57, 36, 1]
406 443 18.39 67.01 5 [47, 27, 18, 53, 38]
559 498 56.63 118.04 9 [56, 34, 47, 2, 44, 38, 0, 10, 17]
517 560 10.37 16.1 2 [6, 19]
582 280 12.13 58.43 6 [15, 34, 25, 38, 53, 42]
285 569 36.66 132.18 4 [3, 47, 27, 29]
246 549 14.71 30.6 3 [39, 28, 57]
358 470 22.74 101.97 2 [59, 23]
257 317 13.96 21.49 10 [59, 32, 27, 35, 31, 17, 55, 42, 24, 23]
451 295 37.08 47.45 1 [58]
301 558 13.01 16.67 5 [38, 16, 55, 6, 12]
229 278 25.66 99.91 7 [4, 20, 11, 45, 50, 58, 49]
479 466 47.76 93.88 7 [32, 21, 15, 49, 33, 40, 10]
320 456 13.38 33.01 9 [50, 53, 28, 49, 6, 44, 4, 34, 56]
363 388 12.75 28.09 9 [10, 2, 21, 48, 27, 51, 44, 16, 29]
215 481 11.91 31.19 6 [42, 37, 46, 52, 14, 31]
437 244 24.06 60.52 3 [10, 14, 16]
509 533 29.76 97.71 5 [1, 44, 45, 34, 58]
577 476 14.26 16.43 2 [14, 58]
349 396 11.73 53.12 4 [3, 55, 8, 48]
191 603 53.75 129.18 1 [20]
447 416 14.57 20.98 3 [41, 18, 52]
564 382 15.66 53.05 3 [47, 11, 56]
237 320 19.34 56.78 4 [8, 48, 26, 25]
304 190 11.06 19.33 2 [15, 44]
450 513 11.68 34.06 1 [21]
420 516 10.4 30.59 4 [0, 17, 58, 12]
318 509 19.05 55.6 8 [14, 57, 26, 59, 5, 12, 38, 11]
477 608 22.66 66.1 7 [2, 0, 4, 43, 25, 53, 40]
320 225 13.2 52.3 9 [54, 50, 44, 21, 51, 55, 12, 10, 32]
268 458 21.78 56.21 8 [30, 42, 15, 24, 21, 41, 0, 8]
309 304 15.26 60.02 3 [5, 33, 6]
381 384 22.43 24.6 2 [45, 47]
470 419 15.25 39.98 3 [25, 59, 33]
202 338 12.91 24.77 9 [38, 1, 35, 7, 30, 13, 32, 54, 21]
473 365 82.49 155.57 9 [5, 49, 40, 43, 7, 28, 3, 17, 51]
315 581 94.42 301.02 4 [27, 46, 45, 21]
211 220 11.59 28.83 3 [32, 52, 48]
360 254 16.16 29.35 4 [19, 43, 3, 55]
242 428 11.16 12.87 8 [26, 48, 10, 8, 2, 13, 57, 58]
245 300 28.32 114.45 9 [46, 39, 22, 56, 7, 48, 43, 42, 40]
400 502 13.68 56.02 3 [45, 29, 56]
350 504 28.68 40.96 9 [16, 14, 27, 39, 44, 36, 34, 35, 15]
504 268 33.35 74.67 7 [37, 8, 58, 26, 55, 9, 4]
193 200 26.29 75.02 8 [57, 31, 23, 59, 53, 20, 44, 54]
354 548 37.3 158.9 6 [27, 26, 53, 12, 31, 56]
548 486 26.68 116.53 4 [18, 49, 14, 58]
413 234 10.71 38.18 6 [36, 59, 21, 40, 49, 41]
374 182 11.41 51.26 1 [42]
400 252 55.9 138.27 3 [42, 53, 51]
572 278 11.24 46.88 1 [30]
490 196 23.56 73.87 8 [29, 37, 30, 18, 31, 2, 48, 9]
452 585 20.21 93.02 4 [18, 1, 0, 51]
518 395 10.98 20.8 9 [44, 54, 1, 48, 13, 6, 31, 46, 9]
196 407 25.44 120.83 9 [31, 54, 17, 19, 52, 26, 51, 57, 14]
274 220 37.59 174.1 5 [36, 19, 5, 6, 28]
463 188 32.01 61.7 9 [27, 3, 13, 20, 42, 2, 48, 35, 34]
563 237 27.67 57.29 3 [34, 40, 42]
362 289 37.16 127.75 5 [17, 54, 9, 32, 59]
282 550 11.83 27.21 3 [32, 58, 37]
200 312 50.51 202.42 3 [44, 24, 34]
230 248 19.27 24.29 5 [29, 42, 52, 13, 17]
403 232 16.85 22.69 5 [19, 16, 48, 39, 35]
424 444 53.7 143.09 5 [26, 11, 30, 40, 58]
250 525 16.3 31.48 7 [31, 40, 19, 26, 33, 43, 13]
400 367 19.28 66.0 8 [1, 31, 25, 35, 14, 46, 21, 55]
277 400 32.79 150.4 5 [56, 51, 44, 38, 19]
265 538 18.72 51.44 6 [53, 38, 7, 6, 59, 13]
590 432 24.74 113.3 7 [1, 57, 31, 42, 15, 54, 13]
451 534 14.69 70.11 3 [10, 12, 51]
251 191 25.42 83.74 9 [7, 23, 44, 35, 13, 18, 30, 29, 34]
470 506 18.93 57.54 5 [18, 38, 59, 19, 42]
230 304 13.11 33.58 1 [51]
476 510 23.92 30.0 3 [56, 47, 25]
357 195 26.38 118.82 6 [55, 11, 53, 6, 21, 20]
205 602 11.6 52.03 5 [13, 18, 8, 38, 14]
490 344 37.86 50.42 10 [31, 2, 25, 21, 18, 30, 12, 29, 24, 28]
388 491 35.47 116.49 7 [12, 38, 45, 46, 59, 54, 15]
257 299 16.41 42.47 10 [44, 13, 30, 39, 11, 21, 42, 40, 5, 48]
365 351 10.93 54.61 3 [42, 36, 31]
215 201 39.57 138.32 1 [35]
265 578 42.04 57.74 6 [50, 23, 25, 24, 3, 29]
454 504 12.88 22.89 2 [35, 33]
592 535 21.62 50.08 7 [10, 30, 24, 0, 6, 7, 18]
359 252 11.44 43.23 9 [48, 44, 40, 59, 32, 15, 30, 19, 56]
208 372 13.93 28.43 6 [5, 8, 29, 52, 20, 26]
519 330 16.44 58.82 5 [47, 59, 32, 23, 55]
529 372 15.9 19.1 8 [25, 41, 49, 43, 12, 7, 46, 9]
226 578 25.4 125.9 3 [39, 55, 51]
227 493 23.24 72.58 2 [56, 0]
264 456 55.62 116.33 3 [35, 51, 9]
564 367 22.57 57.43 3 [47, 39, 4]
378 545 10.71 42.87 2 [7, 48]
390 189 10.87 25.0 3 [53, 42, 34]
303 601 76.52 127.17 1 [2]
401 570 39.63 152.24 9 [2, 0, 14, 11, 33, 23, 13, 5, 32]
604 505 37.66 164.4 4 [6, 8, 3, 35]
470 333 14.16 21.74 10 [24, 20, 7, 47, 49, 32, 13, 37, 58, 33]
242 484 66.3 100.3 4 [19, 10, 48, 53]
260 467 12.41 45.42 4 [0, 53, 43, 21]
350 287 13.54 59.83 9 [17, 12, 42, 20, 3, 51, 7, 9, 58]
579 422 95.78 435.11 3 [19, 47, 8]
544 278 16.81 55.11 7 [22, 18, 5, 45, 47, 31, 33]
409 266 19.75 95.41 4 [48, 22, 37, 12]
476 242 20.49 81.81 3 [18, 56, 48]
195 336 91.12 340.42 6 [7, 1, 24, 33, 32, 40]
611 407 46.98 193.96 1 [2]
253 562 16.1 21.63 9 [28, 27, 40, 10, 54, 36, 17, 18, 39]
181 415 10.2 29.89 10 [16, 1, 21, 17, 23, 47, 44, 53, 59, 5]
353 250 21.35 29.29 9 [41, 14, 54, 18, 43, 20, 53, 49, 23]
185 586 13.99 55.61 1 [47]
297 582 13.58 66.77 2 [40, 48]
559 297 12.56 37.48 7 [12, 25, 46, 20, 30, 13, 19]
213 261 11.67 53.06 8 [35, 49, 37, 16, 56, 14, 22, 41]
240 413 20.49 86.16 5 [34, 12, 19, 1, 55]
209 282 11.41 29.66 6 [7, 26, 18, 49, 46, 54]
391 542 24.94 52.0 10 [18, 16, 40, 39, 41, 33, 49, 19, 58, 10]
253 545 32.45 95.49 8 [56, 27, 46, 19, 26, 8, 52, 29]
474 181 14.77 63.78 5 [16, 43, 48, 4, 31]
546 548 17.91 30.21 3 [16, 49, 57]
444 226 53.22 213.86 9 [19, 9, 34, 47, 23, 26, 35, 38, 56]
487 551 22.28 54.96 5 [20, 7, 23, 32, 30]
506 550 17.21 54.09 5 [18, 33, 30, 53, 16]
223 330 12.91 23.63 5 [7, 3, 41, 40, 18]
426 427 19.87 62.41 4 [21, 53, 17, 23]
544 582 10.85 18.91 6 [19, 5, 17, 4, 10, 22]
459 286 22.28 55.42 9 [54, 56, 22, 29, 3, 38, 44, 15, 40]
387 574 10.44 50.46 1 [45]
366 342 93.31 364.01 4 [45, 43, 26, 5]
505 326 13.91 47.66 4 [37, 38, 48, 29]
295 480 61.77 252.33 10 [13, 29, 45, 48, 38, 19, 55, 50, 37, 34]
475 544 17.64 51.03 5 [11, 14, 30, 35, 26]
306 484 54.51 178.64 8 [25, 16, 30, 1, 0, 18, 54, 22]
460 560 95.29 404.59 8 [48, 37, 6, 20, 39, 8, 21, 30]
534 261 15.35 26.31 1 [21]
555 363 62.17 149.94 10 [2, 19, 39, 3, 23, 46, 33, 40, 17, 18]
424 596 99.08 376.46 9 [8, 2, 28, 56, 29, 19, 38, 21, 3]
603 213 10.96 37.97 1 [38]
451 250 78.97 269.86 10 [35, 32, 59, 34, 17, 50, 37, 12, 41, 15]
232 184 12.55 44.82 7 [47, 27, 39, 55, 26, 23, 30]
184 368 61.32 185.8 3 [34, 24, 40]
464 576 33.22 49.44 2 [27, 6]
345 465 25.03 58.13 8 [8, 1, 50, 33, 35, 31, 11, 9]
245 445 19.35 23.18 7 [8, 45, 7, 12, 33, 26, 13]
240 405 19.75 61.41 7 [34, 17, 14, 58, 49, 51, 38]
540 590 11.26 52.2 10 [56, 3, 52, 55, 13, 28, 19, 49, 50, 43]
210 395 41.85 88.09 6 [46, 43, 57, 2, 28, 3]
484 595 10.26 31.57 5 [36, 33, 41, 20, 23]
411 447 15.51 38.95 6 [58, 23, 30, 11, 47, 14]
390 579 69.33 214.68 7 [13, 17, 3, 57, 24, 44, 50]
474 185 10.01 42.46 1 [42]
290 539 12.97 23.63 2 [32, 30]
409 394 15.58 30.69 4 [50, 59, 30, 17]
216 267 10.58 37.98 6 [54, 46, 36, 32, 30, 58]
401 354 14.57 27.18 10 [8, 58, 54, 37, 20, 30, 43, 51, 59, 57]
552 571 18.22 47.73 10 [27, 59, 49, 1, 53, 38, 23, 24, 16, 20]
441 334 13.1 41.32 7 [27, 0, 49, 59, 46, 19, 4]
516 280 66.86 266.67 4 [10, 54, 50, 31]
532 611 23.77 31.35 2 [29, 2]
270 578 13.78 20.31 1 [9]
358 507 13.89 69.1 2 [36, 27]
467 568 14.27 18.32 3 [55, 53, 19]
484 498 18.06 26.03 5 [6, 47, 38, 11, 53]
322 402 29.2 51.48 9 [31, 6, 15, 33, 51, 52, 44, 58, 50]
469 557 69.22 151.7 5 [14, 13, 58, 54, 22]
447 449 10.44 13.1 6 [26, 31, 32, 29, 9, 46]
552 416 10.58 21.5 8 [55, 39, 18, 20, 43, 14, 56, 42]
482 278 12.12 30.6 6 [10, 40, 13, 41, 7, 44]
359 471 22.72 78.38 5 [56, 29, 14, 13, 9]
571 223 11.15 41.05 8 [26, 14, 57, 34, 54, 41, 17, 51]
376 587 18.32 75.74 6 [18, 24, 40, 15, 30, 51]
436 516 11.32 20.93 7 [17, 43, 3, 58, 49, 18, 4]
584 398 26.81 91.6 4 [2, 9, 59, 57]
346 514 10.41 24.52 7 [15, 44, 9, 39, 51, 16, 20]
381 353 12.09 12.71 4 [55, 18, 47, 54]
324 397 15.59 67.3 1 [23]
530 376 36.32 162.63 2 [51, 41]
414 325 15.04 35.73 2 [25, 56]
498 538 38.28 70.67 8 [17, 47, 53, 52, 43, 13, 24, 54]
472 519 18.03 62.87 2 [45, 16]
416 522 16.15 53.06 10 [59, 4, 17, 39, 49, 18, 16, 53, 31, 24]
218 203 19.94 62.28 8 [10, 32, 40, 19, 18, 37, 44, 36]
314 457 16.92 58.51 10 [52, 35, 17, 55, 5, 45, 29, 41, 39, 57]
448 536 85.67 157.01 1 [41]
495 234 19.86 92.06 4 [28, 19, 51, 32]
573 532 10.99 48.97 7 [43, 2, 44, 14, 7, 32, 23]
511 287 11.63 25.13 4 [53, 44, 43, 50]
522 466 12.95 27.97 8 [26, 4, 25, 34, 54, 19, 32, 13]
302 527 21.37 75.1 5 [22, 37, 32, 17, 48]
592 459 24.55 52.85 8 [31, 12, 48, 5, 0, 18, 39, 10]
269 180 12.08 33.57 8 [51, 1, 28, 16, 15, 14, 48, 53]
380 383 32.7 145.95 3 [14, 6, 56]
295 504 14.2 67.24 1 [35]
299 479 56.4 134.91 6 [11, 17, 53, 56, 23, 43]
303 253 61.15 232.65 8 [40, 27, 1, 19, 29, 0, 59, 17]
542 554 11.29 41.05 5 [9, 26, 42, 21, 5]
473 418 14.82 55.6 4 [1, 24, 52, 26]
394 572 11.85 40.39 6 [44, 3, 48, 11, 32, 22]
310 319 21.86 58.93 1 [12]
269 180 14.99 47.51 6 [19, 0, 31, 44, 56, 30]
307 485 10.94 54.6 1 [37]
212 223 18.33 64.18 9 [22, 15, 46, 56, 37, 13, 9, 0, 12]
579 397 11.15 48.74 10 [51, 18, 0, 27, 43, 14, 47, 46, 45, 8]
379 181 18.69 87.0 9 [13, 7, 6, 0, 3, 17, 54, 25, 27]
191 199 10.44 37.31 10 [26, 4, 31, 0, 18, 48, 11, 9, 32, 39]
436 530 11.52 48.25 3 [11, 29, 6]
243 364 10.82 17.03 5 [47, 28, 11, 45, 44]
429 561 18.78 31.27 8 [3, 18, 52, 4, 58, 32, 5, 1]
553 290 19.49 58.85 1 [15]
363 207 40.09 53.37 1 [6]
270 234 19.76 70.93 4 [54, 16, 59, 41]
312 249 17.4 26.17 2 [51, 24]
242 428 37.29 174.25 3 [30, 48, 44]
605 503 21.89 24.26 7 [8, 35, 44, 46, 31, 21, 32]
586 503 19.92 70.59 4 [45, 11, 22, 41]
471 216 14.71 32.48 9 [23, 42, 19, 12, 8, 17, 21, 28, 45]
180 240 13.59 53.47 3 [54, 51, 17]
207 191 15.09 16.17 2 [57, 25]
431 453 16.0 52.66 4 [37, 32, 4, 0]
473 405 27.28 133.9 2 [18, 45]
385 517 12.51 33.31 2 [6, 12]
558 486 10.75 43.33 5 [8, 39, 22, 26, 9]
427 344 15.57 37.66 6 [12, 24, 36, 3, 51, 35]
302 440 34.3 87.81 3 [53, 59, 51]
394 206 23.24 67.42 5 [22, 38, 58, 27, 0]
197 308 10.38 17.92 5 [46, 20, 36, 33, 31]
342 524 52.74 194.78 2 [52, 25]
341 236 17.12 76.58 3 [14, 34, 23]
562 407 17.69 71.05 10 [12, 3, 21, 15, 28, 2, 11, 20, 37, 43]
435 503 34.03 131.83 5 [47, 2, 39, 54, 42]
408 318 17.29 65.12 6 [35, 37, 42, 18, 4, 51]
428 318 45.01 94.7 5 [52, 26, 44, 54, 31]
402 416 98.1 311.79 3 [21, 45, 22]
438 557 11.8 40.91 4 [23, 34, 44, 35]
230 500 10.27 50.08 5 [58, 27, 20, 23, 25]
511 251 19.43 52.73 5 [56, 41, 54, 57, 18]
412 244 30.52 141.65 8 [57, 1, 4, 31, 18, 19, 13, 33]
458 447 30.52 52.7 6 [34, 51, 14, 55, 25, 46]
451 535 17.29 30.72 3 [18, 22, 40]
252 582 12.05 52.29 6 [35, 30, 59, 49, 57, 32]
474 400 14.59 37.82 6 [23, 42, 50, 45, 53, 21]
521 289 13.05 41.84 6 [18, 19, 7, 24, 29, 21]
381 533 14.47 55.51 5 [5, 21, 22, 45, 6]
237 236 15.15 18.89 8 [18, 34, 50, 56, 21, 13, 15, 24]
428 328 13.76 36.45 6 [39, 48, 16, 23, 1, 37]
416 436 10.52 41.26 3 [43, 58, 33]
525 369 24.62 84.86 1 [9]
373 480 12.83 64.09 8 [22, 36, 58, 14, 38, 1, 37, 39]
600 230 12.04 15.42 7 [27, 0, 30, 18, 33, 38, 17]
245 404 12.56 29.64 6 [58, 54, 44, 11, 37, 25]
185 586 11.6 48.56 3 [23, 46, 42]
520 585 12.07 19.17 5 [12, 18, 5, 44, 28]
507 550 45.56 129.7 5 [17, 1, 52, 41, 24]
588 602 40.16 42.43 4 [7, 17, 53, 23]
380 289 15.01 21.38 10 [32, 50, 40, 53, 58, 17, 10, 47, 38, 25]
553 207 12.35 33.62 10 [59, 39, 18, 11, 3, 15, 21, 43, 24, 51]
186 222 16.02 70.07 4 [24, 2, 25, 30]
567 528 22.67 39.63 9 [58, 35, 42, 44, 10, 13, 6, 45, 11]
274 536 44.98 72.37 1 [55]
312 243 21.96 51.32 10 [16, 34, 17, 3, 47, 19, 54, 59, 22, 36]
236 545 55.63 165.97 4 [0, 43, 58, 45]
314 445 18.38 57.76 2 [58, 8]
609 547 31.34 144.82 2 [45, 30]
446 256 12.19 52.71 9 [33, 3, 39, 36, 35, 20, 41, 31, 12]
409 300 13.25 18.69 1 [48]
293 329 11.21 37.66 2 [23, 33]
525 281 46.35 56.97 6 [13, 0, 36, 14, 30, 29]
293 604 14.9 43.73 9 [28, 23, 27, 46, 18, 17, 11, 2, 8]
465 480 14.25 21.27 5 [12, 55, 29, 16, 33]
296 186 32.93 68.67 9 [7, 10, 50, 39, 49, 58, 47, 8, 41]
305 218 93.3 291.05 8 [18, 3, 38, 4, 7, 47, 36, 49]
339 477 19.32 27.28 6 [21, 58, 56, 36, 22, 49]
562 578 37.14 57.77 5 [51, 31, 26, 58, 57]
274 231 21.81 26.47 2 [41, 40]
271 526 29.87 81.91 4 [16, 33, 48, 41]
209 335 30.3 88.44 8 [9, 48, 25, 5, 52, 43, 21, 46]
337 311 10.28 31.09 6 [23, 29, 8, 53, 32, 35]
532 254 31.62 88.23 4 [23, 30, 31, 1]
356 288 19.13 36.16 4 [6, 52, 36, 30]
360 489 17.39 67.63 1 [46]
312 302 37.17 91.13 1 [52]
290 215 12.24 23.02 7 [37, 54, 1, 39, 42, 24, 40]
505 604 30.29 145.37 3 [26, 53, 29]
582 257 13.42 46.28 8 [59, 25, 32, 42, 34, 27, 45, 12]
502 402 12.59 46.13 1 [54]
410 324 11.24 12.77 6 [10, 5, 46, 25, 49, 48]
421 480 67.21 217.55 9 [50, 8, 35, 9, 37, 12, 40, 17, 57]
189 330 10.44 31.41 2 [21, 38]
531 440 15.57 30.32 7 [0, 35, 1, 56, 41, 14, 47]
252 461 27.63 49.15 9 [59, 36, 11, 55, 12, 50, 20, 45, 49]
460 592 31.85 73.67 1 [30]
472 272 15.55 61.85 4 [9, 8, 35, 58]
396 351 14.12 52.18 1 [39]
567 419 18.12 55.44 6 [5, 6, 54, 1, 2, 17]
529 393 19.33 33.89 8 [34, 40, 0, 19, 45, 54, 56, 21]
449 192 11.43 30.37 8 [57, 0, 19, 9, 22, 35, 51, 10]
235 515 25.32 107.2 1 [59]
260 315 21.56 103.4 9 [36, 16, 39, 11, 4, 24, 51, 53, 0]
308 191 98.42 370.31 9 [35, 17, 54, 59, 28, 32, 0, 16, 36]
360 212 35.38 74.71 9 [33, 8, 47, 11, 29, 18, 19, 31, 56]
606 220 11.28 44.68 7 [23, 11, 55, 10, 48, 30, 59]
332 538 10.05 18.09 9 [34, 54, 21, 5, 16, 45, 2, 23, 32]
292 432 27.7 78.41 9 [7, 14, 50, 59, 26, 20, 37, 3, 12]
353 219 11.06 21.87 9 [21, 0, 53, 24, 23, 9, 39, 25, 2]
444 519 11.15 24.52 7 [19, 56, 34, 47, 48, 50, 37]
403 605 36.48 177.17 1 [40]
237 258 31.44 94.02 6 [17, 45, 59, 14, 19, 49]
242 335 43.1 166.71 9 [27, 35, 39, 25, 45, 10, 8, 54, 52]
315 449 12.51 44.69 5 [31, 42, 3, 48, 30]
604 443 13.49 14.95 8 [49, 28, 29, 40, 54, 39, 16, 25]
226 362 11.58 27.27 9 [20, 54, 2, 22, 30, 10, 33, 58, 24]
301 358 11.04 30.35 4 [14, 13, 37, 47]
205 251 17.05 28.58 10 [6, 53, 27, 11, 7, 28, 36, 35, 47, 3]
439 572 14.28 49.98 1 [59]
250 319 16.73 45.47 4 [16, 58, 47, 32]
246 236 15.63 34.87 10 [26, 39, 15, 8, 40, 48, 49, 19, 16, 53]
329 356 32.23 47.64 1 [47]
297 374 17.22 40.94 3 [38, 36, 37]
604 588 11.62 17.35 9 [33, 2, 42, 16, 23, 19, 26, 37, 51]
280 304 14.21 45.16 6 [5, 22, 56, 49, 3, 37]
404 226 48.53 154.68 10 [23, 1, 51, 42, 56, 32, 22, 19, 54, 4]
309 444 10.66 23.17 6 [37, 16, 32, 57, 21, 26]
502 534 30.76 44.51 7 [23, 55, 13, 6, 34, 24, 14]
267 584 15.88 61.97 8 [58, 34, 29, 48, 44, 30, 28, 52]
434 364 17.34 37.01 7 [16, 45, 20, 38, 35, 46, 9]
301 217 20.16 71.15 9 [58, 55, 8, 26, 41, 46, 13, 54, 12]
553 220 11.36 45.27 6 [51, 40, 27, 52, 43, 7]
502 611 10.16 31.23 7 [8, 42, 38, 5, 56, 7, 36]
546 213 16.43 75.94 8 [14, 13, 50, 20, 44, 5, 22, 47]
588 215 36.97 76.42 10 [41, 32, 9, 34, 51, 13, 36, 29, 46, 3]
331 605 13.37 32.3 7 [45, 5, 15, 38, 35, 19, 41]
379 227 18.84 34.22 4 [40, 18, 20, 55]
259 309 16.69 79.78 3 [34, 14, 56]
412 279 12.48 52.69 8 [40, 17, 53, 39, 38, 5, 10, 43]
428 190 12.22 38.93 1 [22]
321 379 33.71 164.97 3 [1, 9, 14]
602 206 12.95 41.0 6 [1, 28, 39, 12, 19, 15]
557 545 26.32 85.7 3 [50, 48, 6]
472 492 12.27 32.66 8 [11, 23, 1, 33, 27, 58, 35, 34]
389 354 14.23 42.29 9 [50, 42, 8, 5, 18, 17, 6, 53, 47]
321 544 21.06 101.48 3 [43, 44, 49]
392 529 90.02 346.9 6 [53, 7, 58, 34, 23, 43]
535 379 15.96 20.96 3 [20, 26, 38]
233 487 42.32 130.99 7 [22, 33, 24, 41, 31, 43, 57]
532 302 11.8 13.44 5 [17, 20, 48, 45, 33]
224 479 15.71 28.65 10 [30, 4, 20, 7, 53, 27, 54, 37, 48, 52]
182 559 38.92 94.3 9 [29, 54, 59, 35, 1, 2, 51, 32, 33]
231 551 14.5 55.52 4 [48, 46, 38, 45]
288 298 11.27 55.41 9 [27, 6, 25, 42, 39, 32, 53, 16, 51]
415 276 17.95 61.79 10 [54, 2, 36, 5, 10, 38, 45, 24, 27, 11]
209 307 22.3 75.52 8 [58, 16, 10, 52, 49, 32, 43, 38]
542 266 10.24 46.49 8 [8, 30, 37, 38, 7, 41, 25, 0]
329 577 11.28 16.59 2 [40, 51]
550 520 16.03 56.7 6 [35, 22, 7, 44, 1, 4]
422 267 11.58 48.22 3 [34, 12, 47]
203 415 19.09 57.19 3 [9, 50, 21]
254 433 59.14 273.21 9 [37, 59, 54, 40, 25, 44, 6, 0, 49]
379 320 30.73 118.16 2 [47, 22]
255 501 50.77 175.63 7 [7, 37, 19, 42, 47, 5, 4]
517 358 17.99 38.77 8 [14, 47, 0, 4, 16, 55, 20, 43]
572 293 47.32 161.27 10 [19, 21, 56, 33, 8, 44, 37, 7, 40, 27]
263 531 11.08 37.39 2 [31, 59]
521 456 14.08 25.18 6 [39, 58, 42, 53, 57, 6]
539 314 33.6 92.96 5 [8, 55, 56, 3, 13]
414 561 20.21 85.81 8 [51, 53, 40, 17, 3, 12, 22, 25]
308 516 44.65 98.13 5 [9, 19, 32, 35, 14]
183 549 29.4 112.24 10 [9, 33, 23, 0, 40, 35, 45, 34, 38, 31]
185 361 13.41 32.46 2 [7, 32]
511 230 24.4 42.59 3 [56, 47, 14]
340 538 31.35 51.2 4 [43, 57, 46, 26]
273 467 37.14 129.19 2 [34, 35]
610 311 24.22 38.65 4 [47, 38, 10, 34]
310 519 14.27 41.13 5 [24, 23, 35, 52, 34]
417 341 43.51 106.34 2 [54, 8]
516 430 93.44 268.0 10 [22, 53, 45, 59, 14, 34, 50, 39, 30, 0]
372 434 11.63 37.29 6 [44, 35, 39, 58, 26, 56]
291 394 17.12 30.12 6 [22, 54, 5, 15, 0, 40]
229 430 19.93 46.53 9 [16, 57, 42, 2, 48, 9, 52, 18, 25]
270 595 14.49 53.73 2 [0, 49]
602 514 20.85 43.11 9 [54, 16, 20, 3, 7, 55, 28, 48, 19]
329 603 11.69 13.97 2 [23, 38]
256 341 12.21 45.72 7 [4, 16, 39, 20, 29, 38, 59]
437 580 53.55 131.24 2 [57, 26]
267 506 31.22 155.75 4 [39, 34, 23, 4]
204 474 16.55 80.37 6 [33, 25, 22, 34, 59, 30]
340 454 49.51 96.57 4 [2, 56, 44, 34]
314 335 19.5 91.41 2 [58, 37]
557 355 32.03 115.87 10 [0, 20, 24, 47, 58, 48, 27, 18, 1, 8]
593 536 15.5 61.38 9 [16, 42, 39, 12, 36, 59, 47, 24, 37]
289 458 25.38 38.6 10 [46, 16, 18, 32, 10, 20, 34, 35, 14, 11]
314 448 22.72 34.66 3 [53, 33, 59]
506 565 17.46 75.95 8 [7, 44, 43, 46, 41, 39, 24, 16]
540 301 13.58 36.48 6 [18, 4, 49, 42, 24, 3]
396 554 10.17 17.25 1 [15]
480 247 41.2 129.66 1 [49]
182 197 56.69 96.87 8 [33, 56, 46, 29, 25, 0, 16, 59]
205 323 10.6 19.96 5 [15, 34, 58, 25, 6]
444 510 13.3 48.97 10 [31, 57, 44, 12, 23, 48, 49, 9, 20, 47]
341 482 19.08 34.17 8 [23, 27, 38, 51, 21, 56, 6, 4]
403 266 15.56 72.94 2 [10, 43]
313 555 19.25 86.22 5 [31, 44, 14, 46, 54]
573 301 42.67 114.81 4 [29, 3, 46, 25]
238 585 19.59 95.54 6 [45, 26, 52, 23, 10, 20]
206 211 39.04 123.04 1 [27]
210 318 11.57 24.29 1 [16]
224 561 21.16 38.07 3 [17, 40, 20]
540 435 15.13 17.49 9 [27, 49, 2, 0, 44, 16, 32, 19, 50]
319 245 13.24 55.74 6 [28, 16, 20, 46, 41, 19]
598 515 10.42 20.42 4 [3, 57, 58, 50]
186 220 12.99 49.5 10 [34, 31, 36, 19, 58, 56, 35, 22, 27, 26]
374 563 35.22 84.52 9 [17, 8, 10, 52, 27, 15, 2, 12, 13]
366 354 45.53 209.18 5 [7, 26, 57, 28, 15]
219 271 10.51 47.1 6 [1, 56, 40, 48, 32, 24]
317 180 11.63 13.45 7 [8, 9, 16, 32, 17, 53, 29]
315 343 11.9 42.97 10 [35, 55, 20, 36, 3, 9, 18, 26, 42, 49]
531 437 17.98 73.8 2 [28, 5]
372 440 21.3 44.97 9 [6, 42, 49, 28, 24, 17, 59, 37, 22]
482 245 17.51 38.58 4 [35, 7, 56, 22]
480 218 17.03 25.94 9 [3, 59, 19, 26, 46, 36, 6, 33, 14]
549 246 12.28 39.36 1 [34]
570 427 14.08 60.95 9 [13, 59, 52, 27, 29, 46, 3, 44, 55]
264 276 10.75 52.57 1 [51]
296 601 19.71 92.36 7 [51, 30, 7, 11, 0, 27, 2]
383 263 25.69 31.66 3 [53, 4, 10]
580 507 34.96 93.71 1 [49]
258 333 12.08 17.73 10 [33, 5, 39, 3, 2, 26, 37, 35, 7, 30]
602 529 11.6 25.34 7 [8, 49, 0, 14, 24, 21, 40]
455 361 12.62 42.62 6 [21, 33, 39, 24, 56, 47]
184 599 18.72 76.09 8 [0, 34, 5, 57, 24, 43, 23, 27]
191 474 28.39 53.37 1 [29]
353 545 19.91 48.36 1 [54]
555 184 13.7 52.07 2 [6, 48]
308 315 14.47 69.77 4 [27, 22, 17, 1]
373 216 58.59 152.71 9 [18, 15, 29, 26, 32, 56, 30, 19, 37]
315 449 13.42 59.47 6 [38, 53, 33, 55, 21, 14]
515 185 10.25 35.16 5 [43, 40, 38, 2, 47]
341 489 17.67 24.75 5 [25, 27, 53, 15, 50]
495 601 16.69 25.41 3 [50, 15, 34]
573 514 17.14 79.47 2 [40, 7]
522 255 10.25 37.46 10 [38, 9, 10, 40, 20, 58, 56, 25, 26, 13]
511 508 54.8 163.03 3 [50, 16, 4]
257 583 10.48 34.47 5 [52, 10, 2, 17, 22]
436 305 40.63 199.86 2 [32, 40]
483 232 14.26 48.03 7 [17, 12, 5, 21, 44, 32, 36]
345 240 10.44 31.86 2 [37, 6]
385 440 21.92 55.24 8 [40, 17, 58, 11, 46, 49, 54, 18]
595 516 11.54 44.79 8 [25, 35, 7, 43, 32, 55, 39, 5]
584 184 61.09 138.72 2 [20, 18]
294 344 10.25 46.85 3 [27, 14, 31]
193 584 24.7 84.79 10 [28, 16, 48, 32, 35, 9, 24, 55, 8, 23]
340 364 11.45 44.07 5 [54, 59, 7, 16, 49]
423 378 14.92 56.41 10 [31, 34, 3, 16, 46, 13, 2, 47, 41, 12]
467 366 13.05 40.34 3 [35, 42, 7]
341 419 36.34 116.4 9 [11, 19, 44, 38, 18, 10, 20, 15, 48]
293 300 18.0 31.45 1 [41]
395 258 17.22 46.83 10 [50, 23, 22, 16, 1, 48, 49, 41, 36, 8]
361 394 11.78 43.97 4 [33, 39, 11, 0]
381 568 15.83 65.85 10 [35, 20, 49, 33, 41, 10, 17, 36, 58, 2]
188 245 10.65 10.8 10 [38, 41, 6, 33, 37, 39, 55, 58, 1, 26]
181 361 33.67 148.43 1 [54]
539 574 14.37 58.25 5 [23, 47, 27, 2, 14]
457 273 12.83 39.53 4 [29, 14, 23, 46]
240 323 26.31 36.85 2 [8, 58]
595 561 11.25 51.93 5 [19, 12, 28, 6, 17]
301 259 19.32 57.85 1 [39]
317 235 98.87 244.48 7 [15, 26, 49, 47, 18, 45, 56]
437 257 32.25 92.57 3 [3, 27, 33]
392 373 14.69 20.9 3 [59, 36, 24]
290 569 25.95 103.56 6 [38, 17, 5, 39, 4, 26]
391 569 10.6 47.03 6 [5, 3, 36, 50, 16, 28]
206 405 12.69 50.01 8 [4, 31, 6, 47, 12, 32, 55, 13]
330 488 12.77 45.92 7 [54, 1, 56, 39, 15, 41, 12]
406 608 10.44 34.09 8 [20, 21, 52, 58, 7, 27, 49, 5]
409 580 15.4 73.52 6 [51, 5, 21, 55, 31, 41]
406 445 38.75 144.25 6 [26, 50, 49, 41, 21, 6]
208 481 12.32 52.02 5 [11, 44, 15, 49, 55]
294 394 11.01 54.79 3 [23, 28, 14]
435 420 15.7 42.85 8 [11, 21, 44, 49, 6, 22, 8, 15]
606 584 13.62 61.29 7 [59, 43, 4, 8, 20, 34, 21]
289 608 10.55 42.79 9 [48, 2, 51, 11, 22, 33, 58, 32, 57]
445 581 28.89 104.62 7 [28, 46, 30, 43, 12, 53, 15]
322 447 18.05 65.77 3 [18, 29, 38]
451 464 14.02 23.4 7 [8, 42, 45, 43, 52, 51, 57]
263 257 29.53 109.49 7 [9, 16, 11, 25, 13, 35, 58]
422 554 14.21 68.36 7 [2, 36, 51, 5, 32, 42, 39]
450 231 14.89 62.34 7 [10, 52, 37, 24, 58, 35, 23]
599 208 51.89 67.15 1 [56]
361 513 17.72 60.32 3 [41, 44, 39]
568 194 12.12 27.31 8 [43, 46, 12, 52, 4, 9, 25, 10]
493 516 13.45 65.67 4 [48, 30, 39, 22]
247 601 10.12 46.06 7 [11, 20, 6, 8, 21, 15, 29]
230 313 14.04 17.68 3 [8, 34, 12]
476 401 41.01 102.57 1 [35]
446 185 26.09 110.01 3 [5, 25, 22]
538 532 88.72 291.45 3 [39, 46, 52]
345 471 24.98 92.47 9 [10, 18, 0, 8, 7, 42, 51, 41, 33]
527 412 33.11 62.44 7 [25, 37, 28, 5, 18, 7, 12]
474 247 16.6 72.68 10 [35, 18, 14, 13, 28, 47, 44, 30, 57, 19]
374 460 36.81 138.59 4 [48, 27, 41, 54]
579 184 18.04 47.35 7 [57, 51, 59, 49, 46, 16, 17]
229 283 99.38 413.54 7 [36, 4, 35, 0, 6, 13, 52]
262 314 17.01 58.85 1 [6]
459 225 10.39 33.97 1 [30]
446 453 41.31 73.85 4 [53, 15, 24, 47]
540 505 12.61 53.77 4 [37, 51, 52, 21]
205 365 15.26 40.79 1 [2]
395 451 13.16 17.34 3 [38, 20, 15]
229 261 61.05 141.79 7 [19, 49, 33, 10, 56, 15, 14]
300 222 16.95 37.75 7 [27, 54, 42, 59, 0, 57, 23]
249 250 77.8 286.41 3 [58, 6, 21]
255 253 11.53 29.76 2 [12, 39]
370 348 16.48 35.75 1 [16]
296 597 22.97 70.07 6 [51, 5, 41, 18, 46, 13]
354 551 18.83 46.91 5 [30, 32, 29, 1, 50]
511 335 13.82 50.82 1 [21]
599 258 40.82 58.76 9 [51, 47, 27, 30, 56, 45, 8, 1, 28]
215 362 22.72 49.63 3 [59, 8, 7]
242 187 13.65 49.31 7 [4, 20, 50, 10, 7, 29, 15]
221 538 33.78 92.46 1 [29]
181 203 31.55 33.77 1 [0]
199 434 16.56 73.41 5 [5, 22, 53, 2, 36]
476 423 16.49 70.13 7 [33, 27, 59, 22, 2, 9, 46]
438 415 29.78 118.44 4 [19, 54, 26, 22]
214 250 16.43 65.8 4 [32, 28, 54, 46]
318 579 13.07 39.02 9 [23, 26, 14, 42, 27, 49, 57, 24, 51]
448 586 10.23 48.82 1 [0]
564 209 12.39 50.97 7 [29, 26, 52, 53, 24, 57, 10]
537 396 10.76 38.8 7 [3, 36, 46, 10, 27, 37, 26]
587 406 40.89 174.94 4 [33, 29, 35, 13]
551 217 20.99 28.76 6 [22, 48, 26, 18, 24, 21]
554 270 45.4 74.38 6 [51, 20, 23, 18, 47, 41]
245 189 34.17 143.95 6 [56, 57, 22, 16, 52, 12]
453 310 11.31 55.43 8 [46, 9, 40, 3, 54, 15, 49, 52]
298 542 16.96 44.14 7 [59, 11, 43, 50, 5, 42, 19]
507 524 54.61 233.27 2 [43, 5]
279 535 20.59 77.61 7 [30, 55, 35, 32, 36, 46, 26]
580 329 12.46 19.92 2 [21, 19]
549 495 40.87 186.52 4 [2, 57, 52, 37]
560 582 31.11 67.25 10 [12, 52, 51, 21, 44, 43, 27, 58, 17, 33]
392 556 11.68 21.69 2 [56, 49]
203 419 40.01 71.03 1 [4]
511 332 17.08 83.45 3 [56, 44, 1]
536 570 57.54 247.73 2 [22, 6]
290 200 11.95 22.82 2 [7, 19]
500 417 17.44 47.96 5 [23, 19, 5, 38, 26]
486 194 24.29 26.91 9 [18, 38, 35, 2, 55, 56, 41, 8, 13]
537 564 13.86 47.62 6 [33, 16, 19, 48, 15, 41]
482 554 20.28 31.14 1 [55]
429 271 18.58 92.39 6 [18, 10, 56, 21, 20, 19]
402 348 35.11 170.63 10 [18, 34, 38, 45, 11, 9, 46, 55, 17, 47]
488 344 10.54 48.41 5 [20, 55, 58, 41, 42]
541 373 12.66 61.02 3 [8, 20, 41]
543 181 17.41 47.37 5 [40, 18, 31, 35, 10]
608 253 10.22 23.0 5 [33, 38, 9, 44, 37]
394 550 14.54 46.24 1 [35]
578 254 13.52 32.41 3 [54, 33, 31]
299 305 22.7 43.75 4 [22, 39, 8, 10]
443 254 12.24 56.49 2 [4, 52]
342 506 10.91 25.23 6 [58, 16, 9, 23, 36, 40]
391 495 89.27 260.0 1 [20]
397 376 17.25 29.14 3 [38, 21, 44]
368 240 19.54 96.57 2 [26, 45]
229 587 29.7 66.82 1 [32]
583 458 15.54 26.01 2 [19, 17]
372 359 11.17 21.77 3 [2, 12, 52]
180 273 46.04 146.31 8 [42, 13, 11, 38, 43, 19, 45, 33]
266 368 15.57 47.34 1 [2]
333 452 20.99 45.72 10 [3, 39, 22, 41, 2, 6, 44, 59, 0, 17]
398 520 16.28 44.3 2 [20, 35]
564 186 34.35 131.48 9 [4, 0, 47, 17, 31, 56, 29, 42, 15]
215 189 12.15 25.48 10 [21, 57, 44, 34, 58, 43, 4, 48, 38, 53]
297 428 15.95 61.05 2 [4, 40]
444 313 11.46 27.91 8 [6, 31, 0, 15, 7, 44, 28, 4]
217 484 14.61 58.38 5 [31, 17, 40, 9, 48]
317 534 10.57 47.29 4 [18, 50, 41, 10]
543 568 27.14 68.65 9 [54, 49, 40, 21, 41, 33, 14, 31, 10]
282 217 16.57 64.02 6 [46, 27, 31, 47, 49, 51]
437 346 18.19 21.12 4 [27, 6, 42, 1]
325 223 12.17 35.24 7 [13, 34, 22, 30, 8, 48, 4]
188 548 17.42 82.18 2 [42, 27]
562 304 10.33 25.93 6 [26, 29, 24, 21, 32, 28]
432 539 11.5 17.91 9 [27, 36, 40, 8, 55, 47, 38, 23, 46]
215 389 13.39 40.69 7 [20, 23, 16, 27, 42, 31, 35]
411 358 23.32 60.95 3 [44, 32, 39]
592 487 10.58 12.61 1 [35]
302 216 13.3 32.85 4 [1, 59, 49, 12]
422 369 19.34 93.03 1 [58]
409 606 41.4 95.4 3 [20, 51, 12]
188 550 15.32 20.71 4 [24, 5, 35, 30]
332 275 20.7 35.13 6 [44, 52, 55, 27, 5, 43]
504 484 16.05 23.11 5 [46, 29, 45, 26, 51]
466 497 56.65 214.91 2 [22, 24]
523 604 10.61 36.12 9 [45, 54, 43, 37, 50, 24, 34, 19, 12]
213 180 61.4 134.07 6 [56, 0, 19, 35, 5, 16]
314 180 10.49 42.85 5 [54, 21, 40, 39, 46]
373 595 12.15 21.14 9 [32, 3, 0, 31, 15, 28, 23, 43, 13]
572 213 11.56 51.35 7 [37, 51, 19, 47, 9, 50, 13]
343 610 15.44 59.22 5 [55, 57, 39, 59, 15]
286 431 61.57 192.79 8 [44, 16, 56, 31, 43, 52, 3, 29]
607 189 10.52 23.81 3 [36, 21, 8]
593 592 76.01 158.96 2 [14, 22]
317 352 15.94 16.49 2 [55, 17]
244 433 14.09 63.97 4 [40, 30, 59, 3]
404 295 74.04 281.77 5 [19, 9, 22, 2, 13]
498 254 14.9 41.8 8 [36, 42, 48, 13, 54, 23, 17, 46]
604 258 21.66 33.2 3 [25, 54, 21]
432 244 17.39 80.9 9 [41, 15, 35, 18, 40, 32, 3, 5, 23]
252 248 16.55 61.72 4 [0, 43, 48, 33]
535 193 36.02 152.58 6 [15, 18, 3, 36, 42, 10]
308 598 13.72 34.84 7 [54, 3, 28, 37, 48, 2, 8]
544 500 12.94 33.74 10 [28, 0, 59, 5, 36, 48, 2, 3, 52, 4]
202 565 10.98 42.36 4 [28, 27, 12, 17]
447 514 15.64 70.91 3 [20, 56, 12]
601 411 10.64 27.03 4 [1, 55, 22, 8]
532 265 64.15 113.08 4 [7, 9, 26, 15]
258 409 52.3 129.81 6 [37, 42, 35, 54, 51, 30]
538 205 14.01 53.48 1 [14]
330 509 34.66 118.16 2 [23, 37]
464 506 13.03 26.84 1 [5]
432 214 17.43 19.89 6 [51, 48, 26, 32, 29, 3]
214 532 70.72 303.04 6 [48, 3, 4, 26, 25, 24]
330 223 16.8 53.49 6 [29, 34, 10, 42, 21, 12]
555 340 23.21 93.2 9 [33, 41, 40, 3, 51, 47, 29, 7, 30]
194 180 12.25 53.16 2 [20, 31]
567 548 74.1 239.32 10 [54, 47, 20, 10, 38, 55, 45, 42, 17, 41]
457 473 19.77 63.15 4 [31, 18, 2, 3]
468 362 38.04 154.02 5 [58, 44, 39, 50, 35]
273 372 12.55 60.84 9 [16, 2, 5, 14, 18, 41, 6, 9, 10]
447 495 13.67 40.33 2 [19, 2]
344 474 10.78 46.64 6 [22, 19, 10, 6, 34, 5]
495 418 40.55 49.75 10 [55, 37, 53, 36, 2, 7, 29, 25, 45, 9]
549 192 13.08 15.0 4 [8, 20, 29, 22]
360 242 14.33 26.57 6 [6, 25, 28, 5, 4, 14]
246 552 53.75 185.13 9 [50, 54, 41, 47, 0, 5, 18, 34, 36]
504 239 13.78 45.54 8 [19, 55, 20, 9, 35, 57, 32, 46]
590 293 12.2 47.93 7 [56, 50, 52, 15, 30, 45, 3]
186 551 23.53 40.5 7 [28, 49, 58, 50, 27, 51, 34]
355 275 29.1 37.81 4 [4, 46, 35, 40]
304 521 14.92 34.59 6 [24, 22, 30, 10, 52, 20]
432 192 11.25 22.7 1 [5]
316 508 63.06 308.84 8 [45, 0, 13, 29, 2, 3, 16, 49]
188 397 10.67 41.05 9 [26, 59, 32, 49, 27, 40, 37, 24, 21]
524 424 30.91 49.49 9 [53, 20, 3, 11, 27, 34, 12, 39, 14]
432 525 11.25 35.0 10 [39, 30, 16, 17, 15, 13, 36, 21, 42, 31]
498 301 35.65 82.36 3 [36, 49, 34]
211 348 26.4 105.69 3 [3, 22, 54]
270 332 31.28 142.08 1 [3]
356 599 32.73 118.65 8 [24, 40, 51, 43, 56, 33, 6, 5]
568 547 48.64 217.41 9 [17, 38, 15, 23, 52, 39, 7, 11, 47]
525 507 26.86 46.74 1 [3]
291 433 29.76 84.8 2 [8, 0]
327 258 15.54 67.18 5 [39, 0, 49, 36, 35]
218 409 12.67 60.09 10 [32, 28, 25, 12, 30, 21, 50, 44, 35, 41]
491 237 33.03 122.36 4 [59, 45, 55, 50]
281 518 45.21 63.54 3 [26, 8, 20]
401 188 15.25 61.43 4 [8, 12, 13, 3]
416 421 13.86 31.88 7 [44, 42, 32, 17, 58, 21, 45]
592 485 21.43 55.48 5 [43, 58, 20, 15, 26]
281 383 16.99 56.57 7 [31, 44, 16, 6, 58, 52, 4]
436 481 10.31 25.63 10 [23, 17, 43, 4, 39, 59, 33, 12, 7, 3]
401 352 36.25 126.36 6 [58, 40, 53, 23, 17, 1]
518 562 34.33 87.73 1 [26]
592 472 44.29 200.45 9 [9, 0, 13, 2, 26, 37, 16, 6, 54]
589 483 60.46 240.44 2 [37, 22]
446 348 11.65 41.24 5 [33, 11, 19, 48, 12]
347 358 31.23 103.52 3 [22, 36, 35]
460 184 30.08 68.2 5 [58, 19, 56, 9, 57]
190 462 10.12 22.04 6 [39, 21, 28, 1, 34, 31]
229 491 14.61 55.01 10 [39, 34, 54, 57, 47, 5, 48, 53, 43, 51]
599 306 23.78 104.28 5 [1, 45, 43, 53, 52]
387 298 14.43 31.19 4 [8, 2, 43, 34]
185 276 15.2 26.55 9 [26, 44, 45, 27, 15, 28, 34, 16, 21]
244 229 90.96 126.1 1 [52]
402 306 12.44 44.98 2 [7, 35]
389 200 28.34 84.78 9 [35, 29, 59, 32, 58, 16, 25, 46, 19]
528 532 13.67 17.96 1 [51]
465 530 14.6 35.45 10 [25, 12, 1, 45, 28, 10, 29, 59, 42, 47]
457 519 39.04 93.46 8 [48, 36, 25, 9, 28, 38, 21, 59]
215 250 47.09 110.1 7 [22, 49, 48, 41, 3, 16, 29]
234 530 13.87 63.21 8 [51, 33, 49, 30, 47, 28, 59, 50]
421 234 24.08 51.32 8 [39, 40, 59, 2, 34, 17, 58, 32]
517 214 13.91 14.83 9 [39, 3, 9, 59, 52, 51, 29, 32, 13]
216 589 17.98 49.82 7 [14, 23, 33, 28, 29, 59, 24]
208 287 12.45 30.79 2 [0, 28]
538 555 12.83 13.4 7 [55, 29, 19, 49, 20, 14, 48]
603 458 13.6 32.48 2 [20, 3]
399 601 31.42 56.34 7 [28, 41, 55, 0, 53, 12, 52]
329 368 14.49 58.4 1 [15]
607 206 20.47 45.31 9 [43, 59, 49, 54, 57, 19, 1, 27, 42]
250 413 18.07 59.14 7 [2, 41, 55, 50, 6, 3, 11]
411 190 10.09 14.5 8 [4, 9, 42, 46, 52, 7, 10, 24]
209 258 20.63 67.95 10 [50, 18, 56, 6, 4, 57, 34, 7, 48, 13]
484 240 83.81 239.94 3 [10, 59, 47]
503 518 11.77 13.14 1 [38]
184 596 13.04 36.21 2 [48, 37]
273 493 22.49 53.02 7 [13, 2, 16, 59, 17, 21, 3]
280 598 14.01 31.92 6 [59, 33, 22, 12, 57, 17]
534 393 11.35 31.99 1 [24]
255 340 10.02 17.49 10 [38, 35, 16, 55, 59, 46, 51, 2, 31, 25]
488 345 11.05 52.33 4 [2, 59, 57, 35]
550 316 21.0 67.84 4 [26, 40, 25, 7]
576 538 14.48 67.57 10 [0, 2, 18, 41, 27, 37, 11, 16, 29, 15]
380 245 88.54 276.79 6 [19, 20, 48, 25, 44, 5]
232 277 37.92 85.63 2 [18, 35]
606 192 12.29 32.06 8 [36, 28, 12, 16, 48, 7, 55, 0]
313 506 14.13 59.64 6 [56, 27, 44, 39, 4, 8]
600 506 28.8 30.76 10 [24, 4, 12, 15, 13, 53, 57, 34, 23, 39]
352 223 39.59 112.52 5 [59, 23, 0, 7, 29]
384 382 36.14 108.03 6 [31, 51, 24, 26, 2, 56]
450 592 29.23 65.31 1 [18]
200 300 12.13 37.52 6 [55, 33, 9, 11, 43, 46]
371 606 11.12 15.53 7 [3, 11, 56, 31, 0, 44, 47]
562 577 30.8 80.94 7 [52, 1, 4, 48, 7, 44, 51]
427 357 27.97 35.81 9 [14, 51, 0, 42, 46, 1, 4, 40, 47]
203 306 13.84 16.68 3 [16, 51, 34]
262 562 88.99 170.59 8 [31, 38, 39, 40, 9, 32, 35, 58]
234 477 11.41 22.75 2 [17, 5]