0 16
1 22
2 20
3 18
4 16
5 14
6 24
7 16
8 14
9 18
10 20
11 24
12 16
13 22
14 16
15 34
16 28
17 28
18 34
19 28
20 22
21 34
22 18
23 26
24 20
25 22
26 24
27 20
28 16
29 18
30 32
31 34
32 24
33 24
34 18
35 28
36 24
37 34
38 16
39 18
40 14
41 22
42 32
43 28
44 30
45 22
46 18
47 12
48 18
49 14
50 30
51 22
52 16
53 12
54 16
55 12
56 16
57 32
58 16
59 18
60 36
61 34
62 30
63 14
64 24
65 30
66 32
67 18
68 24
69 22
70 14
71 16
72 14
73 24
74 18
75 28
76 20
77 12
78 12
79 12
80 24
81 16
82 30
83 24
84 20
85 18
86 20
87 20
88 18
89 20
90 16
91 12
92 16
93 18
94 28
95 26
96 22
97 18
98 24
99 24
100 30
101 22
102 22
103 24
104 22
105 32
106 14
107 16
108 30
109 24
110 36
111 14
112 16
113 20
114 32
115 30
116 24
117 12
118 20
119 18
120 16
121 12
122 16
123 16
124 16
125 26
126 16
127 16
128 26
129 32
130 30
131 18
132 10
133 30
134 38
135 26
136 30
137 34
138 16
139 14
140 28
141 26
142 28
143 24
144 30
145 12
146 12
147 14
148 28
149 18
150 20
151 30
152 30
153 16
154 16
155 12
156 14
157 22
158 12
159 28
160 32
161 30
162 22
163 16
164 12
165 14
166 26
167 18
168 14
169 24
170 12
171 14
172 28
173 22
174 18
175 24
176 22
177 30
178 32
179 20
180 32
181 20
182 30
183 12
184 12
185 20
186 28
187 30
188 14
189 12
190 34
191 26
192 16
193 32
194 30
195 30
196 24
197 20
198 24
199 16
200 22
201 26
202 12
203 16
204 24
205 16
206 28
207 12
208 18
209 20
210 20
211 30
212 22
213 10
214 20
215 30
216 24
217 18
218 34
219 28
220 34
221 14
222 28
223 20
224 22
225 20
226 20
227 32
228 32
229 28
230 12
231 16
232 28
233 22
234 24
235 18
236 22
237 16
238 12
239 16
240 34
241 34
242 24
243 26
244 26
245 28
246 28
247 16
248 20
249 20
250 16
251 32
252 30
253 14
254 38
255 18
256 32
257 16
258 12
259 28
260 30
261 34
262 14
263 12
264 16
265 20
266 16
267 26
268 12
269 18
270 28
271 12
272 28
273 20
274 18
275 18
276 26
277 30
278 20
279 22
280 26
281 28
282 18
283 22
284 26
285 22
286 30
287 22
288 18
289 28
290 20
291 28
292 18
293 24
294 22
295 14
296 14
297 34
298 14
299 14
300 14
301 24
302 24
303 20
304 28
305 20
306 18
307 22
308 32
309 12
310 48
311 18
312 18
313 14
314 30
315 30
316 28
317 30
318 26
319 16
320 16
321 16
322 30
323 30
324 20
325 16
326 16
327 42
328 26
329 18
330 30
331 24
332 28
333 24
334 18
335 22
336 12
337 12
338 18
339 30
340 30
341 30
342 30
343 20
344 32
345 14
346 20
347 16
348 16
349 20
350 20
351 24
352 22
353 30
354 22
355 26
356 28
357 16
358 28
359 20
360 10
361 20
362 22
363 20
364 32
365 26
366 30
367 16
368 12
369 22
370 18
371 26
372 28
373 24
374 20
375 12
376 26
377 16
378 28
379 22
380 26
381 32
382 12
383 28
384 28
385 30
386 14
387 24
388 28
389 22
390 14
391 30
392 28
393 22
394 10
395 12
396 22
397 22
398 12
399 18
400 26
401 14
402 24
403 12
404 22
405 32
406 28
407 24
408 12
409 30
410 32
411 26
412 20
413 18
414 24
415 30
416 24
417 24
418 20
419 32
420 22
421 26
422 28
423 10
424 34
425 30
426 26
427 34
428 28
429 32
430 28
431 32
432 26
433 36
434 22
435 24
436 22
437 26
438 12
439 16
440 18
441 22
442 32
443 12
444 24
445 26
446 32
447 28
448 20
449 20
450 14
451 18
452 26
453 34
454 26
455 24
456 34
457 34
458 28
459 22
460 28
461 28
462 12
463 14
464 24
465 18
466 20
467 32
468 20
469 32
470 12
471 18
472 24
473 36
474 28
475 18
476 28
477 28
478 16
479 10
480 22
481 24
482 30
483 26
484 12
485 26
486 54
487 34
488 32
489 30
490 24
491 18
492 24
493 36
494 28
495 14
496 20
497 16
498 12
499 24
500 36
501 12
502 22
503 26
504 28
505 16
506 20
507 18
508 18
509 26
510 22
511 24
512 30
513 12
514 32
515 12
516 26
517 28
518 28
519 20
520 28
521 22
522 16
523 24
524 24
525 22
526 22
527 30
528 24
529 18
530 12
531 26
532 36
533 18
534 18
535 16
536 26
537 12
538 20
539 20
540 32
541 18
542 30
543 12
544 62
545 20
546 14
547 14
548 30
549 10
550 12
551 34
552 26
553 20
554 26
555 26
556 32
557 28
558 16
559 12
560 26
561 22
562 18
563 18
564 12
565 10
566 24
567 16
568 32
569 10
570 36
571 30
572 14
573 26
574 20
575 24
576 16
577 26
578 14
579 18
580 32
581 20
582 16
583 12
584 32
585 36
586 28
587 32
588 30
589 32
590 28
591 12
592 22
593 30
594 12
595 30
596 26
597 14
598 12
599 26
600 12
601 18
602 32
603 10
604 18
605 30
606 22
607 32
608 22
609 24
610 28
611 16
612 14
613 16
614 16
615 26
616 14
617 30
618 20
619 12
620 12
621 30
622 28
623 26
624 16
625 22
626 16
627 28
628 30
629 16
630 18
631 26
632 24
633 12
634 12
635 16
636 32
637 30
638 14
639 20
640 16
641 22
642 30
643 24
644 26
645 28
646 28
647 30
648 12
649 24
650 28
651 32
652 14
653 24
654 26
655 20
656 20
657 32
658 22
659 16
660 20
661 14
662 16
663 18
664 14
665 32
666 22
667 28
668 30
669 14
670 30
671 18
672 26
673 14
674 20
675 24
676 18
677 12
678 32
679 30
680 32
681 14
682 16
683 18
684 10
685 18
686 12
687 30
688 22
689 32
690 12
691 16
692 16
693 18
694 18
695 16
696 12
697 12
698 14
699 22
700 26
701 20
702 20
703 14
704 22
705 30
706 20
707 24
708 42
709 30
710 16
711 34
712 20
713 32
714 12
715 32
716 16
717 26
718 24
719 32
720 12
721 16
722 40
723 30
724 26
725 22
726 14
727 18
728 30
729 22
730 20
731 20
732 30
733 14
734 32
735 16
736 22
737 14
738 26
739 20
740 46
741 18
742 30
743 44
744 22
745 30
746 28
747 12
748 28
749 18
750 26
751 22
752 26
753 16
754 10
755 32
756 22
757 18
758 28
759 16
760 24
761 28
762 14
763 22
764 24
765 28
766 16
767 18
768 14
769 14
770 34
771 18
772 26
773 24
774 20
775 24
776 24
777 28
778 32
779 16
780 26
781 32
782 30
783 18
784 28
785 20
786 24
787 18
788 12
789 16
790 12
791 12
792 16
793 18
794 32
795 20
796 12
797 22
798 12
799 24
800 30
801 20
802 12
803 16
804 24
805 24
806 16
807 14
808 10
809 24
810 20
811 10
812 30
813 16
814 14
815 18
816 12
817 46
818 26
819 28
820 24
821 22
822 24
823 26
824 16
825 18
826 24
827 24
828 22
829 28
830 28
831 18
832 26
833 14
834 18
835 32
836 14
837 32
838 14
839 28
840 22
841 30
842 22
843 24
844 26
845 32
846 18
847 16
848 20
849 20
850 12
851 16
852 18
853 14
854 24
855 12
856 16
857 18
858 28
859 14
860 16
861 16
862 24
863 12
864 10
865 24
866 20
867 34
868 22
869 26
870 28
871 16
872 22
873 24
874 24
875 26
876 32
877 24
878 32
879 28
880 28
881 30
882 30
883 24
884 28
885 44
886 22
887 20
888 32
889 28
890 24
891 12
892 12
893 16
894 14
895 18
896 20
897 20
898 28
899 16
900 30
901 18
902 24
903 26
904 32
905 20
906 18
907 22
908 12
909 16
910 12
911 20
912 12
913 12
914 14
915 12
916 30
917 12
918 28
919 14
920 32
921 12
922 48
923 14
924 14
925 24
926 12
927 32
928 22
929 28
930 12
931 32
932 24
933 24
934 16
935 22
936 22
937 12
938 14
939 26
940 26
941 16
942 20
943 26
944 16
945 12
946 24
947 30
948 12
949 14
950 20
951 32
952 18
953 18
954 20
955 32
956 20
957 26
958 36
959 22
960 12
961 30
962 14
963 20
964 14
965 42
966 30
967 14
968 20
969 24
970 18
971 20
972 24
973 30
974 12
975 18
976 28
977 16
978 22
979 20
980 26
981 20
982 32
983 24
984 16
985 34
986 26
987 12
988 16
989 24
990 30
991 14
992 16
993 24
994 28
995 32
996 22
997 20
998 20
999 26
1000 28
1001 58
1002 22
1003 22
1004 16
1005 42
1006 36
1007 32
1008 28
1009 26
1010 28
1011 22
1012 24
1013 24
1014 30
1015 16
1016 28
1017 14
1018 14
1019 30
1020 12
1021 12
1022 26
1023 30
1024 28
1025 18
1026 14
1027 18
1028 30
1029 24
1030 32
1031 22
1032 12
1033 12
1034 16
1035 16
1036 16
1037 30
1038 22
1039 12
1040 30
1041 32
1042 32
1043 12
1044 34
1045 14
1046 14
1047 24
1048 16
1049 18
1050 30
1051 18
1052 20
1053 18
1054 18
1055 16
1056 22
1057 20
1058 32
1059 22
1060 26
1061 28
1062 18
1063 12
1064 28
1065 16
1066 32
1067 26
1068 20
1069 30
1070 18
1071 12
1072 14
1073 16
1074 20
1075 18
1076 18
1077 14
1078 26
1079 30
1080 14
1081 18
1082 16
1083 30
1084 24
1085 18
1086 24
1087 14
1088 18
1089 32
1090 28
1091 26
1092 18
1093 22
1094 14
1095 12
1096 16
1097 14
1098 22
1099 18
1100 26
1101 40
1102 14
1103 18
1104 20
1105 24
1106 16
1107 30
1108 22
1109 32
1110 28
1111 12
1112 24
1113 24
1114 32
1115 22
1116 28
1117 10
1118 22
1119 26
1120 16
1121 28
1122 24
1123 16
1124 28
1125 34
1126 30
1127 26
1128 28
1129 30
1130 20
1131 12
1132 32
1133 44
1134 18
1135 22
1136 16
1137 20
1138 60
1139 24
1140 30
1141 32
1142 20
1143 28
1144 22
1145 32
1146 16
1147 22
1148 30
1149 16
1150 26
1151 16
1152 24
1153 26
1154 14
1155 22
1156 32
1157 26
1158 32
1159 14
1160 12
1161 14
1162 28
1163 22
1164 22
1165 12
1166 30
1167 32
1168 32
1169 14
1170 14
1171 18
1172 22
1173 12
1174 28
1175 32
1176 14
1177 22
1178 20
1179 16
1180 24
1181 34
1182 46
1183 28
1184 14
1185 28
1186 12
1187 22
1188 12
1189 12
1190 24
1191 42
1192 14
1193 18
1194 32
1195 22
1196 32
1197 16
1198 22
1199 26
1200 12
1201 20
1202 16
1203 12
1204 30
1205 28
1206 30
1207 14
1208 30
1209 16
1210 12
1211 16
1212 34
1213 30
1214 22
1215 22
1216 12
1217 14
1218 20
1219 16
1220 12
1221 26
1222 14
1223 32
1224 24
1225 28
1226 30
1227 30
1228 30
1229 14
1230 36
1231 20
1232 22
1233 22
1234 34
1235 26
1236 28
1237 12
1238 12
1239 14
1240 30
1241 20
1242 22
1243 12
1244 20
1245 26
1246 26
1247 12
1248 16
1249 32
1250 20
1251 30
1252 34
1253 18
1254 30
1255 28
1256 14
1257 28
1258 18
1259 22
1260 24
1261 18
1262 18
1263 18
1264 26
1265 26
1266 26
1267 22
1268 12
1269 30
1270 18
1271 16
1272 20
1273 26
1274 20
1275 24
1276 28
1277 18
1278 30
1279 12
1280 18
1281 32
1282 28
1283 32
1284 22
1285 26
1286 14
1287 12
1288 30
1289 24
1290 14
1291 30
1292 24
1293 14
1294 32
1295 14
1296 20
1297 22
1298 26
1299 12
1300 32
1301 16
1302 20
1303 32
1304 18
1305 40
1306 30
1307 26
1308 18
1309 20
1310 16
1311 20
1312 24
1313 20
1314 16
1315 28
1316 18
1317 32
1318 24
1319 22
1320 14
1321 30
1322 12
1323 12
1324 14
1325 12
1326 44
1327 20
1328 12
1329 18
1330 16
1331 38
1332 22
1333 20
1334 30
1335 30
1336 28
1337 20
1338 24
1339 12
1340 28
1341 26
1342 36
1343 16
1344 18
1345 18
1346 14
1347 30
1348 24
1349 20
1350 28
1351 12
1352 36
1353 20
1354 16
1355 30
1356 18
1357 22
1358 24
1359 28
1360 22
1361 12
1362 30
1363 32
1364 14
1365 32
1366 26
1367 14
1368 26
1369 30
1370 20
1371 12
1372 18
1373 18
1374 14
1375 20
1376 12
1377 32
1378 12
1379 14
1380 50
1381 12
1382 38
1383 14
1384 16
1385 14
1386 16
1387 18
1388 30
1389 12
1390 30
1391 28
1392 26
1393 28
1394 24
1395 34
1396 16
1397 32
1398 30
1399 26
1400 30
1401 20
1402 16
1403 22
1404 12
1405 14
1406 20
1407 32
1408 26
1409 12
1410 12
1411 38
1412 20
1413 28
1414 24
1415 38
1416 18
1417 14
1418 26
1419 24
1420 28
1421 12
1422 26
1423 16
1424 16
1425 24
1426 24
1427 22
1428 22
1429 22
1430 22
1431 30
1432 14
1433 52
1434 32
1435 16
1436 16
1437 16
1438 14
1439 14
1440 26
1441 22
1442 20
1443 14
1444 26
1445 28
1446 26
1447 28
1448 26
1449 26
1450 18
1451 18
1452 20
1453 12
1454 32
1455 12
1456 22
1457 22
1458 20
1459 12
1460 20
1461 12
1462 14
1463 12
1464 16
1465 24
1466 20
1467 14
1468 28
1469 18
1470 14
1471 30
1472 30
1473 28
1474 18
1475 26
1476 26
1477 16
1478 18
1479 20
1480 12
1481 22
1482 28
1483 12
1484 28
1485 30
1486 24
1487 26
1488 18
1489 12
1490 30
1491 12
1492 22
1493 20
1494 20
1495 22
1496 12
1497 30
1498 10
1499 12
1500 26
1501 30
1502 12
1503 24
1504 24
1505 28
1506 32
1507 30
1508 38
1509 20
1510 16
1511 16
1512 34
1513 16
1514 22
1515 22
1516 20
1517 14
1518 12
1519 42
1520 26
1521 32
1522 32
1523 16
1524 14
1525 26
1526 12
1527 12
1528 24
1529 30
1530 26
1531 28
1532 16
1533 28
1534 24
1535 18
1536 22
1537 16
1538 28
1539 10
1540 14
1541 26
1542 12
1543 26
1544 26
1545 20
1546 16
1547 16
1548 22
1549 32
1550 18
1551 14
1552 36
1553 28
1554 26
1555 30
1556 40
1557 30
1558 22
1559 18
1560 22
1561 30
1562 20
1563 14
1564 32
1565 14
1566 14
1567 14
1568 16
1569 12
1570 24
1571 20
1572 24
1573 30
1574 20
1575 16
1576 22
1577 30
1578 28
1579 28
1580 18
1581 28
1582 30
1583 12
1584 30
1585 20
1586 24
1587 26
1588 20
1589 28
1590 12
1591 20
1592 30
1593 22
1594 24
1595 14
1596 26
1597 20
1598 16
1599 30
1600 30
1601 12
1602 24
1603 18
1604 32
1605 32
1606 10
1607 28
1608 40
1609 20
1610 14
1611 20
1612 34
1613 28
1614 24
1615 12
1616 30
1617 24
1618 20
1619 26
1620 20
1621 18
1622 28
1623 36
1624 14
1625 34
1626 20
1627 20
1628 12
1629 22
1630 18
1631 24
1632 32
1633 24
1634 12
1635 20
1636 22
1637 28
1638 14
1639 24
1640 14
1641 32
1642 12
1643 12
1644 30
1645 32
1646 32
1647 18
1648 16
1649 32
1650 16
1651 30
1652 18
1653 12
1654 28
1655 14
1656 28
1657 24
1658 20
1659 30
1660 32
1661 18
1662 22
1663 20
1664 26
1665 22
1666 16
1667 16
1668 12
1669 28
1670 12
1671 12
1672 18
1673 24
1674 14
1675 12
1676 26
1677 16
1678 16
1679 18
1680 24
1681 14
1682 14
1683 12
1684 22
1685 12
1686 30
1687 28
1688 34
1689 26
1690 12
1691 34
1692 12
1693 30
1694 30
1695 22
1696 14
1697 22
1698 26
1699 18
1700 30
1701 34
1702 12
1703 12
1704 22
1705 18
1706 22
1707 18
1708 14
1709 14
1710 14
1711 24
1712 26
1713 18
1714 10
1715 28
1716 18
1717 16
1718 24
1719 16
1720 28
1721 22
1722 26
1723 12
1724 18
1725 30
1726 30
1727 18
1728 12
1729 28
1730 30
1731 16
1732 20
1733 18
1734 22
1735 24
1736 30
1737 32
1738 18
1739 14
1740 14
1741 18
1742 32
1743 20
1744 16
1745 26
1746 20
1747 20
1748 20
1749 18
1750 16
1751 24
1752 20
1753 20
1754 30
1755 16
1756 22
1757 24
1758 32
1759 30
1760 20
1761 28
1762 20
1763 24
1764 36
1765 26
1766 12
1767 26
1768 30
1769 12
1770 36
1771 12
1772 26
1773 18
1774 12
1775 34
1776 16
1777 32
1778 22
1779 50
1780 44
1781 30
1782 28
1783 20
1784 24
1785 22
1786 28
1787 18
1788 16
1789 18
1790 16
1791 18
1792 28
1793 32
1794 16
1795 18
1796 32
1797 42
1798 14
1799 18
1800 26
1801 18
1802 20
1803 14
1804 20
1805 18
1806 22
1807 26
1808 14
1809 14
1810 14
1811 30
1812 18
1813 14
1814 20
1815 26
1816 32
1817 30
1818 22
1819 16
1820 32
1821 16
1822 28
1823 16
1824 18
1825 14
1826 22
1827 32
1828 18
1829 20
1830 14
1831 28
1832 16
1833 28
1834 26
1835 24
1836 18
1837 24
1838 32
1839 24
1840 18
1841 24
1842 14
1843 10
1844 30
1845 22
1846 24
1847 12
1848 22
1849 12
1850 16
1851 22
1852 22
1853 16
1854 24
1855 26
1856 20
1857 20
1858 26
1859 32
1860 14
1861 28
1862 30
1863 22
1864 24
1865 30
1866 26
1867 32
1868 32
1869 24
1870 12
1871 32
1872 22
1873 22
1874 24
1875 14
1876 28
1877 16
1878 22
1879 16
1880 40
1881 12
1882 24
1883 30
1884 12
1885 32
1886 24
1887 12
1888 30
1889 18
1890 26
1891 24
1892 26
1893 22
1894 32
1895 28
1896 14
1897 12
1898 30
1899 16
1900 16
1901 22
1902 30
1903 28
1904 32
1905 12
1906 14
1907 32
1908 12
1909 22
1910 18
1911 34
1912 22
1913 32
1914 26
1915 18
1916 22
1917 20
1918 40
1919 24
1920 22
1921 12
1922 16
1923 12
1924 14
1925 22
1926 22
1927 22
1928 20
1929 32
1930 30
1931 14
1932 24
1933 14
1934 22
1935 12
1936 32
1937 20
1938 12
1939 32
1940 24
1941 18
1942 26
1943 28
1944 22
1945 20
1946 32
1947 24
1948 20
1949 32
1950 20
1951 32
1952 12
1953 50
1954 12
1955 20
1956 24
1957 28
1958 20
1959 20
1960 30
1961 12
1962 14
1963 26
1964 14
1965 12
1966 26
1967 14
1968 18
1969 30
1970 24
1971 24
1972 28
1973 18
1974 32
1975 24
1976 24
1977 12
1978 22
1979 12
1980 20
1981 18
1982 22
1983 16
1984 14
1985 12
1986 22
1987 34
1988 28
1989 14
1990 36
1991 26
1992 26
1993 24
1994 22
1995 24
1996 26
1997 16
1998 22
1999 26
2000 32
2001 22
2002 26
2003 20
2004 24
2005 20
2006 16
2007 12
2008 20
2009 18
2010 18
2011 20
2012 30
2013 14
2014 20
2015 24
2016 30
2017 24
2018 18
2019 16
2020 24
2021 24
2022 20
2023 18
2024 12
2025 28
2026 22
2027 38
2028 14
2029 18
2030 24
2031 18
2032 28
2033 38
2034 14
2035 12
2036 32
2037 28
2038 24
2039 12
2040 26
2041 26
2042 24
2043 30
2044 24
2045 14
2046 22
2047 14
2048 28
2049 24
2050 24
2051 18
2052 26
2053 16
2054 26
2055 14
2056 12
2057 22
2058 32
2059 16
2060 20
2061 20
2062 16
2063 30
2064 26
2065 32
2066 18
2067 18
2068 22
2069 18
2070 38
2071 18
2072 12
2073 26
2074 32
2075 18
2076 22
2077 14
2078 22
2079 16
2080 12
2081 26
2082 28
2083 16
2084 22
2085 26
2086 14
2087 26
2088 34
2089 14
2090 16
2091 34
2092 26
2093 24
2094 16
2095 32
2096 36
2097 18
2098 12
2099 12
2100 16
2101 24
2102 36
2103 12
2104 30
2105 12
2106 28
2107 26
2108 12
2109 16
2110 14
2111 36
2112 24
2113 28
2114 16
2115 12
2116 26
2117 12
2118 24
2119 22
2120 12
2121 16
2122 16
2123 38
2124 16
2125 20
2126 18
2127 14
2128 30
2129 18
2130 16
2131 32
2132 32
2133 14
2134 16
2135 30
2136 30
2137 22
2138 22
2139 18
2140 34
2141 22
2142 22
2143 32
2144 24
2145 12
2146 12
2147 24
2148 24
2149 28
2150 20
2151 16
2152 20
2153 30
2154 14
2155 18
2156 28
2157 12
2158 16
2159 12
2160 24
2161 38
2162 30
2163 24
2164 12
2165 26
2166 12
2167 18
2168 26
2169 12
2170 20
2171 18
2172 16
2173 34
2174 26
2175 12
2176 32
2177 20
2178 12
2179 20
2180 26
2181 16
2182 28
2183 28
2184 10
2185 14
2186 42
2187 28
2188 22
2189 14
2190 16
2191 28
2192 22
2193 30
2194 22
2195 30
2196 24
2197 32
2198 22
2199 12
2200 20
2201 32
2202 18
2203 40
2204 32
2205 28
2206 32
2207 28
2208 12
2209 12
2210 26
2211 34
2212 20
2213 28
2214 34
2215 58
2216 10
2217 12
2218 24
2219 24
2220 24
2221 12
2222 16
2223 24
2224 30
2225 30
2226 22
2227 30
2228 10
2229 18
2230 22
2231 14
2232 12
2233 12
2234 32
2235 16
2236 30
2237 30
2238 18
2239 32
2240 18
2241 28
2242 24
2243 30
2244 18
2245 10
2246 26
2247 20
2248 32
2249 12
2250 22
2251 14
2252 16
2253 28
2254 22
2255 26
2256 12
2257 24
2258 20
2259 34
2260 32
2261 28
2262 20
2263 24
2264 18
2265 28
2266 18
2267 16
2268 28
2269 30
2270 32
2271 20
2272 14
2273 30
2274 28
2275 34
2276 12
2277 34
2278 14
2279 24
2280 26
2281 30
2282 26
2283 16
2284 12
2285 32
2286 12
2287 24
2288 16
2289 14
2290 16
2291 26
2292 28
2293 14
2294 28
2295 36
2296 22
2297 24
2298 30
2299 20
2300 12
2301 28
2302 22
2303 18
2304 34
2305 10
2306 32
2307 14
2308 24
2309 32
2310 12
2311 20
2312 12
2313 22
2314 14
2315 28
2316 38
2317 28
2318 18
2319 34
2320 12
2321 26
2322 20
2323 28
2324 24
2325 22
2326 12
2327 22
2328 14
2329 24
2330 18
2331 32
2332 14
2333 14
2334 22
2335 24
2336 28
2337 26
2338 24
2339 30
2340 20
2341 22
2342 18
2343 22
2344 14
2345 12
2346 16
2347 20
2348 24
2349 14
2350 14
2351 34
2352 18
2353 24
2354 20
2355 26
2356 26
2357 20
2358 36
2359 32
2360 28
2361 30
2362 20
2363 12
2364 12
2365 32
2366 26
2367 32
2368 24
2369 24
2370 24
2371 28
2372 12
2373 12
2374 20
2375 16
2376 22
2377 24
2378 14
2379 16
2380 20
2381 18
2382 32
2383 26
2384 20
2385 26
2386 14
2387 14
2388 24
2389 24
2390 18
2391 24
2392 32
2393 34
2394 16
2395 24
2396 32
2397 28
2398 20
2399 16
2400 34
2401 26
2402 30
2403 14
2404 28
2405 24
2406 32
2407 34
2408 20
2409 22
2410 32
2411 24
2412 18
2413 12
2414 14
2415 32
2416 24
2417 24
2418 18
2419 12
2420 26
2421 18
2422 24
2423 58
2424 14
2425 32
2426 30
2427 18
2428 22
2429 20
2430 28
2431 12
2432 32
2433 22
2434 18
2435 20
2436 20
2437 12
2438 12
2439 16
2440 36
2441 24
2442 14
2443 10
2444 20
2445 20
2446 30
2447 14
2448 18
2449 16
2450 16
2451 22
2452 26
2453 12
2454 26
2455 14
2456 22
2457 22
2458 26
2459 20
2460 32
2461 26
2462 16
2463 20
2464 12
2465 20
2466 16
2467 10
2468 20
2469 26
2470 16
2471 24
2472 30
2473 32
2474 20
2475 14
2476 26
2477 18
2478 16
2479 32
2480 20
2481 28
2482 26
2483 30
2484 12
2485 30
2486 22
2487 14
2488 18
2489 28
2490 16
2491 18
2492 12
2493 16
2494 24
2495 22
2496 22
2497 12
2498 16
2499 20
2500 22
2501 16
2502 32
2503 18
2504 32
2505 20
2506 20
2507 26
2508 20
2509 12
2510 28
2511 32
2512 24
2513 24
2514 12
2515 14
2516 16
2517 28
2518 20
2519 24
2520 30
2521 20
2522 24
2523 16
2524 18
2525 18
2526 22
2527 28
2528 14
2529 14
2530 18
2531 16
2532 20
2533 16
2534 18
2535 14
2536 64
2537 22
2538 22
2539 18
2540 26
2541 24
2542 34
2543 26
2544 26
2545 20
2546 28
2547 30
2548 26
2549 12
2550 16
2551 36
2552 20
2553 22
2554 26
2555 22
2556 30
2557 32
2558 40
2559 12
2560 12
2561 20
2562 34
2563 20
2564 28
2565 12
2566 20
2567 22
2568 12
2569 18
2570 30
2571 14
2572 26
2573 34
2574 18
2575 32
2576 22
2577 12
2578 26
2579 30
2580 24
2581 20
2582 28
2583 26
2584 26
2585 18
2586 24
2587 34
2588 38
2589 38
2590 26
2591 20
2592 28
2593 34
2594 24
2595 14
2596 12
2597 14
2598 28
2599 18
2600 12
2601 16
2602 30
2603 28
2604 30
2605 36
2606 32
2607 36
2608 20
2609 22
2610 36
2611 14
2612 18
2613 36
2614 48
2615 12
2616 32
2617 34
2618 18
2619 32
2620 28
2621 24
2622 12
2623 20
2624 34
2625 30
2626 20
2627 12
2628 26
2629 26
2630 22
2631 26
2632 30
2633 32
2634 18
2635 22
2636 32
2637 24
2638 12
2639 32
2640 16
2641 12
2642 30
2643 34
2644 44
2645 34
2646 20
2647 18
2648 30
2649 28
2650 32
2651 18
2652 32
2653 32
2654 58
2655 28
2656 18
2657 12
2658 18
2659 30
2660 26
2661 20
2662 28
2663 24
2664 36
2665 44
2666 42
2667 22
2668 28
2669 18
2670 34
2671 14
2672 10
2673 28
2674 20
2675 26
2676 22
2677 34
2678 22
2679 34
2680 30
2681 30
2682 30
2683 26
2684 26
2685 24
2686 22
2687 12
2688 16
2689 24
2690 30
2691 30
2692 18
2693 12
2694 28
2695 16
2696 34
2697 28
2698 20
2699 12
2700 28
2701 14
2702 34
2703 26
2704 12
2705 32
2706 34
2707 22
2708 30
2709 24
2710 26
2711 16
2712 14
2713 24
2714 34
2715 16
2716 36
2717 52
2718 44
2719 30
2720 36
2721 26
2722 18
2723 32
2724 12
2725 22
2726 18
2727 34
2728 18
2729 32
2730 32
2731 30
2732 14
2733 26
2734 18
2735 30
2736 14
2737 12
2738 10
2739 34
2740 24
2741 18
2742 16
2743 30
2744 20
2745 22
2746 22
2747 16
2748 32
2749 22
2750 22
2751 16
2752 40
2753 12
2754 36
2755 24
2756 12
2757 42
2758 22
2759 18
2760 48
2761 30
2762 20
2763 36
2764 28
2765 10
2766 32
2767 48
2768 12
2769 24
2770 20
2771 24
2772 22
2773 14
2774 26
2775 20
2776 18
2777 24
2778 16
2779 12
2780 12
2781 18
2782 22
2783 12
2784 12
2785 32
2786 30
2787 30
2788 18
2789 26
2790 30
2791 22
2792 44
2793 36
2794 42
2795 12
2796 24
2797 30
2798 24
2799 34
2800 34
2801 26
2802 28
2803 12
2804 14
2805 28
2806 12
2807 26
2808 26
2809 26
2810 22
2811 48
2812 30
2813 34
2814 24
2815 12
2816 12
2817 36
2818 24
2819 20
2820 30
2821 20
2822 14
2823 12
2824 18
2825 22
2826 40
2827 22
2828 22
2829 26
2830 24
2831 34
2832 40
2833 36
2834 30
2835 24
2836 18
2837 36
2838 38
2839 36
2840 22
2841 14
2842 30
2843 24
2844 34
2845 36
2846 20
2847 22
2848 48
2849 16
2850 18
2851 18
2852 34
2853 18
2854 32
2855 40
2856 12
2857 38
2858 38
2859 42
2860 36
2861 34
2862 14
2863 40
2864 34
2865 12
2866 12
2867 28
2868 24
2869 38
2870 40
2871 12
2872 42
2873 18
2874 34
2875 30
2876 12
2877 34
2878 12
2879 20
2880 18
2881 18
2882 40
2883 24
2884 18
2885 42
2886 28
2887 12
2888 12
2889 34
2890 40
2891 12
2892 34
2893 36
2894 20
2895 30
2896 30
2897 46
2898 38
2899 26
2900 20
2901 38
2902 52
2903 36
2904 34
2905 16
2906 22
2907 22
2908 26
2909 42
2910 16
2911 30
2912 26
2913 14
2914 30
2915 46
2916 28
2917 18
2918 44
2919 48
2920 32
2921 22
2922 30
2923 34
2924 46
2925 38
2926 28
2927 20
2928 24
2929 32
2930 38
2931 30
2932 28
2933 44
2934 26
2935 40
2936 14
2937 18
2938 34
2939 20
2940 42
2941 20
2942 28
2943 16
2944 26
2945 30
2946 40
2947 16
2948 22
2949 30
2950 14
2951 26
2952 16
2953 32
2954 22
2955 12
2956 24
2957 20
2958 18
2959 20
2960 16
2961 22
2962 30
2963 28
2964 12
2965 50
2966 18
2967 30
2968 12
2969 12
2970 24
2971 28
2972 42
2973 38
2974 30
2975 26
2976 24
2977 34
2978 16
2979 22
2980 12
2981 12
2982 16
2983 12
2984 24
2985 42
2986 38
2987 36
2988 18
2989 10
2990 28
2991 18
2992 42
2993 32
2994 32
2995 46
2996 24
2997 48
2998 64
2999 34
3000 26
3001 36
3002 48
3003 52
3004 42
3005 46
3006 18
3007 6
3008 38
3009 24
3010 34
3011 12
3012 18
3013 30
3014 42
3015 26
3016 16
3017 16
3018 26
3019 32
3020 12
3021 12
3022 36
3023 28
3024 32
3025 16
3026 12
3027 14
3028 12
3029 24
3030 36
3031 14
3032 38
3033 34
3034 18
3035 16
3036 30
3037 32
3038 12
3039 12
3040 46
3041 26
3042 32
3043 34
3044 14
3045 18
3046 24
3047 34
3048 24
3049 28
3050 30
3051 26
3052 14
3053 30
3054 24
3055 18
3056 30
3057 18
3058 36
3059 18
3060 36
3061 44
3062 30
3063 42
3064 22
3065 28
3066 32
3067 28
3068 14
3069 16
3070 32
3071 24
3072 28
3073 32
3074 26
3075 30
3076 12
3077 40
3078 34
3079 24
3080 30
3081 16
3082 22
3083 28
3084 38
3085 40
3086 12
3087 36
3088 26
3089 24
3090 24
3091 30
3092 26
3093 24
3094 40
3095 12
3096 32
3097 34
3098 36
3099 12
3100 16
3101 24
3102 40
3103 30
3104 38
3105 44
3106 22
3107 22
3108 40
3109 46
3110 34
3111 24
3112 32
3113 36
3114 20
3115 28
3116 18
3117 26
3118 34
3119 26
3120 14
3121 12
3122 16
3123 12
3124 18
3125 12
3126 24
3127 24
3128 22
3129 26
3130 20
3131 34
3132 12
3133 34
3134 16
3135 30
3136 40
3137 10
3138 20
3139 20
3140 20
3141 22
3142 32
3143 34
3144 12
3145 10
3146 34
3147 28
3148 32
3149 16
3150 32
3151 20
3152 18
3153 34
3154 36
3155 12
3156 16
3157 12
3158 16
3159 26
3160 30
3161 38
3162 38
3163 16
3164 32
3165 42
3166 20
3167 16
3168 50
3169 12
3170 22
3171 14
3172 44
3173 28
3174 40
3175 52
3176 42
3177 20
3178 38
3179 14
3180 52
3181 12
3182 14
3183 24
3184 34
3185 10
3186 34
3187 48
3188 52
3189 12
3190 28
3191 12
3192 14
3193 12
3194 28
3195 32
3196 42
3197 28
3198 28
3199 38
3201 18
3202 28
3203 18
3204 16
3205 44
3206 24
3207 46
3208 20
3209 16
3210 20
3211 26
3212 10
3213 30
3214 12
3215 18
3216 18
3217 22
3218 22
3219 32
3220 18
3221 20
3222 16
3223 30
3224 16
3225 34
3226 32
3227 34
3228 34
3229 14
3230 12
3231 16
3232 26
3233 40
3234 34
3236 36
3237 20
3238 26
3239 18
3240 14
3241 16
3242 28
3243 22
3244 30
3245 24
3246 22
3247 24
3248 12
3249 30
3250 16
3251 38
3252 36
3253 10
3254 26
3255 44
3256 26
3257 30
3258 50
3259 32
3260 44
3261 12
3262 42
3263 12
3264 28
3265 28
3266 30
3267 16
3268 32
3269 44
3270 28
3271 30
3272 14
3273 12
3274 12
3275 22
3276 22
3277 20
3278 52
3279 46
3280 26
3281 28
3282 46
3283 52
3284 48
3285 42
3286 12
3287 16
3288 32
3289 16
3290 16
3291 34
3292 52
3293 42
3294 10
3295 34
3296 30
3297 22
3298 42
3299 26
3300 34
3301 12
3302 22
3303 22
3304 18
3305 14
3306 12
3307 36
3308 36
3309 18
3310 16
3311 18
3312 12
3313 34
3314 12
3315 40
3316 18
3317 12
3318 38
3319 12
3320 32
3321 18
3322 40
3323 40
3324 26
3325 12
3326 16
3327 36
3328 42
3329 58
3330 18
3331 40
3332 36
3333 18
3334 16
3335 10
3336 26
3337 32
3338 18
3339 26
3340 34
3341 12
3342 34
3343 30
3344 26
3345 28
3346 34
3347 52
3348 12
3349 40
3350 16
3351 38
3352 24
3353 26
3354 18
3355 36
3356 30
3357 42
3358 14
3359 30
3360 12
3361 28
3362 22
3363 62
3364 12
3365 22
3366 22
3367 26
3368 22
3369 24
3370 38
3371 16
3372 40
3373 44
3374 12
3375 40
3376 34
3377 26
3378 38
3379 12
3380 14
3381 44
3382 34
3383 26
3384 26
3385 14
3386 28
3387 18
3388 12
3389 18
3390 36
3391 20
3392 34
3393 24
3394 22
3395 44
3396 18
3397 26
3398 32
3399 16
3400 34
3401 16
3402 62
3403 32
3404 20
3405 34
3406 40
3407 20
3408 36
3409 44
3410 46
3411 8
3412 30
3413 24
3414 46
3415 28
3416 32
3417 40
3418 12
3419 32
3420 28
3421 20
3422 50
3423 44
3424 36
3425 16
3426 44
3427 40
3428 10
3429 52
3430 12
3431 22
3432 38
3433 34
3434 30
3435 24
3436 16
3437 22
3438 18
3439 38
3440 30
3441 36
3442 16
3443 36
3444 44
3445 44
3446 20
3447 28
3448 32
3449 18
3450 32
3451 22
3452 16
3453 20
3454 20
3455 12
3456 24
3457 30
3458 24
3459 30
3460 14
3461 26
3462 26
3463 28
3464 24
3465 24
3466 32
3467 18
3468 24
3469 24
3470 18
3471 28
3472 12
3473 20
3474 40
3475 20
3476 16
3477 16
3478 26
3479 20
3480 36
3481 46
3482 12
3483 16
3484 12
3485 22
3486 24
3487 14
3488 12
3489 14
3490 12
3491 50
3492 44
3493 64
3494 12
3495 28
3496 44
3497 42
3498 12
3499 52
3500 40
3501 38
3502 12
3503 42
3504 26
3505 50
3506 24
3507 26
3508 18
3509 42
3510 34
3511 26
3512 42
3513 38
3514 14
3515 16
3516 40
3517 24
3518 38
3519 22
3520 36
3521 12
3522 24
3523 36
3524 18
3525 42
3526 30
3527 10
3528 16
3529 42
3530 26
3531 30
3532 38
3533 20
3534 22
3535 30
3536 24
3537 30
3538 28
3539 36
3540 22
3541 28
3542 34
3543 24
3544 26
3545 34
3546 24
3547 42
3548 22
3549 20
3550 18
3551 12
3552 28
3553 12
3554 26
3555 32
3556 32
3557 52
3558 24
3559 26
3560 12
3562 20
3563 32
3564 12
3565 16
3566 38
3567 26
3568 22
3569 38
3570 16
3571 16
3572 24
3573 32
3574 48
3575 42
3576 14
3577 22
3578 18
3579 12
3580 18
3581 30
3582 38
3583 14
3584 12
3585 24
3586 30
3587 20
3588 36
3589 12
3590 14
3591 12
3592 36
3593 26
3594 28
3595 24
3596 24
3597 38
3598 46
3599 22
3600 12
3601 14
3602 20
3603 16
3604 20
3605 24
3606 18
3607 38
3608 20
3609 12
3610 24
3611 8
3612 18
3613 28
3614 48
3615 44
3616 28
3617 32
3618 24
3619 26
3620 26
3621 30
3622 42
3623 16
3624 18
3625 32
3626 36
3627 38
3628 36
3629 20
3630 38
3631 12
3632 36
3633 30
3634 24
3635 26
3636 26
3637 20
3638 14
3639 14
3640 14
3641 28
3642 20
3643 14
3644 26
3645 36
3646 30
3647 20
3648 12
3649 20
3650 24
3651 18
3652 22
3653 26
3654 22
3655 32
3656 16
3657 16
3658 30
3659 36
3660 12
3661 18
3662 20
3663 36
3664 38
3665 56
3666 12
3667 14
3668 12
3669 22
3670 12
3671 28
3672 52
3673 12
3674 26
3675 40
3676 18
3677 38
3678 12
3679 20
3680 46
3681 24
3682 34
3683 14
3684 22
3685 32
3686 32
3687 30
3688 34
3689 54
3690 20
3691 28
3692 32
3693 52
3694 30
3695 20
3696 50
3697 42
3698 20
3699 26
3700 42
3701 34
3702 12
3703 32
3704 22
3705 22
3706 12
3707 34
3708 24
3709 44
3710 12
3711 22
3712 22
3713 26
3714 36
3715 24
3716 16
3717 20
3718 14
3719 24
3720 32
3721 34
3722 26
3724 16
3725 26
3726 20
3727 10
3728 54
3729 30
3730 44
3731 16
3732 26
3733 12
3734 56
3735 48
3736 34
3737 16
3738 22
3739 36
3740 26
3741 34
3742 38
3743 20
3744 26
3745 34
3746 20
3747 12
3748 42
3749 36
3750 20
3751 44
3752 40
3753 32
3754 22
3755 22
3756 30
3757 22
3758 20
3759 36
3760 32
3761 48
3762 34
3763 36
3764 28
3765 34
3766 34
3767 44
3768 36
3769 22
3770 24
3771 46
3772 38
3773 40
3774 48
3775 18
3776 40
3777 32
3778 32
3779 32
3780 20
3781 18
3782 18
3783 14
3784 28
3785 32
3786 30
3787 18
3788 18
3789 32
3790 24
3791 14
3792 36
3793 24
3794 24
3795 30
3796 40
3797 16
3798 20
3799 50
3800 26
3801 26
3802 20
3803 18
3804 38
3805 16
3806 26
3807 42
3808 26
3809 38
3810 22
3811 26
3812 12
3813 36
3814 28
3815 16
3816 22
3817 12
3818 28
3819 38
3820 28
3821 12
3822 36
3823 30
3824 32
3825 38
3826 38
3827 28
3828 26
3829 22
3830 24
3831 22
3832 22
3833 34
3834 26
3835 28
3836 16
3837 30
3838 28
3839 34
3840 34
3841 30
3842 18
3843 20
3844 20
3845 38
3846 38
3847 38
3848 24
3849 20
3850 24
3851 12
3852 42
3853 38
3854 18
3855 34
3856 34
3857 30
3858 38
3859 24
3860 24
3861 32
3862 42
3863 24
3864 44
3865 20
3866 18
3867 14
3868 12
3869 12
3870 20
3871 38
3872 20
3873 30
3874 22
3875 32
3876 62
3877 40
3878 30
3879 52
3880 12
3881 46
3882 34
3883 18
3884 34
3885 32
3886 34
3887 28
3888 30
3889 30
3890 24
3891 14
3892 46
3893 32
3894 32
3895 46
3896 18
3897 40
3898 38
3899 30
3900 40
3901 30
3902 18
3903 40
3904 12
3905 16
3906 18
3907 50
3908 28
3909 16
3910 46
3911 54
3912 24
3913 12
3914 36
3915 12
3916 44
3917 58
3918 34
3919 44
3920 14
3921 30
3922 38
3923 32
3924 22
3925 32
3926 32
3927 28
3928 18
3929 20
3930 26
3931 22
3932 14
3933 12
3934 26
3935 24
3936 28
3937 16
3938 28
3939 32
3940 30
3941 24
3942 12
3943 26
3944 14
3945 12
3946 26
3947 16
3948 36
3949 22
3950 30
3951 20
3954 14
3955 20
3956 22
3957 22
3958 16
3959 12
3960 24
3961 26
3962 12
3963 30
3964 28
3965 30
3966 30
3967 14
3968 22
3969 36
3970 24
3971 24
3972 36
3973 32
3974 18
3975 36
3976 50
3977 34
3978 30
3979 30
3980 16
3981 42
3982 42
3983 16
3984 12
3985 18
3986 40
3987 32
3988 26
3989 18
3990 38
3991 12
3992 34
3993 12
3994 34
3995 12
3996 32
3997 20
3998 22
3999 34
4000 46
4001 30
4002 12
4003 36
4004 18
4005 18
4006 24
4007 24
4008 22
4009 18
4010 24
4011 32
4012 58
4013 30
4014 44
4015 12
4016 22
4017 12
4018 44
4019 12
4020 40
4021 38
4022 42
4023 34
4024 36
4025 24
4026 22
4027 32
4028 12
4029 14
4030 22
4031 38
4032 28
4033 26
4034 24
4035 32
4036 32
4037 22
4038 12
4039 18
4040 22
4041 28
4042 8
4043 26
4044 22
4045 40
4046 42
4047 44
4048 32
4049 30
4050 20
4051 12
4052 14
4053 22
4054 36
4055 26
4056 24
4057 30
4058 18
4059 24
4060 32
4061 12
4062 18
4063 16
4064 14
4065 62
4066 46
4067 44
4068 40
4069 42
4070 24
4071 44
4072 12
4073 32
4074 24
4075 22
4076 28
4077 26
4078 30
4079 28
4080 32
4081 24
4082 26
4083 34
4084 26
4085 36
4086 32
4087 28
4088 24
4089 30
4090 12
4091 14
4092 26
4093 16
4094 24
4095 22
4096 34
4097 46
4098 26
4099 20
4100 42
4101 36
4102 52
4103 26
4104 34
4105 28
4106 26
4107 34
4108 38
4109 32
4110 36
4111 42
4112 14
4113 12
4114 32
4115 28
4116 36
4117 12
4118 28
4119 38
4120 28
4121 32
4122 38
4123 26
4124 36
4125 40
4126 34
4127 22
4128 12
4129 42
4130 18
4131 36
4132 36
4133 34
4134 12
4135 10
4136 38
4137 24
4138 24
4139 20
4140 40
4141 44
4142 16
4143 40
4144 34
4145 22
4146 18
4147 24
4148 18
4149 18
4150 30
4151 32
4152 26
4153 26
4154 38
4155 24
4156 32
4157 26
4158 20
4159 20
4160 28
4161 22
4162 14
4163 28
4164 28
4165 24
4166 14
4167 34
4168 24
4169 34
4170 22
4171 34
4172 18
4173 24
4174 20
4175 36
4176 12
4177 18
4178 26
4179 20
4180 20
4181 38
4182 12
4183 12
4184 12
4185 38
4186 18
4187 38
4188 32
4189 20
4190 40
4191 26
4192 22
4193 32
4194 44
4195 12
4196 40
4197 18
4198 42
4199 32
4200 30
4201 20
4202 24
4203 30
4204 28
4205 12
4206 12
4207 22
4208 14
4209 14
4210 32
4211 22
4212 20
4213 12
4214 28
4215 26
4216 12
4217 34
4218 14
4219 22
4220 18
4221 28
4222 12
4223 36
4224 38
4225 20
4226 12
4227 24
4228 30
4229 18
4230 18
4231 16
4232 20
4233 22
4234 20
4235 28
4236 16
4237 22
4238 20
4239 44
4240 20
4241 16
4242 30
4243 60
4244 24
4245 44
4246 46
4247 36
4248 18
4249 44
4250 26
4251 12
4252 30
4253 18
4254 32
4255 22
4256 18
4257 18
4258 18
4259 26
4260 24
4261 16
4262 36
4263 30
4264 12
4265 30
4266 18
4267 30
4268 26
4269 16
4270 32
4271 30
4272 22
4273 28
4274 48
4275 16
4276 12
4277 24
4278 12
4279 54
4280 12
4281 30
4282 16
4283 30
4284 26
4285 46
4286 22
4287 34
4288 54
4289 18
4290 50
4291 36
4292 12
4293 36
4294 20
4295 14
4296 32
4297 16
4298 18
4299 14
4300 20
4301 34
4302 46
4303 44
4304 26
4305 28
4306 12
4307 40
4308 36
4309 46
4310 48
4311 24
4312 28
4313 24
4314 30
4315 26
4316 20
4317 28
4318 22
4319 16
4320 22
4321 34
4322 14
4323 42
4324 24
4325 18
4326 30
4327 16
4328 24
4329 58
4330 50
4331 22
4332 12
4333 52
4334 8
4335 18
4336 42
4337 46
4338 36
4339 34
4340 52
4341 20
4342 18
4343 36
4344 34
4345 12
4346 18
4347 20
4348 38
4349 16
4350 18
4351 20
4352 34
4353 16
4354 16
4355 22
4356 16
4357 20
4358 34
4359 38
4360 38
4361 20
4362 24
4363 22
4364 46
4365 32
4366 30
4367 22
4368 22
4369 28
4370 22
4371 12
4372 32
4373 40
4374 24
4375 22
4376 40
4377 18
4378 24
4379 34
4380 38
4381 26
4382 42
4383 36
4384 36
4385 34
4386 38
4387 12
4388 40
4389 26
4390 34
4391 26
4392 34
4393 34
4394 32
4395 36
4396 12
4397 34
4398 58
4399 28
4400 22
4401 28
4402 32
4403 12
4404 26
4405 14
4406 12
4407 22
4408 24
4409 32
4410 40
4411 16
4412 32
4414 40
4415 48
4416 20
4417 30
4418 34
4419 22
4420 26
4421 30
4422 18
4423 12
4424 14
4425 26
4426 20
4427 12
4428 30
4429 24
4430 16
4431 28
4432 32
4433 32
4434 12
4435 14
4436 24
4437 16
4438 30
4439 20
4440 18
4441 18
4442 32
4443 14
4444 28
4445 32
4446 24
4447 24
4448 24
4449 38
4450 32
4451 28
4452 46
4453 24
4454 34
4455 30
4456 40
4457 32
4458 18
4459 26
4460 36
4461 28
4462 50
4463 34
4464 36
4465 30
4466 58
4467 12
4468 24
4469 30
4470 30
4471 42
4472 32
4473 28
4474 34
4475 24
4476 12
4477 22
4478 14
4479 32
4480 20
4481 30
4482 18
4483 22
4484 10
4485 12
4486 30
4487 36
4488 26
4489 30
4490 32
4491 36
4492 24
4493 34
4494 10
4495 22
4496 24
4497 40
4498 44
4499 12
4500 36
4501 34
4502 22
4503 40
4504 24
4505 28
4506 36
4507 20
4508 14
4509 10
4510 22
4511 12
4512 22
4513 22
4514 40
4515 30
4516 30
4517 32
4518 34
4519 24
4520 26
4521 16
4522 22
4523 30
4524 22
4525 16
4526 18
4527 38
4528 14
4529 22
4530 22
4531 26
4532 42
4533 28
4534 26
4535 12
4536 32
4537 26
4538 10
4539 12
4540 20
4541 12
4542 18
4543 28
4544 38
4545 44
4546 46
4547 26
4548 32
4549 44
4550 12
4551 34
4552 38
4553 32
4554 26
4555 28
4556 44
4557 40
4558 36
4559 40
4560 54
4561 14
4562 14
4563 24
4564 30
4565 38
4566 48
4567 18
4568 18
4569 40
4570 36
4571 14
4572 24
4573 44
4574 28
4575 22
4576 22
4577 34
4578 28
4579 28
4580 22
4581 18
4582 38
4583 30
4584 24
4585 40
4586 16
4587 44
4588 16
4589 26
4590 34
4591 34
4592 16
4593 16
4594 34
4595 12
4596 30
4597 20
4598 30
4599 40
4600 30
4601 40
4602 44
4603 44
4604 24
4605 24
4606 28
4607 20
4608 12
4609 14
4610 16
4611 18
4612 18
4613 10
4614 50
4615 14
4616 32
4617 24
4618 26
4619 38
4620 28
4621 22
4622 14
4623 34
4624 36
4625 56
4626 26
4627 28
4628 16
4629 18
4630 24
4631 26
4632 20
4633 28
4634 34
4635 28
4636 38
4637 14
4638 32
4639 42
4640 14
4641 28
4642 36
4643 24
4644 12
4645 38
4646 18
4647 12
4648 12
4649 36
4650 40
4651 30
4652 18
4653 14
4654 28
4655 22
4656 24
4657 34
4658 24
4659 12
4660 26
4661 24
4662 42
4663 26
4664 32
4665 34
4666 12
4667 32
4668 16
4669 14
4670 30
4671 32
4672 36
4673 18
4674 26
4675 30
4676 34
4677 16
4678 20
4679 12
4680 16
4681 38
4682 26
4683 30
4684 20
4685 12
4686 28
4687 12
4688 14
4689 28
4690 28
4691 26
4692 12
4693 20
4694 38
4695 56
4696 26
4697 42
4698 36
4699 18
4700 44
4701 20
4702 18
4703 42
4704 40
4705 38
4706 14
4707 48
4708 32
4709 12
4710 44
4711 42
4712 38
4713 20
4715 22
4716 24
4717 40
4718 30
4719 24
4720 28
4721 18
4722 18
4723 36
4724 36
4726 18
4727 14
4728 38
4729 42
4730 28
4731 42
4732 12
4733 18
4734 30
4735 34
4736 32
4737 16
4738 14
4739 18
4740 36
4741 22
4742 36
4743 42
4744 62
4745 32
4746 24
4747 62
4748 38
4749 30
4750 46
4751 62
4752 12
4753 40
4754 26
4755 28
4756 28
4757 18
4758 24
4759 32
4760 14
4761 26
4762 46
4763 38
4764 14
4765 14
4766 20
4767 32
4768 38
4769 14
4770 14
4771 16
4772 24
4773 16
4774 50
4775 18
4776 30
4777 26
4778 24
4779 42
4780 20
4781 22
4782 40
4783 36
4784 40
4785 16
4786 16
4787 42
4788 38
4789 26
4790 40
4791 24
4792 26
4793 44
4794 38
4795 30
4796 42
4797 32
4798 18
4799 44
4800 36
4801 12
4802 12
4803 16
4804 12
4805 32
4806 14
4807 44
4808 36
4809 16
4810 42
4811 12
4812 16
4813 38
4814 16
4815 40
4816 32
4818 34
4819 14
4820 24
4821 28
4822 34
4823 38
4824 26
4825 22
4826 24
4827 42
4828 18
4829 32
4830 14
4831 16
4832 34
4833 30
4834 22
4835 32
4836 16
4837 24
4838 20
4839 44
4840 18
4841 32
4842 26
4843 14
4844 18
4845 24
4846 44
4847 20
4848 44
4849 20
4850 16
4851 28
4852 20
4853 34
4854 42
4855 34
4856 26
4857 22
4858 12
4859 12
4860 20
4861 30
4862 26
4863 40
4864 22
4865 22
4866 16
4867 28
4868 28
4869 34
4870 12
4871 30
4872 38
4873 30
4874 14
4875 24
4876 32
4877 12
4878 22
4879 32
4880 24
4881 38
4882 38
4883 12
4884 44
4885 16
4886 20
4887 26
4888 28
4889 36
4890 18
4891 32
4892 12
4893 28
4894 14
4895 24
4896 48
4897 50
4898 20
4899 44
4900 32
4901 12
4902 42
4903 30
4904 38
4905 38
4906 30
4907 26
4908 22
4909 34
4910 34
4911 26
4912 20
4913 44
4914 12
4915 12
4916 44
4917 30
4918 12
4919 20
4920 40
4921 12
4922 12
4923 26
4924 28
4925 32
4926 36
4927 26
4928 18
4929 18
4930 34
4931 34
4932 30
4933 22
4934 26
4935 20
4936 10
4937 34
4938 18
4939 28
4940 16
4941 12
4942 38
4943 34
4944 44
4945 34
4946 10
4947 22
4948 24
4949 38
4951 28
4952 20
4953 34
4954 26
4955 16
4956 36
4957 40
4958 22
4959 22
4960 38
4961 40
4962 24
4963 30
4964 34
4965 32
4966 32
4967 22
4968 36
4969 16
4970 38
4971 22
4972 22
4973 38
4974 12
4975 30
4976 28
4977 38
4978 24
4979 24
4980 26
4981 28
4982 34
4983 34
4984 20
4985 34
4986 16
4987 16
4988 12
4989 32
4990 14
4991 30
4992 16
4993 28
4994 28
4995 34
4996 22
4997 26
4998 14
4999 26
5000 28
5001 28
5002 20
5003 12
5004 18
5005 26
5006 26
5007 22
5008 38
5009 22
5010 24
5011 14
5012 14
5013 14
5014 26
5015 34
5016 26
5017 12
5018 32
5019 16
5020 24
5021 40
5022 20
5023 32
5024 38
5025 34
5026 12
5027 44
5028 38
5029 38
5030 22
5031 42
5032 10
5033 52
5034 16
5035 12
5036 22
5037 16
5038 34
5039 12
5040 18
5041 38
5042 12
5043 12
5044 18
5045 34
5046 30
5047 28
5048 12
5049 20
5050 20
5051 30
5052 18
5053 34
5055 22
5056 22
5057 24
5058 28
5059 16
5060 34
5061 36
5062 38
5063 30
5064 28
5065 14
5066 10
5067 40
5068 22
5069 28
5070 26
5071 34
5072 26
5073 12
5074 34
5075 32
5076 30
5077 40
5078 30
5079 34
5080 36
5081 32
5082 20
5083 32
5084 24
5085 26
5086 26
5087 24
5088 14
5089 38
5090 24
5091 26
5092 18
5093 36
5094 18
5095 12
5096 24
5097 20
5098 22
5099 26
5100 26
5101 32
5102 28
5103 24
5105 32
5106 18
5107 22
5110 12
5111 14
5112 12
5114 16
5117 18
5118 16
5121 22
5124 20
5126 16
5131 20
5136 14
5137 18
5138 10
5143 14
5148 14
5149 14
5153 16
5154 14
5158 12
5159 12
5171 12
5179 12
5258 12
5791 12
7952 12
