0 38
1 26
2 12
3 20
4 10
5 36
6 36
7 30
8 30
9 12
10 16
11 16
12 12
13 22
14 30
15 12
16 20
17 22
18 16
19 32
20 24
21 12
22 32
23 14
24 22
25 34
26 16
27 20
28 16
29 36
30 32
31 14
32 32
33 16
34 16
35 38
36 14
37 14
38 16
39 18
40 28
41 42
42 38
43 28
44 12
45 32
46 20
47 24
48 36
49 28
50 30
51 16
52 62
53 22
54 40
55 24
56 48
57 42
58 22
59 24
60 12
61 36
62 14
63 44
64 28
65 18
66 26
67 38
68 40
69 42
70 38
71 36
72 26
73 12
74 24
75 12
76 12
77 48
78 20
79 40
80 42
81 46
82 20
83 40
84 12
85 52
86 14
87 34
88 12
89 54
90 10
91 30
92 12
93 36
94 32
95 18
96 34
97 30
98 34
99 28
100 50
101 32
102 28
103 54
104 34
105 28
106 36
107 42
108 26
109 36
110 38
111 54
112 42
113 36
114 32
115 16
116 58
117 18
118 30
119 48
120 28
121 30
122 22
123 14
124 54
125 34
126 18
127 18
128 22
129 44
130 30
131 36
132 10
133 52
134 18
135 30
136 16
137 56
138 22
139 34
140 44
141 36
142 10
143 42
144 12
145 24
146 30
147 34
148 12
149 22
150 42
151 12
152 60
153 20
154 12
155 34
156 34
157 22
158 48
159 12
160 44
161 28
162 12
163 22
164 22
165 30
166 54
167 44
168 18
169 42
170 30
171 38
172 14
173 44
174 20
175 30
176 24
177 28
178 42
179 52
180 26
181 54
182 36
183 24
184 52
185 10
186 40
187 20
188 12
189 42
190 40
191 18
192 8
193 22
194 14
195 32
196 12
197 24
198 18
199 32
200 22
201 38
202 42
203 50
204 48
205 8
206 56
207 46
208 48
209 40
210 36
211 24
212 38
213 48
214 40
215 44
216 12
217 32
218 36
219 38
220 24
221 30
222 36
223 42
224 30
225 10
226 36
227 16
228 28
229 12
230 40
231 52
232 38
233 34
234 18
235 18
236 58
237 42
238 52
239 24
240 26
241 26
242 12
243 60
244 42
245 34
246 48
247 18
248 52
249 18
250 38
251 56
252 44
253 12
254 40
255 18
256 22
257 16
258 54
259 48
260 40
261 24
262 12
263 42
264 34
265 48
266 12
267 46
268 42
269 42
270 30
271 12
272 44
273 44
274 14
275 12
276 34
277 22
278 14
279 42
280 30
281 18
282 50
283 12
284 30
285 14
286 18
287 30
288 32
289 14
290 40
291 54
292 26
293 18
294 38
295 30
296 26
297 24
298 28
299 12
300 54
301 46
302 42
303 16
304 48
305 28
306 48
307 26
308 10
309 16
310 50
311 44
312 46
313 16
314 36
315 58
316 52
317 58
318 48
319 12
320 14
321 52
322 44
323 40
324 40
325 12
326 36
327 26
328 48
329 46
330 42
331 38
332 16
333 42
334 20
335 48
336 34
337 44
338 52
339 12
340 12
341 42
342 52
343 18
344 40
345 36
346 26
347 30
348 52
349 46
350 12
351 12
352 44
353 34
354 30
355 46
356 48
357 54
358 40
359 44
360 28
361 22
362 12
363 52
364 24
365 12
366 18
367 18
368 8
369 12
370 44
371 12
372 10
373 12
374 36
375 16
376 34
377 46
378 26
379 54
380 12
381 30
382 34
383 24
384 52
385 16
386 18
387 24
388 36
389 18
390 38
391 42
392 22
393 60
394 18
395 12
396 22
397 22
398 62
399 34
400 16
401 36
402 30
403 60
404 40
405 34
406 34
407 18
408 30
409 12
410 24
411 58
412 18
413 12
414 42
415 34
416 54
417 54
418 28
419 18
420 54
421 12
422 36
423 18
424 28
425 58
426 24
427 40
428 18
429 54
430 30
431 42
432 30
433 40
434 16
435 22
436 54
437 56
438 40
439 48
440 38
441 22
442 22
443 56
444 24
445 56
446 36
447 44
448 24
449 40
450 54
451 30
452 44
453 12
454 18
455 40
456 18
457 50
458 12
459 30
460 44
461 38
462 14
463 24
464 54
465 20
466 34
467 24
468 50
469 42
470 12
471 26
472 40
473 46
474 22
475 46
476 18
477 18
478 54
479 12
480 30
481 54
482 54
483 10
484 36
485 22
486 48
487 14
488 20
489 28
490 52
491 58
492 48
493 28
494 52
495 36
496 54
497 38
498 34
499 44
