0 6
1 6
2 6
3 6
4 6
5 6
6 8
7 6
8 6
9 6
10 6
11 6
12 6
13 6
14 6
15 6
16 6
17 6
18 6
19 6
20 6
21 6
22 6
23 6
24 6
25 8
26 6
27 6
28 6
29 6
30 6
31 6
32 6
33 6
34 6
35 6
36 6
37 6
38 6
39 6
40 6
41 6
42 6
43 6
44 6
45 6
46 6
47 6
48 6
49 6
50 6
51 6
52 6
53 6
54 6
55 6
56 6
57 6
58 6
59 6
60 6
61 6
62 6
63 6
64 6
65 6
66 6
67 6
68 8
69 6
70 6
71 6
72 6
73 6
74 6
75 8
76 6
77 8
78 6
79 6
80 6
81 6
82 6
83 8
84 6
85 6
86 6
87 6
88 6
89 8
90 6
91 6
92 6
93 6
94 6
95 6
96 6
97 6
98 6
99 8
100 6
101 6
102 6
103 6
104 6
105 6
106 6
107 6
108 10
109 8
110 6
111 20
112 6
113 6
114 6
115 6
116 8
117 6
118 6
119 6
120 6
121 10
122 8
123 6
124 6
125 6
126 6
127 6
128 6
129 10
130 6
131 8
132 6
133 8
134 6
135 6
136 6
137 6
138 8
139 8
140 8
141 8
142 6
143 8
144 6
145 6
146 6
147 8
148 6
149 16
150 8
151 6
152 18
153 6
154 6
155 6
156 6
157 6
158 6
159 6
160 14
161 6
162 6
163 8
164 6
165 8
166 8
167 6
168 6
169 12
170 12
171 8
172 12
173 8
174 8
175 6
176 6
177 8
178 18
179 8
180 10
181 6
182 6
183 8
184 6
185 8
186 10
187 12
188 8
189 12
190 16
191 8
192 6
193 6
194 10
195 10
196 6
197 8
198 10
199 6
200 12
201 6
202 10
203 8
204 10
205 10
206 10
207 12
208 8
209 24
210 6
211 6
212 6
213 14
214 16
215 16
216 10
217 18
218 14
219 12
220 6
221 10
222 6
223 10
224 14
225 12
226 10
227 12
228 10
229 6
230 16
231 14
232 8
233 14
234 10
235 12
236 14
237 16
238 12
239 10
240 10
241 10
242 12
243 12
244 14
245 10
246 12
247 14
248 16
249 10
250 14
251 18
252 14
253 12
254 12
255 14
256 16
257 16
258 12
259 28
260 12
261 12
262 12
263 12
264 12
265 12
266 12
267 14
268 10
269 14
270 12
271 12
272 12
273 12
274 18
275 10
276 12
277 18
278 18
279 14
280 12
281 12
282 14
283 12
284 12
285 12
286 12
287 14
288 12
289 12
290 14
291 12
292 12
293 12
294 16
295 12
296 22
297 12
298 12
299 12
300 14
301 12
302 12
303 12
304 14
305 12
306 12
307 12
308 12
309 12
310 12
311 14
312 12
313 12
314 12
315 16
316 14
317 16
318 12
319 12
320 12
321 12
322 14
323 14
324 12
325 12
326 14
327 12
328 12
329 12
330 14
331 12
332 14
333 12
334 16
335 16
336 12
337 14
338 12
339 12
340 12
341 12
342 14
343 14
344 12
345 16
346 12
347 12
348 14
349 12
350 12
351 12
352 16
353 14
354 12
355 14
356 14
357 14
358 12
359 16
360 14
361 12
362 12
363 12
364 12
365 12
366 12
367 12
368 12
369 12
370 14
371 12
372 12
373 12
374 12
375 12
376 12
377 12
378 12
379 14
380 12
381 12
382 12
383 12
384 12
385 12
386 12
387 12
388 16
389 12
390 18
391 16
392 12
393 16
394 12
395 12
396 12
397 14
398 14
399 14
400 14
401 12
402 12
403 14
404 14
405 12
406 12
407 12
408 12
409 12
410 12
411 16
412 12
413 12
414 12
415 12
416 18
417 14
418 16
419 12
420 16
421 12
422 12
423 12
424 16
425 14
426 12
427 14
428 12
429 12
430 12
431 14
432 12
433 12
434 12
435 12
436 14
437 12
438 12
439 14
440 12
441 12
442 12
443 12
444 12
445 16
446 16
447 12
448 12
449 12
450 14
451 16
452 14
453 12
454 12
455 12
456 12
457 14
458 12
459 12
460 12
461 12
462 12
463 12
464 12
465 12
466 14
467 14
468 12
469 12
470 12
471 12
472 14
473 14
474 12
475 18
476 12
477 12
478 18
479 12
480 20
481 14
482 14
483 12
484 16
485 12
486 14
487 12
488 12
489 12
490 12
491 14
492 16
493 12
494 14
495 14
496 16
497 12
498 14
499 12
