0 22
1 14
2 6
3 12
4 6
5 18
6 22
7 14
8 18
9 6
10 8
11 6
12 6
13 12
14 14
15 6
16 8
17 10
18 8
19 18
20 14
21 6
22 16
23 6
24 10
25 20
26 8
27 8
28 8
29 20
30 20
31 6
32 16
33 8
34 8
35 22
36 6
37 6
38 8
39 12
40 22
41 20
42 22
43 16
44 6
45 14
46 10
47 14
48 18
49 12
50 12
51 6
52 22
53 10
54 18
55 14
56 22
57 20
58 10
59 10
60 6
61 12
62 6
63 20
64 14
65 8
66 14
67 20
68 20
69 16
70 22
71 18
72 10
73 6
74 12
75 6
76 6
77 18
78 8
79 22
80 20
81 20
82 8
83 14
84 6
85 22
86 6
87 16
88 6
89 18
90 6
91 12
92 6
93 16
94 18
95 6
96 12
97 16
98 14
99 16
100 18
101 18
102 12
103 20
104 16
105 12
106 18
107 18
108 14
109 18
110 18
111 22
112 20
113 16
114 18
115 6
116 22
117 6
118 10
119 16
120 10
121 10
122 8
123 8
124 22
125 12
126 6
127 6
128 12
129 18
130 20
131 18
132 6
133 22
134 6
135 14
136 6
137 20
138 10
139 16
140 18
141 20
142 6
143 18
144 6
145 10
146 10
147 12
148 6
149 12
150 22
151 6
152 22
153 8
154 6
155 14
156 16
157 8
158 22
159 6
160 22
161 12
162 6
163 8
164 12
165 16
166 20
167 20
168 8
169 14
170 14
171 16
172 8
173 16
174 16
175 12
176 8
177 14
178 22
179 22
180 12
181 20
182 16
183 8
184 20
185 6
186 18
187 10
188 6
189 16
190 20
191 6
192 6
193 8
194 6
195 12
196 6
197 10
198 6
199 12
200 10
201 16
202 18
203 20
204 18
205 6
206 22
207 20
208 22
209 18
210 12
211 8
212 14
213 18
214 22
215 18
216 6
217 12
218 14
219 14
220 8
221 10
222 18
223 16
224 12
225 6
226 12
227 6
228 12
229 6
230 16
231 22
232 14
233 12
234 6
235 8
236 22
237 22
238 20
239 8
240 10
241 10
242 6
243 22
244 16
245 16
246 16
247 6
248 20
249 6
250 18
251 20
252 16
253 6
254 16
255 6
256 10
257 6
258 20
259 18
260 14
261 10
262 6
263 14
264 14
265 18
266 6
267 22
268 18
269 16
270 10
271 6
272 16
273 16
274 8
275 6
276 14
277 8
278 6
279 20
280 10
281 8
282 20
283 6
284 10
285 8
286 6
287 10
288 14
289 6
290 24
291 22
292 10
293 8
294 24
295 12
296 12
297 10
298 10
299 6
300 32
301 20
302 16
303 6
304 18
305 10
306 18
307 14
308 6
309 6
310 22
311 18
312 18
313 8
314 18
315 28
316 24
317 26
318 20
319 6
320 6
321 22
322 16
323 16
324 14
325 6
326 16
327 12
328 24
329 22
330 16
331 14
332 6
333 18
334 10
335 18
336 14
337 18
338 28
339 6
340 6
341 16
342 18
343 6
344 18
345 14
346 12
347 10
348 28
349 24
350 6
351 6
352 30
353 16
354 12
355 24
356 30
357 28
358 14
359 40
360 10
361 8
362 6
363 20
364 8
365 8
366 8
367 8
368 6
369 6
370 20
371 6
372 6
373 6
374 16
375 8
376 12
377 20
378 12
379 30
380 6
381 12
382 12
383 12
384 22
385 10
386 8
387 10
388 22
389 12
390 18
391 28
392 10
393 20
394 14
395 6
396 10
397 10
398 36
399 16
400 8
401 18
402 16
403 32
404 18
405 32
406 12
407 8
408 12
409 6
410 10
411 22
412 14
413 6
414 14
415 16
416 28
417 24
418 12
419 8
420 20
421 10
422 24
423 8
424 16
425 32
426 10
427 26
428 12
429 24
430 10
431 22
432 24
433 30
434 6
435 16
436 30
437 28
438 14
439 16
440 18
441 10
442 16
443 26
444 10
445 28
446 18
447 24
448 20
449 24
450 34
451 12
452 26
453 6
454 14
455 16
456 8
457 28
458 6
459 14
460 22
461 24
462 8
463 10
464 30
465 10
466 18
467 10
468 24
469 20
470 6
471 12
472 18
473 32
474 14
475 28
476 14
477 14
478 30
479 10
480 12
481 34
482 30
483 12
484 20
485 10
486 22
487 8
488 16
489 18
490 26
491 36
492 26
493 24
494 42
495 20
496 36
497 38
498 14
499 30
