0
0
0
6.895060636436896e-05
6.895060636436896e-05
6.895060636436896e-05
6.895060636436896e-05
6.895060636436896e-05
6.895060636436896e-05
6.895060636436896e-05
6.895060636436896e-05
6.895060636436896e-05
6.895060636436896e-05
6.895060636436896e-05
0.00017967011451438833
0.00017967011451438833
0.00019937258727422712
0.00019937258727422712
0.00019937258727422712
0.00019937258727422712
0.00019937258727422712
0.00023882126104111262
0.00023882126104111262
0.00023882126104111262
0.000966084414838098
0.0010914295012913358
0.0010914295012913358
0.0011858185866818708
0.0011858185866818708
0.0012737998872324873
0.0012737998872324873
0.0012737998872324873
0.0012737998872324873
0.0012737998872324873
0.0015724171393792362
0.0016498440293831848
0.001938251038591011
0.001938251038591011
0.001938251038591011
0.001938251038591011
0.001938251038591011
0.0019396905203775678
0.0020589081546526374
0.0020589081546526374
0.0020589081546526374
0.0023444111222273387
0.0023444111222273387
0.0023444111222273387
0.0029339002891614696
0.0030848703243741235
0.0030848703243741235
0.0030848703243741235
0.0040129546309503415
0.0044879667099264175
0.004790485178006949
0.004889364565656485
0.00497031247699256
0.00497031247699256
0.005179205417011263
0.005179205417011263
0.005179205417011263
0.005179205417011263
0.005179205417011263
0.005179205417011263
0.005179205417011263
0.005179205417011263
0.005179205417011263
0.005179205417011263
0.0053127602374345015
0.0053127602374345015
0.005752576024662519
0.005843312729910845
0.005861741546373388
0.005861741546373388
0.005969683896787656
0.006290473223131338
0.006345116414924996
0.00653146562617221
0.00653146562617221
0.006642040714881506
0.006817162160867439
0.0069032171988357306
0.007441463220048505
0.007441463220048505
0.008691848704283031
0.008691848704283031
0.009034853193098671
0.009119579711245964
0.009416455685024895
0.009890268321668614
0.009890268321668614
0.009892746785021335
0.009892746785021335
0.010164721313542662
0.010164721313542662
0.010330062994403878
0.010697883390398179
0.010955166883005083
0.011072873213455969
0.011217600163742222
0.011820831087913465
0.011959016537793217
0.011959016537793217
0.011959016537793217
0.01248549311151768
0.01248549311151768
0.012790561401011388
0.013129120866587015
0.013129120866587015
0.01327340913955666
0.01327340913955666
0.014320314081383836
0.015026413017305958
0.015316824054109387
0.01572221111181535
0.01602872832278254
0.016188874391620575
0.016498737523112053
0.016980150370675195
0.01771969392841507
0.01859671947013806
0.019204437219581788
0.019204437219581788
0.019468419703755468
0.019988183701250828
0.022025607915349393
0.022562876479122036
0.024038643664803978
0.02427532878589713
0.02452604548008479
0.02489459924579394
0.025276422198785335
0.02546446991517651
0.02562365401479354
0.02662650296253734
0.026904995097449796
0.027820928581090552
0.02828231900605339
0.02843763183936349
0.02862801229851884
0.02938108538878911
0.029757704790611853
0.030274515678678404
0.03103393942250971
0.03160571292425686
0.03197910153215488
0.0328350371060805
0.03341843082525118
0.03426860473465275
0.03434307192074952
0.03480025562987004
0.035087293263345795
0.03614886642450322
0.03740432357371199
0.03821568716510271
0.03845493429182724
0.03845493429182724
0.0385410041387323
0.03933543947474268
0.03942469930823252
0.04019528875823114
0.04029574075283955
0.041529472648976565
0.04185320058845358
0.042481880225162895
0.04291707976694248
0.04327806278465176
0.043803959072329514
0.04420619198756476
0.04530203715947539
0.045865522603399836
0.045949913758903435
0.04650191776561026
0.04731974975797506
0.0474569212226555
0.04898007656357944
0.04977115381214148
0.05035064020163178
0.051415661455761555
0.051415661455761555
0.05167201072255409
0.0517947687800085
0.05192920222676835
0.052121053402042275
0.052386162924375354
0.05245900835342929
0.05267747023199687
0.05287242965769843
0.05287242965769843
0.053073008667176215
0.05333754656006357
0.05366633172584906
0.054249572975239774
0.05437899936296732
0.05460586103913457
0.055378795498662994
0.059508321775687364
0.059508321775687364
0.05972305806666346
0.05984177037475459
0.060499310007505955
0.06078031036199261
0.06104076956258673
0.061107769930611934
0.0611877096393112
0.0611877096393112
0.06161333338232445
0.06347008318204173
0.0636348462021266
0.06380400828262413
0.06443912694910994
0.06450503875738425
0.06454131258650811
0.06518249317828315
0.06533315774775786
0.06552099726224
0.066317225059864
0.06674944338916594
0.06714971848273533
0.06775436882949362
0.0680130734129754
0.0684276740202701
0.06874618886025159
0.06918734038416838
0.07032875667922983
0.07075255494738136
0.07096818375925115
0.07131161334812876
0.07164401034142236
0.0718550910065763
0.07211022497021796
0.07211022497021796
0.07237966427477008
0.07338028565996192
0.07375805655115328
0.07413086468187925
0.07554215787367251
0.07626949714754758
0.07684893946842965
0.07724079422554449
0.07775623702966888
0.0783059732200176
0.07897553787500274
0.07897553787500274
0.07915731069647094
0.0794668663783885
0.07991322405809183
0.08166305937632663
0.08185809904562473
0.0824073168982019
0.08259833803252764
0.08259833803252764
0.08309121079085308
0.08336729870682702
0.08342996275916967
0.08402581954511334
0.08434178443639663
0.08600338252506831
0.08749459853422042
0.08758578568067181
0.08814256151100895
0.08860213299511618
0.08867934497256943
0.08867934497256943
0.08867934497256943
0.08867934497256943
0.08921797202958422
0.09048536144039349
0.09083921847477938
0.09097744771948667
0.09119962307399915
0.09155260640584607
0.09164925606467333
0.09242779149625585
0.09259898789212086
0.0931165223067721
0.09346137138585785
0.09399927511980775
0.09449639021674826
0.09469503347501644
0.09509136927750238
0.0960435115867541
0.0960435115867541
0.09764185226903567
0.0982506118131214
0.09859219911527091
0.09917057720405852
0.10026757652559298
0.10026757652559298
0.10053131855236776
0.10060162817109725
0.10088709691691113
0.10164844698869249
0.10170766392570404
0.1021741584086938
0.10225736581401826
0.1023884291288912
0.10362709511081812
0.10391710878766683
0.10391710878766683
0.10422461264956051
0.10479214716390044
0.10613397900650545
0.10690306544383793
0.10773347750990643
0.10785965518393263
0.10825729608628978
0.10825729608628978
0.10857506590047293
0.10872946426344812
0.109611683654228
0.1097933246910007
0.11119072998997608
0.11170680352176557
0.11198291000591191
0.11204605299298427
0.11221165855175345
0.11249931687101337
0.11288874231778522
0.11335453010302533
0.11379370663258519
0.11394455220579747
0.1157209776252716
0.11722516944902664
0.11784510021238671
0.11808979565120492
0.11917299952159803
0.11940104957542456
0.11992361717353679
0.1202052011372129
0.12102419968403864
0.12140451100520581
0.1217762733763939
0.12241543212229247
0.12464219365761695
0.12510277857499216
0.12531718797952346
0.12538816425266666
0.12556420424169984
0.12591299400981976
0.12595733977920584
0.12623372907153074
0.1264407339469075
0.12716441363187037
0.1285709106826301
0.12876135232756988
0.1292416503908233
0.1306267714549895
0.1307523502599095
0.1307523502599095
0.1307523502599095
0.13100841593010082
0.13152013928851689
0.13190379211798395
0.1319791606888166
0.1321747493629747
0.13258343783032114
0.13279569401211738
0.13378923724095843
0.13409773973701852
0.13409773973701852
0.13446510778958803
0.13477720007875402
0.13556137781986208
0.13735680688530433
0.13780536662625958
0.13803471002901782
0.1384216087784898
0.13850479759617182
0.13850479759617182
0.13850479759617182
0.13850479759617182
0.13877106888225835
0.13886426940081012
0.13898139511838187
0.13910801287638158
0.13949454823241497
0.14060883311764374
0.14093293218854083
0.14122766909300424
0.14139763546057174
0.1429528506219334
0.14306752796941516
0.1432615792460743
0.14351583756790706
0.1438978471162454
0.14410828101577963
0.14427678143726172
0.14477289443389915
0.14509962318572703
0.14638349219471206
0.14646517264099415
0.14665475871695807
0.14748142630123673
0.14768983259324933
0.1478570278547652
0.1482890522283489
0.14875312977280547
0.14889786629456606
0.149808440397171
0.15071296300483253
0.152266388930919
0.1529486964454037
0.1534208123794494
0.15365627701029713
0.15392203728244438
0.15590940938108175
0.15635336196378163
0.1564000527884373
0.1572438074396667
0.15735283902302047
0.15749029764056746
0.1575989325385577
0.1578233358448073
0.1580776291621237
0.15827070117479794
0.1585693609763973
0.15899257466065803
0.15903402534653027
0.1597574261843368
0.16010822533672556
0.16060385430273386
0.1606674285058042
0.161046879243214
0.16139013245891395
0.16160388809620854
0.16164935808265365
0.16205174855162807
0.16247976049265128
0.16285462764882522
0.1631431697392564
0.16324258645270592
0.16328242546973365
0.1634760067141291
0.16378948364191226
0.16378948364191226
0.1641828172687315
0.16434012786041083
0.1646240542405724
0.16599196452153334
0.1660437027748955
0.16620433300147658
0.16634072880528933
0.16684048559189305
0.1672039267725386
0.16728283453254789
0.16768048158556356
0.1680051346079307
0.1688415303149201
0.16925366544673903
0.16930270590917582
0.16963584645512664
0.16997546754010645
0.170085988780679
0.17038550569912492
0.17111960286449995
0.17229811786615173
0.1727303152907415
0.17368090765083813
0.17435622587582594
0.1743868460965207
0.17459678317364133
0.17472411026297618
0.1748542366015706
0.17496096848598156
0.17556962080160787
0.17589944012595904
0.1765185972066539
0.17745538903678088
0.1775285555036759
0.17771506525294423
0.17785427579204535
0.17826644298486766
0.17879079358646247
0.1791147895669163
0.17929901628662057
0.17969070362380762
0.17975566702931575
0.18007797652166718
0.18046183476938035
0.18046183476938035
0.1836415521035386
0.18390227576287835
0.18463413939046566
0.18495029058041795
0.186174615142085
0.18668697175393711
0.18674821929543067
0.18708581967602655
0.18757580764921192
0.18787717336627105
0.18835451923383123
0.18845319882379807
0.1890639194527328
0.18936666800886207
0.1894337270568423
0.18966192531508677
0.18970755329967903
0.18975375134551473
0.19008513620184125
