0
0
0
0
0
0
0
0
0
0
0
0
0
0
0
0
0
0
0
0
0
0
0
2.646375141557229e-05
2.646375141557229e-05
2.646375141557229e-05
2.646375141557229e-05
2.646375141557229e-05
2.646375141557229e-05
2.646375141557229e-05
2.646375141557229e-05
0.00019873385135855704
0.00019873385135855704
0.00019873385135855704
0.00019873385135855704
0.00019873385135855704
0.00019873385135855704
0.00019873385135855704
0.00019873385135855704
0.00023872989135459704
0.0003082381687500587
0.0003082381687500587
0.0003082381687500587
0.0003082381687500587
0.0003082381687500587
0.0003082381687500587
0.0003082381687500587
0.0003082381687500587
0.0011108079216188007
0.001356569671853864
0.001356569671853864
0.001356569671853864
0.001652176215007517
0.001652176215007517
0.001846706581304149
0.001846706581304149
0.002127475000666906
0.002127475000666906
0.002431245927205186
0.002755162958107448
0.002755162958107448
0.002755162958107448
0.0028409075395566387
0.0028409075395566387
0.0028409075395566387
0.003165645020286507
0.0033751539753292393
0.003766634252007165
0.003766634252007165
0.003766634252007165
0.003766634252007165
0.003766634252007165
0.003766634252007165
0.003766634252007165
0.0041986516082903255
0.004303177708630462
0.004303177708630462
0.004303177708630462
0.004303177708630462
0.004303177708630462
0.004476264054325268
0.004476264054325268
0.004839341048196502
0.004839341048196502
0.005785061021901507
0.005785061021901507
0.005785061021901507
0.005785061021901507
0.005785061021901507
0.005785061021901507
0.005785061021901507
0.00595461583781304
0.006221885986458137
0.006404930571709616
0.006404930571709616
0.006687479293558181
0.006901635294752976
0.006901635294752976
0.006901635294752976
0.006901635294752976
0.007517861351748667
0.007601681833925134
0.007601681833925134
0.007601681833925134
0.007601681833925134
0.00816087495857445
0.00816087495857445
0.009145466253934394
0.009145466253934394
0.009145466253934394
0.009145466253934394
0.009145466253934394
0.009145466253934394
0.009885071259072788
0.010563594975382395
0.01057500235029016
0.01057500235029016
0.01057500235029016
0.010793148802547638
0.010911203937302313
0.010911203937302313
0.012102891688592377
0.012102891688592377
0.012306863331401996
0.012306863331401996
0.012306863331401996
0.012889994705383823
0.012889994705383823
0.013198212252748405
0.013420495900004966
0.013583987248305781
0.013583987248305781
0.013583987248305781
0.013583987248305781
0.01478347601400562
0.014868193452337593
0.016715571156410806
0.016715571156410806
0.016715571156410806
0.016715571156410806
0.016715571156410806
0.016715571156410806
0.01728256920701611
0.01728256920701611
0.01728256920701611
0.01728256920701611
0.01728256920701611
0.01728256920701611
0.01728256920701611
0.01735240326877777
0.01752035421801029
0.017655721392717347
0.017655721392717347
0.017655721392717347
0.019416788590076017
0.019687726318276994
0.019687726318276994
0.019936993823923662
0.021014417074351532
0.021235840258141837
0.021958332449024835
0.021958332449024835
0.021958332449024835
0.022360673137143114
0.02280248107959522
0.023216577487377866
0.023216577487377866
0.023216577487377866
0.023640434953624802
0.024180673674925757
0.02432192886166885
0.024442110021296117
0.024442110021296117
0.024637681400389334
0.024637681400389334
0.024637681400389334
0.024637681400389334
0.025253617885913984
0.025457507001515046
0.025457507001515046
0.025457507001515046
0.025457507001515046
0.025522610786533718
0.02572466167905176
0.02572466167905176
0.025783787585242704
0.025915841499389178
0.025915841499389178
0.026974904360781995
0.027262131428160804
0.027742933552396105
0.027742933552396105
0.027742933552396105
0.027882236989953003
0.028211485889182045
0.028211485889182045
0.028211485889182045
0.02828197191876821
0.0285189100391982
0.028593140329925222
0.02896842920968752
0.02896842920968752
0.028983770147078567
0.029058614431591762
0.029183440369065592
0.029687943044445525
0.029990666066794933
0.029990666066794933
0.030136722625170802
0.030136722625170802
0.03067752887095035
0.030735983360979584
0.030735983360979584
0.031366739456950635
0.031687364280443504
0.03170615558548372
0.03171354192076345
0.032522572195186436
0.032889454885991584
0.033424353116186856
0.033595030754562966
0.03408960385724644
0.034511881128372286
0.034511881128372286
0.03569390407631244
0.03569390407631244
0.03586318183596138
0.0364361657560299
0.0364361657560299
0.0364361657560299
0.03666030331674912
0.0367563547123865
0.0367563547123865
0.0367563547123865
0.03694976293064895
0.03704717161001205
0.0374029012839143
0.03745228399996368
0.03797733094744738
0.0380700491339417
0.03823818293286319
0.038979546863247866
0.03979242542857604
0.03980255968755823
0.03980255968755823
0.040155956352778084
0.040155956352778084
0.040155956352778084
0.040155956352778084
0.040155956352778084
0.040155956352778084
0.040155956352778084
0.04030380765668668
0.04030380765668668
0.04038826183428798
0.040905620287450296
0.040905620287450296
0.04236109557012557
0.04236632871470617
0.04243097030601798
0.042692960030365074
0.043306754284702424
0.043306754284702424
0.04355718415902976
0.04355718415902976
0.04369674678839207
0.04423675441835658
0.04423675441835658
0.04433044952300465
0.044395572213107845
0.044967079685235986
0.04522390383289477
0.04530648128198494
0.04615990414741619
0.04615990414741619
0.04615990414741619
0.04635348449126558
0.046917317501453094
0.047167352647883555
0.04734325499165655
0.04734325499165655
0.04734325499165655
0.04734325499165655
0.04734325499165655
0.04734325499165655
0.04771752198909554
0.048147813805841745
0.049209308094218654
0.049209308094218654
0.04956752704309389
0.04962495285902323
0.04962495285902323
0.04962495285902323
0.04972980305576144
0.050181450009926895
0.050181450009926895
0.050481838074618465
0.05118105368248627
0.05152101806589378
0.05181708815120678
0.05226616492110507
0.05264916376889764
0.05411194395306306
0.05419564577174121
0.05419564577174121
0.05441360166613259
0.05441360166613259
0.0546874354705444
0.055103961725163436
0.055103961725163436
0.0561251262576007
0.05625196423479342
0.0572919809860109
0.0572919809860109
0.0572919809860109
0.0572919809860109
0.05744251861257104
0.057605903168041615
0.057605903168041615
0.05801352160819057
0.058257117896466516
0.058444048226384625
0.06010539851492491
0.06010539851492491
0.06054694617655243
0.06100990331953318
0.06114389902826842
0.061346133805065185
0.06207947779322933
0.06258425284381984
0.06345533362045097
0.06376646417281479
0.06439758503034129
0.06439758503034129
0.06474309194597208
0.06545033922917771
0.06576276634921333
0.06583672295303775
0.06592703670535913
0.06592703670535913
0.06597378220102273
0.06619544591514144
0.0663859257942154
0.06731170154961555
0.06731170154961555
0.06768172701406497
0.06809346897713275
0.07009372863424339
0.07009372863424339
0.07064418920788379
0.07064418920788379
0.07074768315224508
0.07123448305282866
0.07159041734565565
0.07167491472463387
0.07193763176682805
0.07226300299488901
0.07238458637086942
0.07354195956009706
0.07354195956009706
0.07372822432852498
0.07402898142329337
0.07429717069091851
0.07429717069091851
0.0747690548511464
0.07527050391781122
0.07543102294878709
0.07582862021175794
0.07592528752838307
0.07628201637694844
0.07638656439842828
0.07735402980205618
0.0776893800820263
0.07785143322384966
0.07798072595848776
0.07821076874750212
0.0787539518455051
0.07902823058899619
0.07927345796842604
0.07948222642825391
0.07974301165975234
0.08200609440464038
0.08209440078766954
0.082269601122852
0.0825147462507667
0.08274605552853186
0.08296319574401276
0.08308032937583151
0.08356395623638788
0.0838274670271148
0.08514572185212076
0.08514572185212076
0.08514572185212076
0.08608190720679705
0.08622592294353713
0.08636969648725715
0.08636969648725715
0.08654321152708175
0.08654321152708175
0.08654321152708175
0.08737417468627276
0.08737417468627276
0.08785673165606173
0.08842369497356072
0.08879522400931965
0.08900843388288783
0.09036103233189287
0.09072440100182544
0.090766019971395
0.09115465624554657
0.09138981059914777
0.09160711791377779
0.09174006562265255
0.09209806040302701
0.09209806040302701
0.09227200151008198
0.09280744791299546
0.09324068012251105
0.09327986644471888
0.09327986644471888
0.09372265825633253
0.09372265825633253
0.0937818935125244
0.09416817067626176
0.09443532462672506
0.09460101119508608
0.09464161384814748
0.09501276225511023
0.09564485824220957
0.09592805413370199
0.09605971432625693
0.09616354568044123
0.09616354568044123
0.09653042881465604
0.09686584310840218
0.09710686188736019
0.09742109756929329
0.09766913895912732
0.09796032167249959
0.09941004738036625
0.09949722599473024
0.099660673171292
0.09979399791940138
0.1001540460678632
0.10036428501569176
0.1004173250733072
0.10065516384872804
0.10094308101622304
0.1016305467474405
0.10238024945753557
0.10240678427409947
0.10262690599733096
0.10262690599733096
0.10263640339352802
0.10263640339352802
0.10353043614756209
0.10353043614756209
0.10415343624617245
0.1054031111321997
0.10598048177828966
0.10606228954540935
0.1065147765144994
0.1065147765144994
0.10668621120344962
0.10689910435462878
0.10689910435462878
0.10724276270695418
0.10820550121014175
0.10915008701104953
0.10924449734973457
0.10961996864153838
0.10976896350440649
0.11004564201092935
0.11078221415994033
0.11150393300065413
0.1118047701589369
0.1123704662461559
0.1123704662461559
0.1123704662461559
0.11269968091274878
0.11269968091274878
0.11269968091274878
0.11279542002606469
0.11330994820024905
0.11359847542620692
0.11524684398561398
0.11576495579103958
0.11581853161173215
0.11613487033477002
0.11613487033477002
0.11634089544638551
0.11690024179233302
0.11710114018754617
0.11795180844244463
0.11831200210637542
0.11831200210637542
0.11855213982789752
0.11860256141935588
0.11866394425653533
0.11933722858923798
