0
0.0002838748037421381
0.00048267742656832834
0.0009567397475168056
0.0009567397475168056
0.0009567397475168056
0.0009567397475168056
0.0010479704235384602
0.0011803587704245493
0.0011803587704245493
0.0012358578977037312
0.0012358578977037312
0.0012358578977037312
0.0014521354446185894
0.002042188453411983
0.002902889929667114
0.004055063533164245
0.004667529657825492
0.0051876952979410225
0.005584156622962193
0.005584156622962193
0.006025057786787513
0.006660584669233509
0.006982750222373794
0.0077743828001366
0.007832292112340327
0.009690697530131421
0.009958623149889023
0.01015829252112432
0.010744136450406014
0.010812043692337852
0.010812043692337852
0.010911826637965112
0.012358412403957466
0.012524681321024278
0.013147710639375827
0.015705618652637053
0.01581055175486308
0.01611763454259609
0.01611763454259609
0.01611763454259609
0.01708916694719936
0.01708916694719936
0.017233819580401613
0.017358338778564634
0.017882737499543364
0.017967871439232664
0.01820118028907352
0.019999846280664424
0.02003908483621763
0.02003908483621763
0.020181122173433822
0.02092955611930296
0.021555461648206597
0.022107354026616503
0.022353318438359124
0.022608593632374628
0.023265094726378072
0.023265094726378072
0.024008039427602705
0.02402234805961378
0.02458968187979572
0.025008198419453488
0.02501825308170462
0.025588633169331406
0.026056717899978717
0.02606768773293808
0.02644442848034937
0.026554966976294603
0.027281644554036012
0.028221153957393372
0.028395793252415456
0.028569945827210775
0.028946229023558246
0.0290686443710383
0.029528635465969764
0.029528635465969764
0.02961749534694783
0.029865089980110924
0.029865089980110924
0.03019896212327444
0.03027682786496596
0.030743598225240705
0.03199079359225573
0.033445269663317255
0.03385676364808405
0.03426484188014015
0.03430032431237168
0.03453357941007609
0.03502662052883312
0.03520989947389142
0.03520989947389142
0.03568135945365652
0.03568135945365652
0.03568135945365652
0.03596795965046671
0.03634158502783632
0.037469032604151395
0.037469032604151395
0.03773483293649517
0.038366545558003735
0.03847157622461259
0.03891108345241292
0.03891108345241292
0.03943739480091201
0.03981945188653493
0.040003263812427574
0.04091972298249256
0.040962709853139746
0.040962709853139746
0.041390769184439014
0.04187221319981511
0.042390801839373944
0.042751202846178706
0.043364472057409106
0.04416162008435486
0.04443753737247783
0.044988445520104746
0.04557588511224068
0.04647449014581236
0.047309682803459326
0.04848959061008557
0.049554421043443535
0.049834494325999866
0.05036841398256277
0.052233859761846746
0.0527148291105968
0.05334975188207441
0.05353452339757854
0.05365658726127059
0.05395489110632004
0.0541787182012584
0.05434414566718788
0.05438719726579504
0.05539170548093126
0.05539170548093126
0.05671200479682551
0.05671200479682551
0.05671200479682551
0.05680609808940722
0.0574355703970421
0.058138502121599475
0.058580099844222015
0.05913817374237542
0.05976564525338765
0.06015500443954138
0.06103394619739209
0.06143383771091803
0.063133779470817
0.063133779470817
0.06349021280111436
0.06369087752241179
0.06500486438921549
0.06596595366264155
0.06689767608443441
0.06703241894820341
0.06725296392857824
0.0674547429247908
0.0684800390862254
0.06874167859648417
0.06910220486438583
0.06910220486438583
0.07017729658049524
0.07047402206828264
0.07111775926168971
0.07148438069494667
0.07182871518178624
0.07236178466208913
0.07250608594799648
0.07367011443035419
0.0743072899253331
0.0743072899253331
0.07476681614028906
0.07538604920518534
0.07538604920518534
0.07675872237886479
0.077495529064141
0.07814808065668959
0.07897400397175944
0.07897400397175944
0.07978675297574352
0.07988455041441629
0.07998034847016462
0.08013545848974694
0.08083237588790877
0.08083237588790877
0.0810531970411435
0.08125131454993079
0.08210753412553619
0.08244023434033827
0.0827453588923869
0.0828226749920623
0.08327315111075201
0.08342714932591205
0.08384060074786795
0.08474874161297014
0.08797711159935036
0.0880541656502252
0.08845145734690057
0.08855210811915848
0.08932606097865345
0.08973813592443869
0.09003995246083366
0.09011927704170845
0.09027990252072532
0.09077286819798386
0.09077286819798386
0.09348572952646331
0.09356980006192
0.09383793873816522
0.09409082831187335
0.0941515960942425
0.09744401414819728
0.09796860557375503
0.09811515759777976
0.09827281711058332
0.09891698967103403
0.09959038961276681
0.09964775494715152
0.10006477767218487
0.10034000139156024
0.10089517854972582
0.10121257816167463
0.1017650966733999
0.10266750643032707
0.10296038045897164
0.10306215503056447
0.10384071876064425
0.10415105431796906
0.10428282635126469
0.10442249320451412
0.1045354316784965
0.10478232047891498
0.10545396688444461
0.10553907659924486
0.10601658878525828
0.10724543171489412
0.10765287043764993
0.10828966885589539
0.1088060943877009
0.10929048255595077
0.11006474027887038
0.11074283308254891
0.11094547510522064
0.11105427669689268
0.11137368950174757
0.11170609038731716
0.1126553418598761
0.11292566408798295
0.11367733556135867
0.11377705339763684
0.11550665381056999
0.11600571160584114
0.11627309595684203
0.1163608210233193
0.11692666019505116
0.11716209855913166
0.11874132786564949
0.11973290404498205
0.11976725163282011
0.12029589744869142
0.12029589744869142
0.12033510716671741
0.1205525015044804
0.12090304235941605
0.12155718386053439
0.12212843506464108
0.12301904518374351
0.12346188129725669
0.12365021557173186
0.12410550821323389
0.1243473238469027
0.12441255107871951
0.12523442777235244
0.12536503908352517
0.12574082668746658
0.12607604833618244
0.12645322241019805
0.12705591684961706
0.12719399786980107
0.12753976528224242
0.12830517927252463
0.12839908185445503
0.1300490436663345
0.13078457042469552
0.13095339063041617
0.1314117865557431
0.1323704509698801
0.13459730647385515
0.13484400298418614
0.13488662724367267
0.13508528007925036
0.13569396463803346
0.13575181754249305
0.13607678545310517
0.1361642823984341
0.13632243287894807
0.13763688817759984
0.13780971583103035
0.13825731688391188
0.13881014357753022
0.13922327979335403
0.14030879671990673
0.14121727213455745
0.14218953606188858
0.1424191517118007
0.14286487705212395
0.14366776416706786
0.14396683334319008
0.1440558751132083
0.1445328986536395
0.1447332359216834
0.14575107368013074
0.14623045572086135
0.14637629723258563
0.1464237502792952
0.14673658285489377
0.1469547247539779
0.14722653627404728
0.1475371006131459
0.14780887552355432
0.14791415863412616
0.1492150947770157
0.15032029764011537
0.1506954446635172
0.15097625567838205
0.15211655952109876
0.15234289907780196
0.1528863222183505
0.15333426719356813
0.15432914618370375
0.1545623577220674
0.15489394550258628
0.15532761040012147
0.15724388859538535
0.15724388859538535
0.15750001795681828
0.15755633777053854
0.1579159021308442
0.15834199735094862
0.15837075773638107
0.15868663446561643
0.15891856434508642
0.15943500848352424
0.16207576259879114
0.16237706517075762
0.16265936445932133
0.16404660509812327
0.16414358498806647
0.16457349809872046
0.16583841390655857
0.16605161699534113
0.16646573597855424
0.1669491448941228
0.16700448294526032
0.16723941476816173
0.16748317609531804
0.16760763880833432
0.1683164017040194
0.16855015087917224
0.16867770038102958
0.1689716925154844
0.1691571712425316
0.16994144500366365
0.1716455691499156
0.17210720399695617
0.1723198133744537
0.17240743386256885
0.17246856410773054
0.1726455354299075
0.17269773596347723
0.17331565535592436
0.17384067012710758
0.17393583943651647
0.17406681086068856
0.17425702602321233
0.17452734372752643
0.17573525675286236
0.17589801773027158
0.1761685808146867
0.1763619562522687
0.17816712070032242
0.17826504754648628
0.17847510698733274
0.1788398406949775
0.17921534526239186
0.1793357308632376
0.17947897207229552
0.179648592504842
0.17997673082636773
0.1810190243798956
0.18117807319690463
0.18132838942009347
0.18206115271728893
0.18224158073009883
0.18236955980813965
0.18291048303327254
0.18321818890773417
0.1833077475664997
0.18395614924718084
0.1846351718758324
0.186444831365873
0.18699422651062428
0.18730226853970625
0.1874893696807672
0.1877397767818192
0.1894761920535565
0.18979914932822387
0.18985192029288975
0.1906849418537024
0.19081037742469434
0.19094518634139088
0.19105471062032475
0.1913590529127525
0.1918211806822612
0.19199159222746962
0.19251259293152312
0.19291802562624236
0.19296066700482933
0.19364407035681305
0.1939666761958379
0.19425193510215233
0.19431787878425993
0.19506153778347748
0.19536605954422148
0.19563495410179893
0.1956794058990912
0.1960355189142006
0.1963073292483423
0.19665975883406595
0.1968217063599731
0.1969192381472107
0.1969566593875243
0.19711599186478318
0.19734680128961674
0.19743519831553674
0.19771589908951392
0.19785872718667522
0.19811026842182983
0.19937865125077128
0.19942957627483074
0.19954279143480355
0.1997286353044153
0.20013731644421556
0.200438103426099
0.20047769247816916
0.20087547705488126
0.20125349078156973
0.20197762597113963
0.20255330516465817
0.20257915913006347
0.20280386495600078
0.20313262859719644
0.20337363043440224
0.20364216341925434
0.20430927672203314
0.20588309335109395
0.20629341479322555
0.20737162132341005
0.20770226506550993
0.2077592720525553
0.207944210664731
0.2080560399230514
0.2081639166824589
0.20826563048067756
0.20900551410268156
0.20934213366550267
0.20995625949303307
0.21045057196567704
0.21051804595870824
0.21076925076987493
0.21089827686860754
0.2110958810002591
0.2122107961637543
0.2125148250269022
0.21266976462760662
0.21301972988320203
0.21308729961286013
0.21330468139976677
0.2136174674487582
0.21399481501334716
0.21567200362453096
0.21585392696048045
0.2164777537280373
0.21688434762823044
0.2184434053337222
0.21888153308012212
0.21892451124819273
0.2192033441400562
0.2196442400286147
0.21985400362237867
0.2204919619031609
0.22059508222085397
0.22098775183736624
0.22127108987709962
0.22133103572175203
0.22160582935414055
0.22164671975522848
0.2216963735333627
0.22213765814463524
