0 182 330 1.88 [2693, 2641, 2632, 2659, 2692, 2635, 2637, 2639, 2652, 2663] [125, 126, 134, 128, 129, 130, 131, 132, 133, 127]
1 185 368 1.32 [3269, 3277, 3247, 3294, 3285, 3309] [135, 136, 140, 138, 139, 137]
2 178 373 1.58 [3223] [141]
3 131 321 1.92 [2435, 2464, 2432, 2482, 2426] [142, 143, 144, 145, 146]
4 142 340 1.58 [11880] [147]
5 176 349 2.8 [2760, 2705, 2739, 2714, 2734, 2754, 2725, 2706] [148, 155, 150, 151, 152, 153, 154, 149]
6 135 362 2.0 [12336, 12310, 12270, 12234, 12392, 12214, 12366, 12259, 12498, 12254] [156, 157, 158, 159, 160, 165, 162, 163, 164, 161]
7 136 321 1.01 [2275, 2277, 2258, 2261, 2265, 2279] [166, 167, 171, 169, 170, 168]
8 173 317 1.12 [10487, 10427, 10336, 10354, 10492, 10539, 10362, 10358] [172, 173, 179, 175, 176, 177, 178, 174]
9 146 343 3.0 [5124] [180]
10 139 312 1.9 [2360, 2351, 2340] [181, 182, 183]
11 149 323 1.86 [2522, 2511] [184, 185]
12 160 360 1.45 [14489] [186]
13 137 350 1.91 [3224, 3237, 3259, 3232, 3219] [187, 188, 189, 190, 191]
14 168 323 1.88 [2048, 2024, 2029, 2053, 2033, 2051] [192, 197, 194, 195, 196, 193]
15 131 319 1.97 [4459] [198]
16 171 319 3.15 [4138, 4139, 4174] [201, 200, 199]
17 179 323 1.22 [2037, 2025, 2041, 2036] [202, 205, 204, 203]
18 130 357 1.15 [8443, 8385, 8333] [206, 207, 208]
19 182 361 1.81 [3161, 3203, 3227, 3195, 3181, 3173, 3219, 3170] [216, 210, 211, 212, 213, 214, 215, 209]
20 143 368 1.63 [2914, 2911, 2961, 2967, 2932, 2906] [217, 218, 219, 220, 221, 222]
21 173 326 1.3 [3619] [223]
22 168 357 1.02 [2999, 2993, 2977, 2989, 2988, 3013, 3000] [224, 225, 230, 227, 228, 229, 226]
23 178 348 2.87 [3861, 3846] [231, 232]
24 142 356 2.98 [6868, 6803, 6843, 6933] [233, 236, 235, 234]
25 182 352 1.64 [5039, 5019, 4935, 5017, 4955, 5005, 4925, 4988, 4945] [237, 238, 239, 240, 241, 242, 245, 244, 243]
26 148 361 3.44 [2550, 2499, 2508] [246, 248, 247]
27 181 314 1.89 [4316, 4309, 4305] [249, 250, 251]
28 174 351 1.78 [2186, 2172, 2197] [252, 254, 253]
29 127 316 3.14 [3667, 3659, 3605, 3658, 3608, 3674, 3664, 3625, 3644] [255, 256, 263, 258, 259, 260, 261, 262, 257]
30 160 364 3.06 [2402, 2425, 2381, 2383, 2384, 2427, 2390, 2379, 2426] [264, 265, 266, 267, 268, 269, 270, 272, 271]
31 153 362 2.91 [3624, 3568] [273, 274]
32 171 337 1.51 [6669, 6604, 6539, 6585, 6612, 6563, 6650] [275, 276, 281, 278, 279, 280, 277]
33 176 334 3.45 [4224, 4261, 4314] [284, 283, 282]
34 149 329 1.51 [2757, 2773, 2751] [285, 286, 287]
35 158 315 3.63 [2293, 2243, 2270, 2250, 2274, 2288, 2279, 2265, 2287, 2263] [288, 297, 290, 291, 292, 293, 294, 295, 296, 289]
36 184 316 1.84 [6382, 6419] [299, 298]
37 163 349 3.91 [2346, 2375] [301, 300]
38 169 368 1.55 [3389, 3349, 3384] [302, 304, 303]
39 130 314 3.31 [2783, 2738, 2755, 2745, 2762] [305, 309, 307, 308, 306]
40 183 319 1.05 [5684, 5688, 5700, 5600, 5598, 5607, 5667, 5584, 5681, 5640] [310, 311, 312, 313, 314, 315, 316, 319, 318, 317]
41 151 316 1.39 [2045, 2027, 2007, 2018, 2043, 2048, 2051, 2039, 2038] [320, 321, 328, 323, 324, 325, 326, 327, 322]
42 174 348 1.57 [2920, 2881, 2929, 2875, 2937, 2899, 2886, 2923, 2887, 2936] [329, 330, 331, 338, 333, 334, 335, 336, 337, 332]
43 139 348 1.99 [2027, 2034, 2032, 2020, 2035, 2015, 2033] [339, 340, 341, 342, 343, 345, 344]
44 146 327 1.02 [2872, 2873] [347, 346]
45 155 333 1.55 [9865, 9869, 10062, 10029, 9906, 10037] [353, 349, 350, 351, 352, 348]
46 131 332 3.45 [4256, 4169, 4173, 4176] [354, 357, 356, 355]
47 126 330 3.92 [3897, 3907, 3824, 3848, 3894, 3913] [358, 359, 363, 361, 362, 360]
48 153 311 3.11 [2894, 2857, 2838, 2836, 2837, 2840, 2901, 2872] [364, 365, 366, 371, 368, 369, 370, 367]
49 179 350 2.88 [3295, 3360, 3345, 3365, 3325] [323, 372, 373, 374, 192]
50 180 320 3.29 [2087, 2046, 2088, 2097, 2083] [345, 342, 328, 197, 193]
51 158 319 1.82 [5649, 5639] [194, 196]
52 131 353 1.69 [3954, 3936, 3933, 3872, 3931, 3891, 3914, 3893, 3904, 3906] [322, 195, 203, 324, 205, 320, 339, 202, 204, 321]
53 160 319 1.72 [6303, 6300, 6208, 6262] [325, 327, 340, 326]
54 153 370 1.82 [3762, 3772, 3844, 3770, 3812, 3806, 3816, 3775] [171, 252, 253, 169, 254, 341, 343, 344]
55 160 342 1.13 [2490, 2507, 2501, 2499, 2491, 2482] [166, 167, 168, 170, 346, 347]
56 183 351 1.92 [3388, 3411, 3445, 3395, 3455, 3404, 3447, 3391, 3432, 3431] [184, 143, 144, 185, 146, 181, 182, 183, 142, 145]
57 170 333 1.26 [2116, 2158, 2143, 2114, 2150, 2157, 2120, 2125, 2161] [166, 224, 225, 226, 227, 228, 229, 170, 230]
58 155 369 1.44 [2693, 2729, 2727, 2696] [139, 136, 140, 135]
59 144 342 3.02 [2971, 3023, 3011, 2993] [290, 288, 291, 289]
60 154 352 3.92 [2365] [292]
61 134 371 1.49 [2500, 2507, 2534, 2531, 2503] [167, 138, 223, 137, 168]
62 139 326 1.14 [5517, 5416] [226, 225]
63 149 314 1.26 [4154, 4159, 4147, 4202, 4149, 4169, 4130, 4152, 4195] [224, 227, 228, 229, 230, 319, 313, 346, 347]
64 159 312 2.02 [4007, 3968, 3939, 4024, 3994, 3971] [126, 132, 127, 128, 130, 131]
65 155 333 1.98 [2661, 2667, 2711] [125, 133, 134]
66 139 326 1.22 [4559, 4534, 4589, 4557, 4546, 4615] [310, 318, 315, 316, 317, 314]
67 178 361 3.42 [2235, 2272, 2225, 2241, 2246, 2226, 2247, 2248, 2276] [264, 265, 271, 267, 268, 269, 270, 272, 266]
68 151 326 1.57 [9444, 9379, 9406, 9290, 9309, 9256, 9363, 9236, 9279] [154, 153, 150, 148, 151, 152, 155, 129, 149]
69 125 316 1.87 [2934, 2912, 2925, 2919, 2928, 2932, 2945] [335, 222, 286, 287, 330, 338, 285]
70 167 347 1.23 [2233, 2241, 2236, 2219, 2223, 2206, 2245, 2244, 2218, 2229] [166, 170, 225, 226, 311, 310, 312, 316, 317, 318]
71 178 326 2.21 [2526, 2513, 2505, 2499, 2486, 2481, 2478, 2506] [217, 218, 221, 331, 336, 337, 329, 334]
72 185 328 1.57 [3163, 3188, 3183, 3162] [304, 332, 333, 138]
73 181 321 1.39 [4744] [219]
74 187 342 1.69 [2301, 2298, 2306, 2307, 2288] [135, 137, 139, 140, 136]
75 135 370 1.91 [7850] [297]
76 132 356 1.99 [3578] [220]
77 146 360 1.96 [15694, 15649, 15883, 15837, 15941, 15805, 15850, 15675] [293, 246, 294, 295, 296, 300, 247, 301]
78 137 351 2.87 [4796, 4756, 4863] [248, 306, 305]
79 168 329 3.99 [2793, 2838, 2779, 2835, 2822, 2815, 2792, 2802, 2810, 2778] [368, 371, 369, 365, 366, 367, 364, 307, 308, 309]
80 187 312 2.79 [2071, 2062, 2093, 2078, 2054, 2064, 2047, 2081, 2085] [187, 141, 210, 212, 213, 191, 214, 216, 209]
81 157 371 1.68 [2893, 2857, 2874, 2832, 2854, 2830, 2869, 2876, 2890] [167, 168, 223, 302, 303, 219, 304, 332, 333]
82 175 334 1.74 [3372, 3374, 3383] [222, 302, 303]
83 171 347 3.58 [8736, 8754, 8646, 8703, 8689, 8682] [215, 189, 190, 211, 370, 188]
84 177 346 1.34 [11228] [251]
85 143 373 3.76 [2331, 2324, 2314, 2302, 2325, 2315, 2299, 2294, 2332, 2300] [193, 197, 249, 328, 342, 345, 372, 373, 250, 374]
86 143 367 1.16 [4514, 4505] [311, 312]
87 156 321 2.45 [5783, 5775, 5910, 5893, 5864, 5816, 5811] [259, 258, 262, 256, 263, 274, 257]
88 134 315 2.9 [3941] [273]
89 178 343 1.26 [5699, 5789, 5804, 5702, 5713, 5792, 5834, 5778] [227, 170, 206, 228, 208, 166, 207, 230]
90 186 328 1.71 [6416] [198]
91 142 325 1.06 [2566, 2556, 2580, 2554, 2567] [225, 315, 311, 312, 226]
92 163 363 1.07 [2269] [312]
93 170 360 1.4 [2093, 2062, 2084, 2059, 2094, 2089, 2053] [225, 226, 311, 317, 314, 318, 312]
94 180 343 2.46 [2917, 2922, 2928, 2878, 2900, 2905, 2916, 2881] [238, 239, 242, 243, 244, 245, 240, 241]
95 164 342 1.17 [2298, 2256] [226, 311]
96 184 346 2.97 [6135, 6109, 6140, 6102, 6142] [231, 255, 260, 232, 261]
97 130 349 3.81 [4252, 4253, 4340, 4319, 4285, 4333, 4298] [200, 358, 359, 360, 361, 362, 363]
98 139 320 3.02 [2321, 2332, 2280, 2318, 2292, 2300] [216, 209, 214, 212, 237, 213]
99 183 338 3.01 [3446, 3478, 3500, 3490, 3461, 3514, 3480] [264, 265, 266, 267, 268, 272, 270]
100 157 314 2.85 [3507, 3511, 3495, 3540, 3498, 3534, 3547, 3494] [141, 289, 187, 271, 191, 269, 290, 291]
101 161 318 1.04 [2236, 2243, 2247, 2227, 2214, 2238, 2232, 2217] [225, 226, 310, 311, 314, 315, 316, 312]
102 134 327 1.03 [4460, 4456, 4500, 4443, 4441] [225, 226, 311, 318, 312]
103 138 374 3.68 [4923, 4982, 4913, 5011, 4966, 4958, 4956, 4990, 5007] [356, 201, 283, 284, 355, 282, 354, 199, 357]
104 176 341 1.28 [3378, 3392, 3388, 3377, 3359, 3333, 3399] [310, 313, 314, 315, 316, 224, 317]
105 174 321 1.45 [3463, 3452, 3493, 3506, 3505] [346, 229, 135, 137, 136]
106 127 311 1.28 [2524, 2512, 2559, 2504, 2539, 2518, 2544, 2533] [225, 226, 311, 316, 317, 319, 347, 312]
107 179 371 1.92 [3307, 3317, 3279, 3335, 3352, 3298, 3290, 3334] [125, 133, 336, 329, 337, 334, 331, 134]
108 146 340 1.31 [8026, 8046, 8020, 8053, 8079, 8063] [285, 286, 287, 330, 335, 338]
109 178 357 1.2 [8157, 8204, 8200, 8140, 8109, 8207, 8180, 8234] [139, 140, 173, 174, 172, 175, 178, 179]
110 187 358 2.31 [3373, 3341, 3360, 3323, 3382, 3311, 3309, 3342] [181, 182, 183, 210, 217, 218, 344, 221]
111 175 318 2.58 [18027, 17909, 18042, 18071, 17740, 18005, 17718, 17902, 17770, 17733] [180, 192, 288, 292, 307, 308, 364, 323, 309, 368]
112 126 367 1.35 [2246, 2270, 2249, 2239, 2286, 2267, 2251, 2263, 2288] [225, 226, 310, 224, 311, 312, 313, 318, 319]
113 167 312 2.55 [3280, 3237, 3249, 3285, 3221, 3215, 3272] [142, 143, 144, 341, 146, 145, 343]
114 148 358 3.26 [3951, 3922, 3982, 3975, 3943, 3978, 3965, 3974] [365, 374, 367, 369, 371, 372, 373, 366]
115 139 365 3.89 [3754, 3748] [184, 185]
116 185 332 3.56 [4051, 4023, 3989, 3996, 4006, 4082, 4067, 4026, 4001, 4029] [202, 205, 203, 169, 204, 195, 171, 320, 324, 252]
117 165 325 1.27 [2672, 2641] [225, 312]
118 167 349 1.57 [5507, 5564, 5561, 5491] [254, 321, 339, 322]
119 165 374 3.51 [5934, 5954, 5998, 5944, 6072, 6060, 5956] [253, 342, 298, 328, 193, 299, 197]
120 140 337 2.97 [6001, 5917, 5983, 5998] [220, 278, 127, 345]
121 171 331 1.58 [2606, 2586, 2633, 2648] [176, 208, 347, 177]
122 139 325 1.46 [2849, 2820, 2798] [224, 319, 313]
123 127 314 2.09 [2960, 2974, 2927] [125, 133, 134]
124 152 358 1.78 [2008, 2018, 2031, 2037, 2034, 2010, 2020, 2015, 2015, 2049] [347, 136, 137, 176, 177, 206, 207, 229, 346, 135]
125 128 314 1.72 [2570, 2577, 2548, 2575, 2536] [137, 332, 135, 223, 138]
126 157 365 1.19 [2926, 2936] [311, 226]
127 130 356 2.0 [2087, 2083] [333, 304]
128 129 314 3.9 [4014, 4029, 3989, 3991, 4042] [130, 131, 132, 280, 281]
129 135 329 1.82 [8630, 8679, 8672, 8590, 8693, 8683, 8612, 8722] [126, 277, 250, 128, 276, 279, 275, 249]
130 149 315 1.26 [3614, 3631, 3651, 3567, 3649, 3585, 3642, 3587, 3645] [225, 310, 312, 311, 314, 315, 316, 317, 318]
131 149 352 1.24 [2109, 2102, 2139, 2140, 2138, 2107, 2130, 2090] [226, 310, 314, 315, 316, 317, 318, 225]
132 147 342 1.69 [2412] [136]
133 147 373 1.58 [10297, 10263, 10360, 10352, 10292, 10288, 10216, 10403, 10267, 10390] [194, 239, 209, 212, 213, 214, 216, 237, 243, 196]
134 157 332 1.43 [5964, 5972] [302, 222]
135 159 342 1.57 [5926, 5960, 5972, 5884, 5964, 5831] [329, 331, 334, 336, 337, 303]
136 163 332 3.24 [6107, 6152] [233, 236]
137 134 348 1.99 [3360, 3392, 3341, 3387, 3337, 3346, 3363, 3364, 3410] [138, 321, 168, 219, 254, 304, 322, 333, 167]
138 183 351 2.88 [2570, 2565, 2541, 2549] [241, 244, 238, 245]
139 126 342 1.09 [9933, 10007, 9900, 9978, 9867, 9912, 9945] [310, 314, 315, 316, 226, 317, 318]
140 185 325 2.0 [3507, 3480, 3459, 3461, 3506, 3449, 3519, 3523] [125, 133, 134, 168, 223, 167, 332, 339]
141 184 333 1.0 [2736, 2742, 2718, 2694, 2739, 2734, 2701, 2741, 2691] [225, 311, 312, 313, 314, 315, 317, 319, 310]
142 182 324 1.37 [2325] [311]
143 173 371 3.01 [8655, 8549, 8489, 8531, 8454, 8500, 8644, 8563] [234, 235, 240, 248, 242, 273, 305, 306]
144 163 314 1.03 [2667] [225]
145 132 327 1.48 [2195, 2189, 2192, 2214] [224, 316, 319, 313]
146 132 371 1.57 [4022, 4092, 4075, 4094] [228, 170, 229, 166]
147 186 315 1.32 [4747, 4702, 4725, 4737, 4731] [208, 177, 227, 230, 346]
148 131 356 1.64 [3178] [176]
149 183 364 2.05 [11104, 10995, 11036, 11154, 11018] [264, 267, 268, 265, 266]
150 151 340 1.74 [6090, 6058, 6028, 6010, 6053, 6018, 6083, 6118, 6130, 6100] [210, 217, 183, 181, 218, 221, 326, 325, 327, 340]
151 126 353 1.61 [4618] [287]
152 175 351 2.38 [19236, 19103, 19182, 19291, 18985, 19040, 18970, 19080, 18962, 19056] [361, 269, 272, 358, 271, 359, 363, 270, 200, 360]
153 163 338 1.36 [4821, 4839, 4796] [136, 207, 206]
154 153 370 1.53 [2651] [224]
155 174 325 2.13 [2147, 2175, 2141, 2137, 2182, 2158] [135, 137, 139, 347, 286, 140]
156 161 330 1.79 [2620, 2589, 2586, 2578, 2563, 2579, 2602] [174, 175, 176, 172, 173, 178, 179]
157 137 313 1.77 [2579, 2552, 2582] [227, 230, 346]
158 144 374 3.42 [2169, 2173, 2217, 2199, 2176, 2197, 2190, 2205, 2186, 2192] [241, 143, 144, 145, 146, 182, 341, 343, 344, 142]
159 140 374 1.87 [3733] [285]
160 175 364 1.47 [3977, 3938, 3992, 4015, 3984, 3944, 4005, 3941] [136, 313, 206, 207, 208, 224, 319, 177]
161 134 373 3.22 [2511, 2493, 2522, 2485, 2501] [349, 351, 352, 353, 348]
162 168 325 1.97 [10208] [141]
163 135 327 3.1 [7277, 7226, 7149] [362, 191, 187]
164 162 350 1.07 [2060, 2067, 2053, 2058, 2088] [312, 314, 311, 315, 318]
165 168 320 1.17 [2731, 2682, 2741, 2727, 2707, 2712, 2696] [225, 314, 312, 315, 317, 318, 310]
166 134 320 1.94 [2035, 2019, 2023, 2053, 2041, 2027, 2031, 2050, 2045] [136, 208, 206, 173, 227, 207, 230, 346, 177]
167 158 325 1.98 [2105, 2118, 2131, 2115, 2114, 2107, 2112, 2134, 2111] [346, 173, 174, 175, 176, 178, 179, 227, 172]
168 138 330 3.88 [4992, 5027, 5004] [290, 291, 289]
169 145 316 3.69 [6411, 6325, 6385, 6424, 6435, 6335] [355, 201, 283, 356, 199, 354]
170 176 332 1.14 [2496, 2493, 2486, 2452, 2448] [226, 311, 316, 310, 317]
171 155 347 1.08 [2750, 2801, 2754, 2760, 2761, 2771, 2810] [311, 226, 312, 314, 315, 318, 225]
172 175 333 1.61 [6998, 6884] [330, 338]
173 151 325 3.34 [3088, 3110, 3121, 3098, 3125, 3081, 3116] [198, 238, 244, 245, 297, 143, 350]
174 151 318 1.38 [2480, 2481, 2460, 2476, 2468, 2445, 2461] [310, 312, 314, 316, 317, 315, 318]
175 141 320 3.43 [2997, 3053, 3051, 3031, 3021] [341, 142, 146, 144, 145]
176 143 332 2.42 [11408, 11315, 11347] [282, 259, 284]
177 125 320 1.28 [2080, 2071, 2038, 2042, 2051, 2030] [225, 226, 311, 316, 317, 310]
178 179 358 2.36 [2236, 2267, 2233, 2257, 2237, 2245, 2234, 2275] [135, 137, 139, 222, 286, 287, 302, 335]
179 125 358 2.92 [7171, 7272, 7254, 7296, 7225, 7150, 7275, 7287, 7231, 7138] [256, 257, 185, 258, 262, 263, 274, 357, 184, 369]
180 185 341 1.57 [2273, 2268, 2236, 2277, 2241] [314, 315, 310, 316, 318]
181 164 331 1.81 [2824, 2837, 2835, 2830, 2874, 2861, 2890, 2885, 2822] [178, 140, 170, 176, 228, 229, 347, 166, 174]
182 153 329 3.29 [3372, 3409, 3394, 3403, 3395, 3384, 3388] [129, 147, 149, 182, 148, 343, 344]
183 146 370 1.11 [2156, 2162, 2175] [226, 312, 225]
184 156 353 1.84 [2261, 2259, 2272, 2241, 2264, 2251, 2226, 2235, 2238] [177, 206, 136, 207, 208, 224, 230, 313, 319]
185 171 314 1.49 [14388] [151]
186 130 354 1.01 [2616, 2613, 2623, 2610, 2657, 2624, 2659, 2639] [314, 226, 311, 312, 316, 317, 318, 225]
187 180 318 1.3 [2949, 2971, 2982, 3018] [225, 311, 312, 317]
188 128 317 3.45 [2692] [152]
189 170 314 1.37 [3824, 3778, 3799, 3783, 3777, 3819, 3771] [172, 179, 224, 230, 313, 319, 177]
190 137 368 3.39 [10924, 11055, 10852, 10933, 11041, 10883, 10942, 10879, 10870] [255, 261, 374, 366, 373, 372, 367, 365, 371]
191 138 314 1.74 [3043, 3011] [175, 229]
192 144 371 1.67 [3629] [140]
193 167 340 1.28 [2797, 2822, 2774] [226, 317, 311]
194 182 345 1.59 [2476, 2454] [206, 207]
195 184 372 1.66 [2398, 2396, 2390, 2412, 2426] [136, 173, 206, 208, 319]
196 141 367 1.91 [18915] [260]
197 167 323 1.31 [7444, 7396, 7326, 7329] [166, 170, 347, 228]
198 137 325 1.68 [3316, 3370] [175, 229]
199 133 360 3.72 [2368, 2356, 2362, 2367, 2396] [150, 349, 154, 155, 153]
200 178 331 1.83 [3598, 3582, 3576] [302, 222, 335]
201 140 332 1.23 [2108, 2142, 2146, 2145, 2123, 2120, 2115] [310, 226, 311, 312, 315, 317, 225]
202 143 312 1.71 [7887, 7858, 7897, 7797, 7762, 7746, 7730, 7855] [219, 241, 348, 326, 340, 351, 352, 353]
203 153 358 1.71 [2505, 2512, 2524, 2498, 2525, 2521, 2511, 2523, 2510] [179, 177, 207, 208, 224, 230, 313, 346, 136]
204 134 347 2.1 [2606, 2619, 2649, 2609, 2645, 2637, 2625, 2596] [135, 139, 286, 140, 287, 302, 335, 176]
205 176 313 1.45 [5339] [178]
206 167 316 1.39 [4458, 4441, 4474, 4434, 4491, 4423, 4443, 4509, 4452, 4469] [136, 172, 173, 206, 207, 224, 227, 319, 346, 208]
207 171 363 2.26 [2886, 2855, 2843, 2831, 2890, 2853, 2820, 2830, 2839] [254, 304, 329, 138, 331, 333, 334, 336, 337]
208 132 359 3.67 [2321, 2345, 2336, 2359, 2317, 2366, 2314, 2353, 2357, 2315] [210, 217, 218, 221, 321, 322, 339, 327, 325, 134]
209 126 352 1.53 [2424, 2451, 2461, 2423, 2414, 2410, 2443, 2455] [230, 310, 313, 314, 315, 179, 316, 318]
210 142 353 2.71 [3817, 3728, 3814, 3744, 3741] [155, 125, 186, 154, 349]
211 142 322 1.72 [3495, 3550, 3492] [174, 229, 347]
212 141 374 2.97 [2276, 2306, 2322, 2277, 2296, 2291] [303, 181, 183, 223, 332, 133]
213 129 371 1.63 [2480, 2453, 2505, 2486, 2496, 2456, 2461, 2484] [172, 346, 177, 179, 227, 230, 313, 173]
214 149 336 1.02 [2413, 2412, 2381, 2396, 2379, 2382, 2404, 2361, 2370, 2365] [225, 226, 311, 312, 314, 315, 316, 310, 317, 318]
215 126 351 1.81 [4880, 4872, 4822, 4786, 4852, 4776, 4820, 4804] [167, 168, 251, 285, 329, 334, 336, 333]
216 180 343 2.05 [2617] [286]
217 125 329 1.99 [2024, 2018, 2000, 2025, 2045] [173, 177, 179, 227, 172]
218 140 313 1.12 [4174, 4265, 4199, 4197, 4227, 4204] [316, 226, 311, 312, 317, 225]
219 149 327 3.97 [3226, 3219, 3195, 3192, 3202, 3267] [238, 244, 245, 198, 297, 350]
220 158 370 1.79 [3558, 3551, 3516] [137, 222, 228]
221 173 336 3.99 [2111, 2132, 2096, 2103] [325, 153, 327, 150]
222 158 313 3.78 [3104, 3092, 3125, 3111, 3103, 3085, 3081, 3102] [142, 143, 144, 145, 146, 152, 343, 341]
223 185 332 1.58 [6503, 6425, 6447, 6444, 6495, 6457, 6422] [138, 254, 304, 331, 335, 337, 287]
224 130 357 1.4 [2409, 2413, 2406, 2365, 2368] [314, 315, 317, 225, 312]
225 145 312 1.01 [2563] [318]
226 186 369 3.71 [2894, 2846, 2859, 2899, 2895] [126, 275, 344, 128, 182]
227 145 329 3.25 [2245, 2226] [133, 223]
228 171 315 1.33 [3612, 3613, 3610, 3672, 3690] [208, 206, 207, 319, 136]
229 166 368 3.82 [3099] [129]
230 137 347 2.01 [3759, 3691, 3771, 3737, 3716, 3773, 3725] [135, 302, 251, 286, 331, 334, 139]
231 141 326 2.22 [2299, 2329, 2292, 2322, 2328, 2304, 2319, 2278, 2305, 2329] [137, 140, 166, 170, 174, 175, 176, 229, 222, 178]
232 155 374 1.89 [4842, 4832, 4804, 4782, 4834, 4770] [303, 330, 332, 168, 338, 167]
233 170 361 2.74 [4007, 4048, 4053, 3987, 3992] [150, 250, 277, 210, 153]
234 184 329 1.55 [2814, 2831] [230, 224]
235 141 318 3.28 [8185, 8159] [202, 169]
236 127 366 1.41 [3568, 3513, 3541, 3527, 3492, 3523, 3570, 3578, 3495, 3516] [172, 173, 177, 179, 230, 224, 227, 313, 346, 206]
237 135 340 1.33 [2369, 2374, 2368, 2354, 2324, 2347, 2322, 2352, 2325, 2353] [225, 226, 310, 311, 316, 314, 315, 317, 318, 312]
238 185 314 1.34 [6780, 6755, 6719, 6733, 6750, 6694, 6722, 6669, 6788] [136, 172, 173, 179, 227, 346, 347, 207, 166]
239 152 325 2.87 [2877, 2843, 2873] [181, 223, 183]
240 187 336 1.89 [2867, 2820, 2853, 2888] [140, 228, 176, 175]
241 153 366 3.72 [4474, 4487, 4528, 4454] [204, 203, 324, 232]
242 147 351 1.23 [2907] [319]
243 153 351 2.0 [3432, 3439, 3442, 3427, 3434, 3379, 3389, 3376, 3401, 3375] [137, 138, 222, 254, 285, 170, 304, 337, 333, 174]
244 146 330 1.79 [2355, 2332, 2340, 2305, 2304, 2329, 2326] [177, 206, 208, 230, 313, 319, 224]
245 154 345 1.28 [2139, 2121, 2172, 2125, 2122, 2136, 2144] [226, 318, 311, 312, 314, 315, 310]
246 130 362 3.09 [6557, 6630, 6541, 6639, 6538, 6571, 6601] [171, 195, 205, 231, 280, 320, 252]
247 172 369 1.09 [5340, 5335] [313, 208]
248 173 359 1.59 [2589, 2619, 2573, 2597, 2587, 2575, 2569, 2567, 2622] [177, 347, 208, 224, 230, 313, 316, 319, 206]
249 150 358 1.94 [2947, 2910] [229, 140]
250 137 364 1.01 [7247, 7166, 7202, 7169, 7175, 7253, 7322, 7199] [177, 319, 310, 314, 315, 317, 318, 225]
251 143 340 1.83 [8451, 8392, 8289, 8385, 8437, 8327, 8410, 8347, 8454] [218, 217, 339, 276, 249, 321, 279, 322, 221]
252 173 370 1.45 [7102, 7126, 7067, 6994, 7038, 7082, 7085] [137, 175, 336, 228, 222, 176, 178]
253 173 337 1.86 [3354] [140]
254 127 318 1.29 [3138, 3179, 3169, 3148, 3206, 3191, 3151] [208, 224, 226, 230, 311, 312, 206]
255 141 338 1.03 [2253, 2274] [313, 230]
256 133 320 1.04 [10984, 10845, 10926, 10769] [227, 229, 346, 347]
257 141 334 1.9 [4159, 4207] [251, 329]
258 132 343 1.32 [2745, 2737, 2777, 2740, 2748, 2788, 2751, 2793, 2750] [172, 313, 179, 206, 224, 230, 311, 312, 173]
259 125 359 2.17 [2187, 2179, 2155, 2151, 2145, 2160, 2162, 2148] [254, 140, 166, 172, 173, 179, 207, 136]
260 152 364 1.46 [3478, 3465, 3502, 3495, 3532, 3512] [177, 316, 208, 224, 319, 206]
261 129 362 1.18 [2847, 2849, 2805, 2810] [226, 310, 314, 315]
262 142 335 1.59 [2521] [230]
263 187 363 2.93 [2737, 2767, 2756, 2749, 2787, 2786] [133, 181, 223, 303, 332, 183]
264 127 316 1.26 [2110, 2098, 2122, 2079, 2090, 2114] [166, 225, 313, 208, 317, 318]
265 155 359 1.47 [2276, 2228, 2225, 2246, 2271, 2267, 2259, 2272] [140, 230, 177, 206, 224, 310, 313, 166]
266 149 367 2.5 [10781, 10915] [131, 130]
267 133 369 3.81 [12822, 13046, 12875, 12934, 12897, 12923, 13051, 13003] [132, 188, 189, 281, 159, 370, 211, 190]
268 184 341 1.29 [2349, 2377, 2365, 2334, 2366, 2358, 2361, 2368] [166, 208, 311, 318, 314, 315, 319, 312]
269 152 344 1.49 [2298, 2323, 2326, 2297, 2293, 2325, 2332] [286, 140, 302, 304, 316, 337, 139]
270 186 372 1.78 [3794, 3824, 3784, 3866] [138, 285, 331, 135]
271 173 318 1.01 [7740] [333]
272 165 371 1.18 [2537, 2571, 2548, 2562, 2549, 2546, 2574] [174, 177, 206, 224, 226, 334, 170]
273 150 366 1.75 [4032, 4040, 4020, 3994, 4050, 4073, 4019] [254, 287, 302, 139, 304, 335, 337]
274 155 317 2.22 [16286, 16367] [158, 253]
275 186 368 1.06 [2970] [136]
276 166 371 2.86 [3830, 3833, 3819, 3841, 3814, 3846] [134, 213, 214, 216, 209, 237]
277 172 374 3.1 [2434, 2394, 2428] [133, 330, 338]
278 142 325 3.21 [2171, 2188] [168, 329]
279 179 361 1.57 [7952, 7886, 7949, 7995, 8014, 8018, 8034] [167, 135, 251, 285, 286, 334, 336]
280 146 362 2.29 [2893, 2852, 2857, 2900] [335, 287, 331, 138]
281 176 366 1.64 [3079, 3131] [207, 172]
282 167 359 1.43 [6530, 6481, 6503, 6546, 6522, 6570, 6527, 6608, 6600] [137, 229, 166, 170, 174, 176, 178, 222, 140]
283 138 322 1.46 [6685] [228]
284 133 354 1.73 [2835, 2831, 2858, 2896] [346, 179, 347, 173]
285 151 317 1.62 [14758, 14861] [149, 147]
286 169 369 3.45 [3412, 3395] [148, 344]
287 128 369 1.25 [9249, 9173, 9272, 9127] [254, 139, 337, 175]
288 166 316 1.03 [11763, 11984, 11999, 11778, 12018] [333, 302, 304, 331, 138]
289 164 344 3.22 [4174, 4154] [143, 341]
290 176 315 1.45 [3866, 3920, 3840, 3842, 3851, 3912, 3925] [136, 208, 177, 227, 230, 313, 319]
291 125 368 1.33 [2540, 2521, 2541, 2525, 2564, 2536, 2535, 2505, 2507, 2543] [172, 206, 224, 225, 310, 314, 315, 207, 316, 317]
292 143 338 2.21 [2248, 2292, 2273, 2270] [179, 170, 287, 335]
293 135 327 1.26 [17630, 17370] [351, 168]
294 132 319 1.6 [3308, 3319, 3296, 3366, 3362, 3370, 3323] [172, 173, 230, 227, 346, 347, 207]
295 137 372 1.69 [3462, 3518, 3472, 3498] [176, 287, 335, 174]
296 140 347 1.2 [2067, 2051, 2058, 2070, 2054] [226, 310, 311, 312, 318]
297 174 359 1.85 [7663, 7678, 7694] [196, 212, 194]
298 156 313 2.69 [2491, 2454, 2492, 2472] [167, 183, 329, 353]
299 131 360 1.46 [2021] [313]
300 178 317 1.45 [4308, 4363, 4306, 4352, 4279, 4320, 4340, 4368, 4299] [136, 137, 140, 166, 228, 178, 222, 229, 173]
301 140 345 1.4 [3750, 3795, 3803, 3769, 3736, 3751, 3765, 3784, 3792] [179, 177, 206, 208, 224, 316, 319, 347, 170]
302 174 367 1.91 [2500, 2466, 2475, 2504, 2510, 2506, 2477] [172, 176, 207, 287, 335, 346, 174]
303 125 357 1.48 [5932, 5976] [139, 254]
304 159 313 1.12 [9787, 9691, 9859, 9727, 9719, 9647, 9835, 9695] [133, 181, 340, 330, 337, 348, 352, 241]
305 160 324 1.7 [2275, 2294, 2286, 2300] [137, 175, 227, 313]
306 168 368 2.2 [2072, 2065, 2045, 2068, 2077, 2043, 2069, 2078] [140, 166, 170, 173, 178, 222, 287, 335]
307 172 332 2.18 [10963, 10972, 11003, 10823, 10832] [163, 157, 161, 156, 165]
308 153 343 1.55 [4604] [174]
309 143 315 1.69 [2388, 2423] [228, 230]
310 149 318 2.69 [3938, 3884, 3950, 3914, 3858, 3922, 3861, 3945] [125, 154, 155, 186, 325, 243, 349, 239]
311 140 311 2.58 [2079, 2076, 2064, 2092, 2098, 2073, 2100, 2099] [137, 222, 176, 302, 304, 329, 331, 335]
312 160 325 1.81 [2138, 2136, 2159, 2147, 2123, 2168, 2151, 2135] [136, 206, 224, 229, 172, 319, 346, 347]
313 141 319 1.69 [5671, 5576] [326, 303]
314 171 354 1.15 [2426, 2429, 2437, 2417, 2439, 2404, 2407, 2436] [225, 311, 312, 314, 315, 310, 317, 318]
315 148 317 3.4 [6292, 6179, 6204, 6258, 6184, 6251, 6176, 6217, 6307, 6222] [342, 127, 345, 197, 220, 328, 278, 164, 162, 160]
316 140 371 2.16 [5039, 5049, 5088, 5047, 5101, 5055, 5009, 5059, 4993, 5095] [349, 219, 223, 326, 327, 332, 338, 353, 352, 183]
317 142 319 3.99 [2346, 2377, 2365, 2383, 2399, 2374, 2348, 2345, 2347] [150, 214, 134, 210, 250, 277, 239, 243, 153]
318 128 328 2.0 [2402, 2362, 2385, 2381, 2379, 2392, 2405, 2416, 2380] [138, 170, 175, 178, 179, 207, 251, 287, 333]
319 134 353 1.08 [5806] [334]
320 165 314 2.0 [4692, 4790] [167, 329]
321 144 312 1.48 [2067, 2062, 2063, 2074, 2094, 2085, 2065, 2089, 2092, 2086] [166, 177, 208, 227, 313, 314, 315, 316, 318, 140]
322 187 372 2.3 [3644, 3605, 3668, 3608, 3615, 3617, 3629] [329, 251, 285, 286, 303, 336, 135]
323 150 371 2.63 [2418, 2431, 2396, 2411, 2419, 2391, 2439] [139, 302, 304, 331, 333, 138, 335]
324 140 324 1.52 [6775, 6678, 6708, 6658, 6667, 6722] [137, 241, 222, 254, 287, 219]
325 158 341 3.98 [2260, 2295] [155, 154]
326 146 337 1.15 [2162, 2154, 2195, 2192, 2177, 2153, 2146] [136, 173, 226, 228, 229, 230, 317]
327 175 339 1.67 [7197, 7238, 7179, 7146] [181, 348, 353, 340]
328 169 356 1.5 [3241, 3237, 3235, 3252, 3205, 3248, 3280, 3216, 3217, 3233] [170, 172, 175, 176, 174, 178, 179, 207, 346, 347]
329 144 362 1.26 [2699, 2715, 2735, 2711, 2686, 2739, 2727, 2744, 2749] [140, 166, 206, 224, 208, 227, 228, 313, 319]
330 183 355 3.23 [2461, 2460, 2457, 2444, 2467, 2487, 2498] [133, 303, 325, 327, 332, 186, 223]
331 157 336 3.97 [2282, 2269, 2257, 2254, 2285, 2260] [125, 155, 186, 194, 154, 325]
332 173 341 2.5 [2029, 2055] [304, 333]
333 186 353 1.51 [5635, 5630, 5710, 5740, 5705, 5656, 5672, 5640] [167, 285, 286, 330, 334, 251, 336, 337]
334 176 353 1.54 [10109, 9932, 10134] [183, 196, 327]
335 181 364 2.56 [4288, 4320, 4309, 4302, 4264, 4353, 4350, 4272] [125, 150, 209, 212, 213, 153, 216, 277]
336 126 314 2.51 [3275, 3274, 3244, 3264, 3256, 3284] [135, 326, 329, 332, 303, 338]
337 132 373 1.47 [3606, 3609, 3648, 3636, 3614, 3597, 3633] [176, 173, 175, 177, 229, 331, 136]
338 132 364 1.09 [10319, 10387, 10456, 10434, 10327, 10439, 10477, 10374] [333, 219, 139, 223, 302, 335, 133, 138]
339 179 337 2.82 [4277] [275]
340 172 331 2.0 [11128] [297]
341 165 356 1.2 [7872, 7882, 7898, 8003, 7921, 7967] [241, 174, 178, 228, 304, 170]
342 169 314 1.01 [4359, 4335, 4395, 4328, 4389, 4400, 4425, 4398] [140, 166, 172, 207, 230, 310, 347, 179]
343 159 363 1.97 [3991, 3954] [352, 331]
344 142 332 1.82 [4974, 4925, 4982, 4915, 4921, 4937] [286, 336, 348, 237, 349, 351]
345 139 323 1.88 [2685, 2641, 2686, 2664, 2624] [227, 254, 287, 346, 229]
346 140 314 1.69 [4927, 4881, 4919, 4879] [222, 353, 334, 330]
347 131 314 3.08 [2894, 2826, 2828, 2874] [155, 332, 250, 186]
348 137 357 1.99 [2914, 2891, 2869, 2860, 2866, 2854, 2917, 2853, 2913, 2857] [137, 167, 168, 251, 176, 181, 285, 329, 340, 175]
349 176 356 2.35 [4972, 4891, 4935, 4964, 4874, 4988, 4889] [210, 239, 243, 321, 325, 134, 339]
350 186 359 1.29 [15872] [279]
351 179 326 2.74 [6626] [350]
352 146 353 1.79 [10556, 10487, 10573, 10638, 10482, 10534, 10552, 10630] [126, 142, 146, 148, 152, 182, 343, 128]
353 168 358 1.24 [3263, 3206, 3260, 3212, 3200, 3190, 3243] [225, 311, 312, 315, 314, 316, 318]
354 130 348 1.22 [2336, 2342, 2355, 2369] [319, 224, 226, 206]
355 162 365 1.9 [11579, 11574, 11451, 11546, 11532, 11409, 11631, 11394] [129, 144, 145, 198, 238, 244, 245, 141]
356 179 318 1.59 [2418, 2368, 2367, 2365, 2386, 2383, 2393] [338, 254, 177, 208, 313, 136, 173]
357 178 353 1.67 [2227, 2243, 2234, 2231, 2243, 2221, 2230, 2241, 2259] [154, 276, 287, 303, 322, 326, 337, 135, 194]
358 174 347 1.51 [2789, 2800, 2773, 2797, 2776, 2819] [214, 217, 250, 221, 249, 218]
359 178 353 1.49 [17547, 17446, 17382, 17554, 17275, 17454, 17225, 17539, 17232] [143, 209, 213, 216, 275, 276, 277, 341, 344]
360 156 322 3.53 [3556, 3582, 3509, 3559] [151, 237, 214, 249]
361 166 345 3.11 [6475, 6524, 6613] [203, 233, 236]
362 182 364 1.77 [2428] [140]
363 153 326 1.36 [3375, 3376, 3335, 3342, 3394, 3392, 3336, 3350, 3397] [155, 181, 322, 212, 326, 329, 338, 352, 186]
364 129 349 1.82 [4260, 4269, 4360] [150, 194, 125]
365 156 326 2.03 [5718, 5682] [153, 154]
366 164 355 3.93 [3295, 3341] [142, 250]
367 167 315 1.74 [2056, 2067] [346, 229]
368 131 346 1.02 [6349] [349]
369 143 367 1.45 [4108] [168]
370 143 349 1.33 [2944, 2957, 2919, 2938, 2942, 2936, 2913] [285, 167, 303, 317, 332, 340, 137]
371 126 354 1.57 [2184] [166]
372 148 334 1.67 [3174] [135]
373 128 313 1.42 [4540] [217]
374 129 326 1.67 [2210, 2217, 2227, 2205, 2223, 2245] [175, 206, 224, 227, 316, 319]
375 136 342 2.77 [4012, 3992] [218, 221]
376 161 336 1.31 [2883, 2833, 2875, 2884, 2822] [176, 351, 331, 251, 347]
377 142 312 3.75 [2154, 2165, 2123, 2117, 2151, 2131, 2161] [210, 327, 243, 325, 339, 353, 239]
378 143 326 2.35 [2396, 2408, 2390, 2368] [254, 287, 337, 348]
379 174 355 1.31 [2972, 2966, 2942, 3011, 2957, 2949, 3000, 3015, 2977] [321, 172, 173, 179, 207, 286, 330, 336, 136]
380 187 326 1.03 [2363] [208]
381 156 344 1.06 [10401, 10358, 10595, 10491] [134, 155, 186, 322]
382 154 367 1.51 [3766, 3712, 3718, 3726, 3691] [183, 352, 334, 338, 212]
383 177 328 1.07 [5745, 5691, 5710, 5731] [196, 243, 326, 332]
384 173 372 1.26 [9520, 9473, 9368, 9497, 9528, 9360, 9446, 9454] [125, 150, 353, 210, 239, 325, 339, 194]
385 138 319 1.44 [2207, 2194] [230, 313]
386 155 353 1.09 [2859, 2808] [222, 181]
387 177 361 3.28 [5412, 5421, 5444] [324, 232, 204]
388 181 322 3.72 [13218, 12992, 13013, 13191, 13127, 13235, 13105] [193, 291, 289, 290, 298, 299, 215]
389 174 350 1.5 [3378, 3349] [340, 303]
390 173 323 1.9 [5501, 5411, 5402, 5433, 5447, 5478] [217, 241, 327, 329, 321, 348]
391 163 352 3.64 [2365, 2360, 2362, 2376, 2352, 2353, 2384, 2374, 2395] [153, 154, 212, 218, 219, 221, 223, 349, 196]
392 187 365 3.88 [2592, 2590, 2637] [218, 221, 182]
393 168 339 1.77 [2757, 2712, 2734, 2751, 2742, 2771, 2738, 2762, 2724] [135, 251, 170, 178, 229, 285, 304, 351, 167]
394 138 353 1.92 [3016, 3029] [174, 140]
395 163 370 1.69 [2278] [177]
396 158 344 1.41 [2063, 2079, 2097, 2072] [166, 314, 315, 318]
397 153 347 2.61 [6743, 6718, 6777, 6805] [266, 264, 267, 268]
398 144 372 1.67 [2266, 2283, 2288, 2259, 2257, 2273, 2270, 2276, 2280, 2252] [287, 138, 168, 175, 254, 302, 331, 337, 346, 137]
399 175 325 2.27 [10394, 10229, 10356, 10271, 10241] [171, 204, 205, 265, 232]
400 160 364 1.89 [2942, 2966] [336, 330]
401 127 328 2.8 [2955, 2953, 2979, 2928, 2961, 2976] [303, 181, 183, 338, 340, 133]
402 151 366 1.98 [7759, 7891, 7804, 7813, 7810] [153, 128, 152, 126, 148]
403 178 312 1.43 [4455, 4514, 4492, 4505, 4459, 4499, 4437, 4475, 4521, 4488] [333, 154, 176, 228, 286, 334, 335, 351, 352, 139]
404 142 321 2.6 [2100, 2091, 2127, 2132, 2122, 2085] [135, 251, 222, 285, 304, 167]
405 133 361 2.82 [2288, 2287, 2303, 2321, 2319, 2305] [133, 168, 212, 243, 330, 349]
406 154 337 2.19 [3408, 3385, 3438, 3390, 3407] [327, 321, 326, 332, 217]
407 187 359 1.36 [2156, 2187] [225, 310]
408 172 331 1.85 [2247, 2281, 2286, 2265] [206, 227, 347, 179]
409 158 361 2.82 [7351] [263]
410 144 324 3.51 [5356, 5400, 5334] [280, 320, 369]
411 164 344 1.03 [2488, 2490, 2526, 2492, 2525, 2494, 2515, 2511, 2540, 2495] [172, 173, 207, 224, 230, 302, 136, 319, 331, 311]
412 179 329 1.14 [10109, 9944] [243, 212]
413 152 362 1.73 [3497] [138]
414 169 334 1.87 [3358, 3343, 3377, 3404, 3415, 3340] [287, 241, 254, 337, 137, 178]
415 150 313 2.0 [4288, 4249, 4235, 4276, 4302, 4253] [181, 340, 336, 338, 348, 183]
416 160 356 3.1 [18806, 18947, 18955, 19033, 18932, 18861, 19159, 18814] [248, 201, 354, 234, 199, 355, 235, 283]
417 131 345 1.35 [3778, 3780, 3856, 3840, 3797, 3843, 3808, 3862, 3851] [329, 166, 167, 170, 175, 285, 303, 349, 135]
418 163 364 1.79 [2191, 2202, 2227, 2198] [174, 208, 229, 313]
419 186 326 1.22 [2365, 2354] [312, 226]
420 161 341 3.43 [3740, 3706, 3720, 3704, 3738, 3717, 3698, 3741, 3760] [146, 149, 151, 182, 214, 237, 249, 343, 147]
421 165 350 1.67 [6497] [134]
422 174 369 3.9 [3912, 3907, 3915, 3885, 3831, 3872] [266, 267, 324, 297, 244, 350]
423 142 342 1.19 [3859, 3885] [196, 251]
424 137 327 1.2 [2144, 2122, 2147, 2136] [177, 140, 316, 346]
425 186 360 2.63 [3261, 3254, 3265, 3258, 3266, 3277, 3293, 3301, 3313, 3289] [218, 322, 210, 219, 221, 223, 279, 352, 133, 154]
426 127 321 2.42 [3316, 3324, 3375] [286, 330, 168]
427 170 321 1.19 [2709, 2711, 2679, 2699, 2668, 2720] [150, 222, 351, 304, 339, 227]
428 130 318 1.89 [3910, 3904] [239, 155]
429 165 330 1.56 [2901, 2874, 2924, 2911, 2862, 2906, 2896, 2871, 2886, 2908] [125, 139, 186, 194, 217, 302, 321, 325, 331, 335]
430 164 338 3.77 [2680, 2689, 2706, 2719] [279, 221, 126, 218]
431 170 330 2.85 [3315, 3383, 3335, 3347, 3373, 3372, 3390] [150, 339, 219, 223, 327, 349, 154]
432 170 364 1.51 [2643, 2639, 2644, 2675, 2617] [179, 326, 332, 334, 241]
433 175 373 1.11 [2430, 2399, 2443, 2437, 2432, 2438, 2426] [315, 317, 174, 318, 333, 347, 353]
434 155 342 1.41 [4556, 4589] [196, 183]
435 143 359 1.19 [8656, 8476, 8490] [210, 217, 322]
436 141 365 1.06 [4957, 4986, 4945, 4955, 4949, 4998, 4990, 5029] [181, 303, 194, 338, 186, 321, 348, 125]
437 169 339 1.49 [4071, 4005, 3992, 4018, 4051, 4020, 4076, 4070, 4038] [135, 336, 254, 168, 325, 337, 340, 351, 138]
438 153 342 1.32 [2548, 2516, 2551, 2561, 2526, 2528] [172, 287, 176, 207, 228, 173]
439 160 331 2.68 [2167, 2154, 2143, 2151, 2145, 2160, 2159] [251, 167, 285, 304, 329, 352, 133]
440 140 314 1.54 [3556, 3539, 3564, 3521, 3551, 3519] [137, 155, 239, 353, 332, 326]
441 153 340 3.22 [2066, 2070, 2095] [241, 286, 330]
442 157 362 1.17 [6495, 6458, 6434] [128, 146, 327]
443 133 337 1.7 [2169, 2156, 2145, 2149, 2155, 2152, 2183, 2145, 2163, 2166] [136, 319, 178, 206, 208, 224, 229, 230, 313, 140]
444 182 327 1.55 [2764, 2756, 2779] [222, 175, 170]
445 151 329 3.02 [5535, 5463, 5476, 5413, 5427, 5429, 5474, 5510, 5492] [350, 144, 198, 129, 238, 245, 264, 268, 145]
446 172 311 1.89 [3273, 3277, 3331, 3319, 3337, 3281] [302, 331, 334, 343, 134, 221]
447 179 347 1.98 [2308, 2317, 2303, 2280, 2302, 2279, 2314, 2321] [150, 154, 166, 223, 333, 335, 346, 139]
448 135 366 1.78 [3083, 3137, 3134] [152, 349, 218]
449 164 367 1.78 [10974, 11229, 11038, 11111, 11083, 11001] [148, 151, 182, 214, 237, 249]
450 129 369 2.09 [8789, 8771, 8811, 8642, 8757, 8703, 8671, 8761, 8804, 8700] [141, 142, 146, 341, 149, 152, 250, 343, 344, 147]
451 172 340 1.99 [2046, 2053, 2085, 2083] [339, 177, 133, 219]
452 140 357 2.6 [4604, 4628, 4649, 4663, 4651, 4568, 4571] [126, 153, 218, 221, 275, 239, 279]
453 159 348 1.07 [2924] [314]
454 165 319 3.25 [3059, 3067] [339, 150]
455 159 343 1.09 [2155, 2181, 2142, 2152, 2170, 2169] [167, 285, 329, 316, 352, 310]
456 183 329 1.58 [3194, 3243] [330, 241]
457 166 370 1.73 [12172, 12012, 12047, 11977, 12252, 12127, 12157, 12037] [143, 195, 231, 128, 252, 256, 262, 324]
458 140 336 2.93 [2342] [251]
459 127 325 1.62 [3176, 3223, 3219, 3179] [183, 304, 325, 174]
460 182 323 1.29 [3653, 3650, 3703, 3628, 3670, 3697, 3664] [154, 155, 196, 287, 326, 332, 286]
461 141 362 1.18 [3660, 3637, 3598, 3667, 3586, 3609] [134, 125, 212, 243, 340, 321]
462 181 364 3.58 [2525, 2559] [194, 186]
463 150 340 1.27 [2566, 2553, 2583] [347, 227, 179]
464 182 327 2.9 [3460, 3479, 3482, 3488, 3466, 3463, 3454, 3483, 3502, 3462] [126, 150, 153, 186, 194, 219, 223, 277, 325, 349]
465 132 345 1.46 [4036, 4076, 4108] [338, 351, 353]
466 162 325 2.96 [3978, 3999, 4014, 3994, 4039] [275, 216, 276, 209, 213]
467 125 335 3.97 [2437, 2394, 2408] [210, 134, 279]
468 134 345 1.66 [2519, 2518, 2489, 2513, 2506, 2470, 2516, 2473, 2498] [135, 136, 348, 176, 352, 228, 229, 140, 178]
469 171 312 1.86 [2833, 2806, 2844, 2831, 2850, 2823] [133, 335, 181, 303, 336, 168]
470 128 346 2.9 [6535] [184]
471 175 346 1.48 [2261, 2280, 2308, 2279] [207, 172, 173, 138]
472 136 334 2.01 [3965, 3899, 3948, 3954, 3880, 3949] [251, 139, 285, 329, 334, 167]
473 176 329 1.52 [2776, 2745, 2775, 2727, 2746, 2766, 2739] [137, 175, 222, 254, 333, 337, 170]
474 151 328 1.97 [3429, 3401, 3466] [183, 241, 339]
475 177 337 3.93 [16263, 15919, 15872, 16236, 16177, 16130, 16005] [187, 306, 240, 356, 273, 362, 191]
476 151 363 1.07 [4988, 5031] [322, 155]
477 166 311 1.5 [13726, 13793] [357, 185]
478 136 339 1.44 [11664, 11588, 11451, 11427, 11522, 11475, 11541, 11384, 11593, 11470] [156, 297, 217, 244, 257, 258, 266, 267, 274, 165]
479 141 320 1.07 [7113] [196]
480 137 330 1.59 [2763, 2777, 2758, 2750] [330, 302, 331, 206]
481 166 351 3.06 [3158, 3175, 3144, 3174, 3177, 3171, 3115, 3148, 3136] [125, 154, 212, 218, 221, 243, 349, 327, 321]
482 130 373 1.7 [2600, 2613, 2581, 2593, 2612, 2599, 2610, 2572, 2565] [332, 224, 208, 230, 346, 348, 352, 313, 166]
483 167 366 3.79 [3975] [163]
484 161 326 2.7 [2012, 2034, 2025, 2046, 2036] [286, 135, 304, 326, 133]
485 135 338 1.75 [6664, 6658, 6653] [142, 153, 126]
486 154 338 1.8 [2778, 2750, 2771, 2808, 2773, 2810, 2814, 2800] [168, 138, 176, 181, 303, 336, 340, 353]
487 185 370 2.61 [4638, 4673] [279, 277]
488 160 329 1.82 [2388, 2410, 2379] [177, 178, 174]
489 127 361 1.83 [6769, 6722, 6758, 6767] [245, 238, 250, 239]
490 186 312 1.22 [2212, 2258, 2227, 2211, 2248, 2240, 2246, 2254, 2210, 2233] [318, 225, 226, 228, 311, 312, 319, 338, 351, 179]
491 139 367 2.48 [5569, 5645, 5564, 5643, 5638, 5668, 5641, 5594, 5560] [237, 157, 147, 161, 209, 213, 249, 276, 151]
492 142 338 1.78 [8325, 8412, 8467, 8391, 8456, 8370, 8294, 8360] [134, 144, 198, 203, 233, 264, 268, 236]
493 136 352 1.98 [5168, 5152, 5051, 5095] [210, 223, 150, 325]
494 136 349 1.06 [9154, 9302, 9257, 9211, 9310, 9196, 9260, 9294, 9112] [275, 141, 145, 149, 182, 214, 216, 350, 129]
495 136 342 3.77 [3811, 3807, 3823, 3875, 3797] [263, 280, 320, 369, 163]
496 148 338 3.17 [2554, 2578, 2597, 2559, 2541, 2584, 2547, 2588, 2560] [154, 186, 194, 219, 326, 339, 348, 321, 352]
497 135 354 2.52 [2517, 2548, 2550, 2514, 2541, 2542] [133, 241, 329, 287, 333, 335]
498 181 338 1.06 [2918, 2965, 2923, 2914, 2969] [140, 229, 243, 337, 254]
499 178 318 1.33 [7923, 7825, 7861, 7962, 7841, 7968, 7994] [125, 278, 212, 218, 221, 343, 148]
