182 330 13.15 24.61 10 [57, 10, 1, 26, 56, 4, 6, 8, 20, 30]
185 368 16.2 21.34 6 [21, 27, 5, 40, 33, 51]
178 373 16.03 25.22 1 [12]
131 321 12.12 23.2 5 [10, 39, 7, 57, 1]
142 340 59.4 93.48 1 [0]
176 349 13.47 37.71 8 [58, 9, 40, 17, 35, 53, 27, 10]
135 362 60.99 121.75 10 [27, 22, 14, 7, 38, 3, 33, 12, 59, 11]
136 321 11.17 11.24 6 [43, 46, 25, 29, 33, 48]
173 317 51.68 57.76 8 [35, 21, 0, 4, 36, 47, 6, 5]
146 343 25.49 76.23 1 [12]
139 312 11.67 22.09 3 [26, 17, 6]
149 323 12.51 23.25 2 [19, 8]
160 360 72.11 104.45 1 [11]
137 350 16.03 30.61 5 [13, 23, 39, 19, 9]
168 323 10.04 18.87 6 [47, 18, 25, 53, 29, 51]
131 319 21.89 43.0 1 [44]
171 319 20.54 64.6 3 [17, 18, 38]
179 323 10.02 12.14 4 [39, 25, 44, 38]
130 357 41.25 47.42 3 [56, 39, 24]
182 361 15.77 28.39 8 [5, 37, 55, 31, 20, 14, 49, 12]
143 368 14.52 23.58 6 [8, 5, 47, 52, 23, 1]
173 326 18.03 23.36 1 [8]
168 357 14.79 15.07 7 [33, 28, 15, 25, 24, 44, 34]
178 348 18.98 54.33 2 [41, 31]
142 356 33.9 100.93 4 [31, 8, 22, 54]
182 352 24.6 40.33 9 [58, 48, 7, 47, 17, 41, 2, 33, 12]
148 361 12.45 42.79 3 [57, 8, 17]
181 314 21.39 40.26 3 [21, 17, 15]
174 351 10.84 19.27 3 [19, 4, 31]
127 316 17.98 56.43 9 [47, 42, 6, 41, 8, 52, 45, 19, 32]
160 364 11.86 36.25 9 [30, 53, 9, 11, 12, 55, 18, 7, 54]
153 362 17.74 51.62 2 [51, 13]
171 337 32.61 49.13 7 [54, 30, 6, 23, 33, 15, 47]
176 334 21.12 72.7 3 [0, 21, 51]
149 329 13.57 20.49 3 [38, 52, 32]
158 315 11.19 40.6 10 [58, 5, 34, 12, 38, 53, 43, 28, 52, 26]
184 316 31.5 57.7 2 [31, 45]
163 349 11.7 45.67 2 [6, 35]
169 368 16.72 25.77 3 [32, 3, 28]
130 314 13.58 44.86 5 [59, 19, 34, 25, 40]
183 319 27.87 29.03 10 [47, 49, 54, 11, 10, 14, 40, 4, 46, 28]
151 316 10.01 13.9 9 [51, 29, 5, 18, 48, 54, 58, 44, 42]
174 348 14.36 22.5 10 [40, 7, 47, 2, 54, 22, 11, 42, 12, 53]
139 348 10.0 19.81 7 [32, 40, 38, 24, 42, 17, 39]
146 327 14.17 14.33 2 [32, 33]
155 333 49.16 76.1 6 [8, 9, 56, 48, 18, 50]
131 332 20.8 71.63 4 [55, 5, 7, 9]
126 330 19.11 74.81 6 [47, 53, 1, 16, 45, 57]
153 311 14.17 44.06 8 [50, 19, 3, 1, 2, 5, 56, 32]
179 350 16.44 47.22 5 [5, 52, 41, 56, 27]
180 320 10.23 33.59 5 [47, 0, 49, 59, 43]
158 319 27.88 50.69 2 [31, 27]
131 353 19.34 32.61 10 [53, 42, 40, 2, 39, 14, 28, 15, 22, 23]
160 319 30.83 52.9 4 [53, 52, 16, 37]
153 370 18.77 33.98 8 [5, 11, 57, 10, 37, 33, 39, 13]
160 342 12.26 13.76 6 [37, 53, 47, 46, 38, 29]
183 351 16.89 32.41 10 [7, 23, 47, 12, 54, 18, 49, 9, 38, 37]
170 333 10.57 13.26 9 [2, 49, 32, 0, 40, 48, 6, 12, 53]
155 369 13.36 19.18 4 [18, 51, 49, 21]
144 342 14.77 44.49 4 [13, 56, 46, 31]
154 352 11.59 45.34 1 [48]
134 371 12.5 18.54 5 [0, 6, 32, 29, 2]
139 326 26.92 30.54 2 [59, 14]
149 314 20.62 25.92 9 [17, 20, 13, 45, 14, 26, 3, 16, 41]
159 312 19.65 39.65 6 [47, 23, 5, 57, 39, 25]
155 333 13.29 26.21 3 [2, 8, 47]
139 326 22.65 27.43 6 [15, 2, 31, 14, 8, 45]
178 361 11.11 37.95 9 [13, 53, 3, 20, 25, 4, 27, 28, 58]
151 326 46.16 72.36 9 [55, 38, 45, 15, 20, 6, 34, 1, 12]
125 316 14.54 27.15 7 [21, 3, 14, 9, 16, 19, 30]
167 347 11.03 13.56 10 [29, 38, 32, 14, 18, 0, 42, 41, 13, 24]
178 326 12.36 27.28 8 [52, 39, 32, 26, 13, 8, 5, 33]
185 328 15.78 24.68 4 [5, 24, 20, 4]
181 321 23.7 32.89 1 [2]
187 342 11.36 19.15 5 [30, 27, 35, 36, 16]
135 370 39.05 74.22 1 [12]
132 356 17.74 35.16 1 [20]
146 360 78.11 152.49 8 [11, 4, 40, 33, 49, 28, 35, 8]
137 351 23.76 68.06 3 [22, 2, 56]
168 329 13.87 55.29 10 [16, 55, 4, 52, 41, 35, 15, 24, 31, 3]
187 312 10.21 28.48 9 [34, 23, 59, 42, 14, 25, 5, 45, 50]
157 371 14.12 23.63 9 [58, 28, 42, 6, 25, 5, 38, 44, 56]
175 334 16.61 28.83 3 [36, 37, 44]
171 347 43.03 153.62 6 [36, 41, 11, 27, 23, 21]
177 346 54.9 73.14 1 [54]
143 373 11.4 42.84 10 [53, 46, 35, 23, 47, 36, 19, 14, 54, 21]
143 367 22.4 25.89 2 [18, 13]
156 321 28.85 70.61 7 [5, 2, 58, 51, 39, 19, 17]
134 315 19.38 56.15 1 [40]
178 343 28.47 35.66 8 [2, 40, 46, 3, 8, 41, 59, 35]
186 328 31.76 54.24 1 [24]
142 325 12.73 13.45 5 [18, 9, 32, 7, 19]
163 363 11.22 11.95 1 [26]
170 360 10.26 14.32 7 [47, 11, 37, 8, 48, 43, 1]
180 343 14.29 35.12 8 [49, 53, 58, 16, 35, 39, 48, 19]
164 342 11.21 13.01 2 [59, 14]
184 346 30.48 90.48 5 [15, 5, 17, 2, 18]
130 349 21.22 80.66 7 [4, 5, 54, 42, 23, 50, 30]
139 320 11.38 34.36 6 [47, 59, 4, 44, 16, 25]
183 338 17.23 51.83 7 [0, 22, 37, 30, 10, 47, 23]
157 314 17.33 49.33 8 [28, 31, 20, 51, 22, 47, 56, 19]
161 318 11.03 11.44 8 [32, 40, 44, 22, 8, 34, 28, 11]
134 327 22.13 22.61 5 [18, 16, 40, 9, 8]
138 374 24.51 90.11 9 [10, 39, 5, 53, 31, 27, 26, 43, 51]
176 341 16.64 21.19 7 [36, 46, 43, 35, 22, 3, 51]
174 321 17.17 24.81 5 [20, 12, 41, 50, 49]
127 311 12.51 15.99 8 [21, 9, 54, 1, 35, 15, 40, 29]
179 371 16.36 31.27 8 [25, 33, 5, 46, 58, 19, 13, 45]
146 340 39.83 51.9 6 [18, 24, 16, 26, 34, 29]
178 357 40.36 48.43 8 [25, 39, 38, 20, 11, 40, 32, 48]
187 358 16.53 38.17 8 [48, 25, 39, 12, 55, 3, 2, 26]
175 318 88.33 227.16 10 [49, 33, 51, 55, 10, 46, 7, 32, 14, 9]
126 367 11.18 15.06 9 [10, 36, 13, 3, 53, 33, 16, 28, 55]
167 312 16.03 40.82 7 [55, 23, 32, 59, 11, 6, 49]
148 358 19.46 63.3 8 [36, 18, 55, 51, 31, 53, 45, 50]
139 365 18.73 72.84 2 [5, 1]
185 332 19.92 70.91 10 [40, 23, 3, 7, 13, 59, 50, 25, 10, 27]
165 325 13.12 16.6 2 [43, 15]
167 349 27.17 42.43 4 [32, 57, 56, 25]
165 374 29.63 103.96 7 [3, 11, 29, 7, 59, 54, 12]
140 337 29.46 87.23 4 [44, 10, 37, 43]
171 331 12.93 20.39 4 [18, 0, 43, 57]
139 325 13.94 20.22 3 [52, 27, 8]
127 314 14.61 30.45 3 [31, 42, 4]
152 358 10.02 17.77 10 [4, 16, 32, 39, 35, 6, 18, 12, 13, 53]
128 314 12.6 21.65 5 [47, 54, 26, 52, 15]
157 365 14.37 16.97 2 [43, 51]
130 356 10.33 20.59 2 [24, 19]
129 314 19.87 77.43 5 [24, 33, 9, 10, 41]
135 329 42.63 77.41 8 [29, 43, 41, 18, 47, 44, 24, 55]
149 315 17.82 22.4 9 [33, 45, 58, 2, 57, 14, 52, 15, 54]
149 352 10.45 12.89 8 [21, 13, 56, 57, 54, 19, 45, 0]
147 342 11.92 20.1 1 [28]
147 373 50.95 80.39 10 [25, 17, 40, 38, 24, 23, 6, 50, 18, 47]
157 332 29.14 41.5 2 [56, 59]
159 342 29.14 45.47 6 [40, 54, 59, 23, 56, 1]
163 332 30.08 97.42 2 [36, 54]
134 348 16.66 33.04 9 [20, 43, 6, 39, 3, 10, 22, 23, 56]
183 351 12.64 36.37 4 [39, 35, 12, 19]
126 342 49.17 53.57 7 [24, 42, 16, 35, 8, 19, 27]
185 325 17.19 34.26 8 [48, 29, 14, 16, 47, 7, 56, 59]
184 333 13.4 13.4 9 [50, 55, 34, 12, 52, 48, 18, 54, 9]
182 324 11.44 15.62 1 [38]
173 371 42.25 127.04 8 [58, 28, 11, 23, 1, 14, 55, 32]
163 314 13.23 13.57 1 [19]
132 327 10.82 15.98 4 [34, 27, 30, 55]
132 371 20.0 31.34 4 [13, 55, 45, 56]
186 315 23.39 30.71 5 [35, 12, 24, 30, 27]
131 356 15.67 25.66 1 [33]
183 364 54.63 111.9 5 [39, 15, 24, 50, 20]
151 340 30.01 52.03 10 [35, 22, 10, 3, 20, 6, 32, 46, 51, 39]
126 353 22.55 36.21 1 [57]
175 351 94.14 223.54 10 [52, 35, 45, 59, 20, 27, 18, 32, 17, 29]
163 338 23.68 32.16 3 [43, 52, 30]
153 370 13.03 19.85 1 [41]
174 325 10.65 22.61 6 [19, 50, 12, 7, 58, 31]
161 330 12.79 22.79 7 [58, 29, 26, 18, 4, 19, 41]
137 313 12.73 22.48 3 [31, 5, 33]
144 374 10.82 36.9 10 [5, 9, 58, 38, 13, 36, 28, 45, 24, 30]
140 374 18.44 34.45 1 [29]
175 364 19.63 28.81 8 [31, 7, 40, 54, 35, 11, 48, 9]
134 373 12.39 39.83 5 [31, 14, 42, 6, 22]
168 325 50.18 98.8 1 [41]
135 327 35.61 110.36 3 [52, 35, 9]
162 350 10.26 10.91 5 [9, 17, 1, 6, 42]
168 320 13.4 15.62 7 [45, 1, 54, 42, 24, 28, 14]
134 320 10.06 19.5 9 [27, 8, 13, 48, 34, 17, 22, 45, 39]
158 325 10.49 20.7 9 [8, 22, 37, 19, 18, 10, 16, 41, 14]
138 330 24.68 95.68 3 [27, 44, 33]
145 316 31.4 115.78 6 [50, 17, 40, 55, 59, 21]
176 332 12.18 13.88 5 [59, 56, 49, 15, 11]
155 347 13.75 14.84 7 [0, 44, 3, 8, 9, 18, 52]
175 333 34.33 55.18 2 [46, 6]
151 325 15.36 51.2 7 [12, 29, 38, 20, 41, 7, 34]
151 318 12.21 16.83 7 [37, 38, 17, 33, 25, 2, 18]
141 320 14.94 51.2 5 [7, 52, 50, 34, 26]
143 332 56.01 135.17 3 [44, 24, 31]
125 320 10.15 12.99 6 [59, 48, 9, 14, 24, 0]
179 358 11.1 26.09 8 [17, 50, 14, 40, 18, 27, 15, 59]
125 358 35.69 103.97 10 [11, 45, 39, 53, 29, 4, 46, 50, 31, 0]
185 341 11.18 17.53 5 [39, 34, 0, 44, 5]
164 331 14.11 25.44 9 [1, 12, 11, 6, 44, 33, 57, 53, 0]
153 329 16.86 55.32 7 [0, 26, 15, 22, 16, 8, 11]
146 370 10.69 11.78 3 [20, 26, 41]
156 353 11.11 20.42 9 [42, 39, 54, 20, 45, 31, 4, 14, 17]
171 314 71.43 106.36 1 [17]
130 354 13.01 13.1 8 [12, 10, 19, 7, 50, 20, 52, 34]
180 318 14.73 19.06 4 [2, 20, 29, 58]
128 317 13.23 45.57 1 [41]
170 314 18.78 25.7 7 [43, 14, 27, 17, 13, 40, 9]
137 368 54.21 183.35 9 [18, 47, 2, 20, 44, 9, 22, 8, 6]
138 314 14.89 25.79 2 [52, 26]
144 371 17.76 29.57 1 [52]
167 340 13.85 17.6 3 [23, 45, 3]
182 345 12.08 19.13 2 [59, 37]
184 372 11.88 19.63 5 [22, 20, 14, 36, 50]
141 367 92.87 177.24 1 [44]
167 323 36.46 47.7 4 [50, 34, 11, 12]
137 325 16.51 27.68 2 [10, 49]
133 360 11.72 43.52 5 [24, 12, 18, 23, 53]
178 331 17.81 32.49 3 [24, 13, 9]
140 332 10.54 12.86 7 [0, 38, 43, 41, 17, 13, 7]
143 312 38.63 65.75 8 [50, 41, 53, 22, 11, 6, 1, 40]
153 358 12.42 21.17 9 [20, 27, 38, 13, 39, 35, 26, 37, 25]
134 347 12.93 27.1 8 [18, 30, 58, 21, 54, 47, 36, 9]
176 313 26.65 38.52 1 [4]
167 316 22.02 30.58 10 [29, 20, 38, 16, 47, 10, 21, 57, 26, 35]
171 363 14.1 31.82 9 [56, 29, 19, 9, 59, 28, 0, 8, 16]
132 359 11.57 42.42 10 [7, 32, 22, 46, 3, 53, 0, 40, 44, 1]
126 352 12.01 18.27 8 [21, 48, 58, 20, 11, 7, 40, 52]
142 353 18.64 50.47 5 [57, 0, 55, 10, 8]
142 322 17.45 29.86 3 [3, 41, 1]
141 374 11.37 33.72 6 [2, 33, 50, 3, 23, 17]
129 371 12.25 19.86 8 [29, 2, 53, 35, 45, 5, 10, 33]
149 336 11.79 11.96 10 [55, 54, 23, 38, 21, 24, 46, 3, 12, 7]
126 351 23.84 42.92 8 [56, 52, 27, 9, 42, 4, 26, 18]
180 343 13.03 26.63 1 [10]
125 329 10.0 19.9 5 [28, 21, 0, 30, 53]
140 313 20.87 23.31 6 [0, 52, 14, 13, 30, 17]
149 327 15.94 63.2 6 [28, 23, 5, 3, 10, 59]
158 370 17.49 31.23 3 [41, 36, 12]
173 336 10.48 41.8 4 [17, 41, 0, 7]
158 313 15.29 57.75 8 [36, 26, 52, 41, 35, 21, 18, 34]
185 332 32.11 50.7 7 [30, 1, 9, 8, 27, 13, 0]
130 357 11.81 16.49 5 [47, 51, 44, 3, 6]
145 312 12.65 12.69 1 [31]
186 369 14.19 52.54 5 [47, 6, 17, 51, 48]
145 329 10.96 35.59 2 [57, 37]
171 315 18.04 23.94 5 [2, 3, 1, 42, 54]
166 368 15.36 58.56 1 [21]
137 347 18.43 36.89 7 [47, 3, 55, 33, 19, 56, 25]
141 326 11.37 25.21 10 [26, 58, 18, 50, 56, 31, 47, 4, 32, 57]
155 374 23.84 44.93 6 [37, 32, 18, 7, 33, 1]
170 361 19.81 54.22 5 [27, 52, 55, 15, 18]
184 329 13.85 21.45 2 [38, 52]
141 318 40.27 132.05 2 [39, 31]
127 366 17.46 24.53 10 [52, 14, 33, 24, 0, 21, 53, 59, 2, 16]
135 340 11.61 15.38 10 [48, 53, 47, 33, 2, 25, 0, 30, 3, 32]
185 314 33.26 44.36 9 [46, 37, 24, 29, 35, 15, 25, 6, 49]
152 325 14.16 40.54 3 [38, 9, 34]
187 336 14.09 26.56 4 [41, 1, 29, 59]
153 366 22.24 82.56 4 [14, 21, 43, 3]
147 351 14.32 17.56 1 [36]
153 351 16.85 33.61 10 [44, 49, 51, 40, 45, 6, 13, 4, 22, 3]
146 330 11.51 20.59 7 [55, 31, 39, 3, 2, 28, 24]
154 345 10.6 13.48 7 [21, 1, 58, 5, 2, 18, 27]
130 362 32.46 100.0 7 [24, 51, 18, 54, 17, 29, 40]
172 369 26.27 28.48 2 [39, 37]
173 359 12.81 20.28 9 [25, 53, 10, 32, 23, 12, 6, 4, 56]
150 358 14.51 28.09 2 [37, 6]
137 364 35.83 36.11 8 [27, 0, 12, 1, 3, 29, 52, 11]
143 340 41.39 75.72 9 [50, 33, 3, 31, 46, 14, 38, 20, 51]
173 370 34.97 50.53 7 [37, 45, 25, 0, 15, 30, 31]
173 337 16.47 30.62 1 [43]
127 318 15.66 20.05 7 [4, 36, 28, 12, 56, 45, 14]
141 338 11.26 11.51 2 [1, 23]
133 320 53.82 55.97 4 [49, 18, 36, 1]
141 334 20.62 39.06 2 [20, 48]
132 343 13.66 17.98 9 [11, 4, 39, 7, 14, 49, 16, 53, 15]
125 359 10.69 23.14 8 [55, 45, 18, 14, 7, 24, 26, 11]
152 364 17.27 25.19 6 [16, 7, 33, 28, 54, 40]
129 362 13.93 16.41 4 [52, 54, 16, 20]
142 335 12.35 19.55 1 [49]
187 363 13.6 39.8 6 [15, 41, 31, 25, 59, 58]
127 316 10.36 13.02 6 [43, 29, 57, 7, 20, 48]
155 359 11.11 16.24 8 [58, 6, 3, 25, 52, 48, 39, 53]
149 367 53.68 134.17 2 [10, 40]
133 369 63.79 242.86 8 [12, 54, 22, 33, 26, 31, 55, 46]
184 341 11.61 14.91 8 [27, 56, 44, 12, 45, 37, 40, 47]
152 344 11.38 16.86 7 [23, 49, 52, 22, 17, 51, 59]
186 372 18.88 33.54 4 [11, 30, 5, 57]
173 318 38.38 38.46 1 [20]
165 371 12.62 14.84 7 [12, 44, 22, 36, 23, 20, 47]
150 366 19.9 34.7 7 [31, 36, 24, 8, 42, 56, 23]
155 317 80.79 178.88 2 [19, 31]
186 368 14.75 15.58 1 [16]
166 371 19.03 54.4 6 [15, 17, 8, 22, 5, 25]
172 374 11.93 36.9 3 [48, 8, 42]
142 325 10.7 34.28 2 [34, 53]
179 361 39.38 61.67 7 [23, 3, 22, 36, 42, 43, 48]
146 362 14.23 32.48 4 [39, 5, 9, 45]
176 366 15.34 25.01 2 [8, 49]
167 359 32.35 46.11 9 [22, 4, 12, 28, 19, 37, 21, 51, 48]
138 322 32.74 47.64 1 [50]
133 354 14.13 24.34 4 [7, 4, 27, 59]
151 317 72.58 116.86 2 [40, 57]
169 369 16.81 57.87 2 [35, 23]
128 369 45.54 56.72 4 [37, 17, 43, 5]
166 316 58.79 60.37 5 [1, 46, 49, 4, 53]
164 344 20.77 66.69 2 [11, 0]
176 315 19.15 27.63 7 [22, 56, 6, 7, 13, 51, 59]
125 368 12.51 16.58 10 [36, 18, 37, 22, 59, 32, 31, 2, 4, 39]
143 338 11.19 24.68 4 [10, 57, 37, 34]
135 327 86.74 108.94 2 [39, 3]
132 319 16.45 26.3 7 [13, 21, 4, 55, 52, 58, 24]
137 372 17.2 29.01 4 [15, 54, 22, 40]
140 347 10.13 12.09 5 [48, 29, 37, 52, 32]
174 359 37.56 69.17 3 [48, 53, 58]
156 313 12.25 32.91 4 [40, 3, 41, 21]
131 360 10.08 14.66 1 [5]
178 317 21.34 30.86 9 [22, 53, 21, 47, 6, 29, 40, 56, 17]
140 345 18.6 26.0 9 [19, 48, 53, 31, 10, 20, 29, 41, 46]
174 367 12.32 23.41 7 [35, 1, 10, 38, 44, 40, 12]
125 357 29.35 43.17 2 [25, 43]
159 313 48.13 53.82 8 [40, 16, 58, 25, 23, 5, 52, 17]
160 324 11.33 19.25 4 [9, 29, 21, 35]
168 368 10.14 22.26 8 [51, 43, 20, 47, 57, 17, 48, 58]
172 332 53.89 117.1 5 [41, 43, 50, 10, 12]
153 343 22.95 35.46 1 [7]
143 315 11.92 20.11 2 [4, 39]
149 318 19.28 51.85 8 [51, 17, 58, 36, 1, 41, 3, 55]
140 311 10.26 26.42 8 [31, 27, 14, 46, 53, 24, 55, 54]
160 325 10.61 19.16 8 [18, 15, 41, 28, 1, 51, 32, 14]
141 319 27.81 46.85 2 [47, 6]
171 354 11.96 13.72 8 [34, 37, 45, 25, 47, 12, 15, 44]
148 317 30.84 104.66 10 [48, 4, 14, 35, 6, 32, 3, 19, 54, 21]
140 371 24.91 53.73 10 [27, 32, 51, 31, 57, 35, 13, 37, 5, 54]
142 319 11.71 46.62 9 [4, 35, 23, 41, 58, 32, 6, 3, 5]
128 328 11.79 23.53 9 [44, 4, 27, 23, 21, 34, 47, 59, 22]
134 353 28.47 30.71 1 [47]
165 314 23.39 46.56 2 [7, 57]
144 312 10.28 15.21 10 [12, 7, 8, 20, 44, 33, 10, 38, 41, 34]
187 372 17.94 41.24 7 [37, 11, 53, 13, 18, 19, 27]
150 371 11.95 31.42 7 [28, 41, 6, 21, 29, 1, 49]
140 324 33.22 50.26 6 [47, 12, 23, 5, 8, 28]
158 341 11.21 44.57 2 [19, 56]
146 337 10.71 12.3 7 [22, 13, 59, 56, 39, 12, 4]
175 339 35.61 59.2 4 [25, 39, 19, 8]
169 356 16.01 23.89 10 [29, 26, 24, 37, 2, 34, 58, 10, 11, 23]
144 362 13.42 16.9 9 [13, 27, 45, 24, 1, 49, 38, 53, 58]
183 355 12.2 39.37 7 [20, 19, 16, 3, 26, 46, 57]
157 336 11.21 44.4 6 [42, 28, 16, 12, 46, 19]
173 341 10.11 25.2 2 [8, 39]
186 353 28.02 42.17 8 [13, 11, 45, 58, 43, 22, 29, 15]
176 353 49.45 75.84 3 [53, 10, 59]
181 364 21.32 54.57 8 [13, 31, 25, 21, 0, 50, 48, 4]
126 314 16.17 40.58 6 [30, 29, 7, 22, 16, 37]
132 373 17.91 26.26 7 [16, 18, 44, 36, 21, 10, 34]
132 364 51.42 55.86 8 [8, 24, 40, 35, 10, 36, 45, 21]
179 337 21.23 59.8 1 [17]
172 331 55.29 110.24 1 [15]
165 356 39.13 46.7 6 [14, 17, 22, 54, 29, 43]
169 314 21.61 21.81 8 [20, 7, 40, 3, 37, 43, 57, 42]
159 363 19.72 38.66 2 [28, 6]
142 332 24.48 44.53 6 [38, 14, 42, 9, 12, 20]
139 323 13.11 24.52 5 [57, 17, 58, 38, 1]
140 314 24.04 40.43 4 [59, 36, 55, 35]
131 314 14.13 43.52 4 [57, 0, 1, 40]
137 357 14.24 28.3 10 [55, 36, 17, 10, 15, 5, 58, 4, 54, 7]
176 356 24.37 57.24 7 [48, 8, 30, 44, 0, 56, 7]
186 359 78.67 101.08 1 [21]
179 326 32.8 89.63 1 [24]
146 353 52.04 92.83 8 [34, 18, 38, 53, 17, 29, 33, 51]
168 358 15.94 19.62 7 [56, 13, 54, 18, 9, 1, 41]
130 348 11.61 14.06 4 [14, 20, 34, 48]
162 365 56.78 107.69 8 [47, 46, 20, 40, 37, 11, 58, 8]
179 318 11.81 18.75 7 [56, 6, 5, 3, 24, 21, 31]
178 353 11.09 18.42 9 [9, 27, 17, 13, 26, 3, 12, 24, 44]
174 347 13.77 20.74 6 [30, 40, 16, 37, 19, 56]
178 353 85.87 127.45 9 [52, 38, 29, 53, 14, 39, 7, 51, 8]
156 322 17.5 61.76 4 [38, 56, 6, 40]
166 345 32.28 100.25 3 [7, 25, 58]
182 364 12.0 21.16 1 [28]
153 326 16.61 22.5 9 [38, 39, 9, 14, 52, 50, 10, 20, 54]
129 349 21.3 38.74 3 [0, 5, 56]
156 326 28.21 57.07 2 [32, 17]
164 355 16.33 64.02 2 [21, 55]
167 315 10.1 17.51 2 [42, 55]
131 346 31.52 31.9 1 [17]
143 367 20.26 29.34 1 [33]
143 349 14.5 19.2 7 [36, 47, 15, 31, 34, 29, 10]
126 354 10.67 16.74 1 [56]
148 334 15.65 26.05 1 [33]
128 313 22.39 31.69 1 [33]
129 326 11.0 18.36 6 [10, 18, 29, 5, 25, 49]
136 342 19.8 54.78 2 [31, 19]
161 336 14.07 18.4 5 [58, 16, 52, 59, 6]
142 312 10.58 39.57 7 [43, 55, 7, 1, 39, 16, 51]
143 326 11.83 27.79 4 [30, 42, 24, 2]
174 355 14.71 19.24 9 [24, 19, 0, 56, 12, 5, 47, 59, 28]
187 326 11.77 12.01 1 [9]
156 344 51.7 54.44 4 [14, 4, 59, 35]
154 367 18.42 27.75 5 [53, 18, 22, 27, 4]
177 328 28.08 29.94 4 [55, 32, 40, 49]
173 372 46.78 58.63 8 [42, 30, 3, 36, 44, 1, 23, 25]
138 319 10.97 15.73 2 [14, 0]
155 353 13.98 15.16 2 [54, 10]
177 361 26.88 87.91 3 [16, 20, 30]
181 322 64.82 241.12 7 [47, 5, 9, 42, 30, 50, 26]
174 350 16.61 24.77 2 [40, 19]
173 323 26.95 51.15 6 [49, 9, 5, 19, 25, 39]
163 352 11.7 42.51 9 [25, 20, 22, 36, 12, 13, 45, 34, 56]
187 365 12.95 50.15 3 [1, 0, 43]
168 339 13.55 23.96 9 [41, 1, 21, 36, 28, 54, 24, 46, 12]
138 353 14.88 28.45 2 [32, 42]
163 370 11.37 19.15 1 [4]
158 344 10.3 14.5 4 [3, 21, 42, 13]
153 347 33.56 87.43 4 [11, 2, 23, 33]
144 372 11.22 18.64 10 [23, 41, 46, 16, 13, 30, 27, 34, 38, 8]
175 325 50.76 114.99 5 [57, 18, 48, 28, 21]
160 364 14.52 27.39 2 [31, 51]
127 328 14.64 40.97 6 [22, 20, 41, 0, 27, 39]
151 366 38.63 76.23 5 [10, 51, 24, 27, 26]
178 312 22.08 31.39 10 [21, 53, 41, 48, 23, 45, 11, 32, 57, 39]
142 321 10.42 27.02 6 [18, 7, 49, 55, 43, 1]
133 361 11.42 32.19 6 [4, 3, 19, 38, 36, 22]
154 337 16.85 36.77 5 [27, 10, 48, 14, 26]
187 359 10.76 14.63 2 [4, 39]
172 331 11.17 20.59 4 [13, 50, 55, 33]
158 361 36.6 103.0 1 [10]
144 324 26.59 93.18 3 [17, 37, 7]
164 344 12.42 12.69 10 [3, 5, 40, 7, 39, 9, 29, 26, 54, 10]
179 329 49.43 55.86 2 [54, 14]
152 362 17.38 29.96 1 [14]
169 334 16.69 31.09 6 [14, 3, 28, 47, 55, 1]
150 313 21.12 42.21 6 [36, 14, 6, 29, 44, 16]
160 356 93.99 290.78 8 [1, 19, 20, 30, 17, 8, 46, 2]
131 345 18.89 25.47 9 [0, 1, 49, 39, 12, 41, 19, 53, 46]
163 364 10.89 19.4 4 [14, 26, 53, 21]
186 326 11.58 14.08 2 [50, 39]
161 341 18.42 63.0 9 [36, 14, 23, 13, 35, 21, 9, 37, 49]
165 350 32.35 53.74 1 [10]
174 369 19.12 74.49 6 [55, 52, 57, 38, 4, 30]
142 342 19.11 22.68 2 [23, 39]
137 327 10.57 12.65 4 [34, 9, 37, 24]
186 360 16.2 42.49 10 [15, 10, 18, 13, 19, 27, 39, 45, 54, 36]
127 321 16.57 39.99 3 [1, 7, 44]
170 321 13.31 15.79 6 [42, 44, 15, 33, 5, 52]
130 318 19.29 36.29 2 [32, 28]
165 330 14.28 22.14 10 [37, 15, 57, 46, 5, 42, 33, 12, 25, 43]
164 338 13.34 50.19 4 [10, 18, 34, 45]
170 330 16.54 47.03 7 [5, 54, 19, 28, 47, 46, 59]
170 364 13.06 19.71 5 [28, 24, 29, 57, 4]
175 373 11.97 13.17 7 [36, 5, 49, 43, 38, 44, 32]
155 342 22.77 31.91 2 [1, 18]
143 359 42.29 50.07 3 [56, 5, 9]
141 365 24.57 25.85 8 [21, 35, 15, 20, 17, 41, 37, 56]
169 339 19.89 29.45 9 [56, 16, 8, 24, 44, 25, 59, 55, 36]
153 342 12.55 16.45 6 [36, 5, 39, 48, 15, 17]
160 331 10.68 28.53 7 [34, 20, 7, 16, 9, 26, 25]
140 314 17.51 26.89 6 [37, 25, 42, 13, 33, 11]
153 340 10.24 32.9 3 [21, 25, 55]
157 362 31.94 37.31 3 [40, 26, 17]
133 337 10.68 18.08 10 [37, 22, 9, 14, 21, 17, 52, 10, 30, 33]
182 327 13.72 21.14 3 [17, 10, 30]
151 329 27.03 81.37 9 [57, 25, 31, 3, 9, 10, 30, 46, 38]
172 311 16.28 30.7 6 [12, 15, 55, 46, 59, 18]
179 347 11.37 22.46 8 [35, 45, 30, 6, 29, 5, 42, 49]
135 366 15.33 27.14 3 [13, 55, 53]
164 367 54.82 97.16 6 [2, 58, 16, 32, 26, 8]
129 369 43.03 89.81 10 [51, 46, 57, 10, 42, 27, 18, 43, 55, 26]
172 340 10.17 20.17 4 [14, 22, 59, 57]
140 357 22.76 58.95 7 [27, 40, 51, 58, 52, 8, 10]
159 348 14.28 15.24 1 [57]
165 319 15.16 49.19 2 [21, 27]
159 343 10.67 11.59 6 [23, 52, 8, 20, 40, 39]
183 329 15.89 24.97 2 [12, 49]
166 370 59.81 102.88 8 [42, 10, 17, 3, 58, 33, 39, 15]
140 336 11.5 33.69 1 [43]
127 325 15.86 25.64 4 [3, 38, 35, 5]
182 323 18.09 23.3 7 [23, 21, 56, 6, 34, 52, 30]
141 362 17.93 21.06 6 [49, 34, 8, 54, 0, 15]
181 364 12.52 44.81 2 [20, 52]
150 340 12.7 16.02 3 [24, 12, 40]
182 327 17.27 50.08 10 [4, 17, 19, 23, 8, 6, 0, 20, 33, 5]
132 345 20.15 29.29 3 [3, 27, 46]
162 325 19.78 58.52 5 [13, 26, 35, 23, 50]
125 335 11.94 47.34 3 [49, 6, 20]
134 345 12.3 20.34 9 [57, 56, 28, 51, 44, 9, 54, 12, 37]
171 312 13.96 25.91 6 [35, 12, 44, 33, 49, 26]
128 346 32.55 94.28 1 [9]
175 346 11.26 16.59 4 [9, 29, 59, 28]
136 334 19.38 38.83 6 [55, 14, 44, 48, 2, 45]
176 329 13.58 20.63 7 [53, 25, 52, 9, 26, 44, 20]
151 328 16.91 33.24 3 [33, 13, 59]
177 337 79.36 311.13 7 [59, 7, 0, 55, 46, 39, 20]
151 363 24.74 26.24 2 [19, 40]
166 311 67.39 100.78 2 [44, 56]
136 339 56.92 81.75 10 [59, 43, 14, 9, 29, 19, 33, 0, 44, 18]
141 320 35.52 37.66 1 [3]
137 330 13.74 21.73 4 [13, 25, 8, 1]
166 351 15.51 47.43 9 [43, 56, 32, 55, 58, 53, 10, 35, 26]
130 373 12.77 21.69 9 [43, 55, 25, 36, 54, 42, 52, 16, 10]
167 366 19.58 74.04 1 [36]
161 326 10.03 27.06 5 [6, 33, 22, 47, 35]
135 338 32.65 57.0 3 [49, 47, 45]
154 338 13.74 24.69 8 [26, 1, 20, 52, 21, 54, 57, 45]
185 370 23.13 60.34 2 [6, 24]
160 329 11.87 21.6 3 [14, 36, 5]
127 361 33.29 60.9 4 [40, 23, 36, 39]
186 312 11.02 13.35 10 [8, 58, 24, 7, 47, 39, 45, 54, 6, 31]
139 367 27.67 68.45 9 [15, 48, 13, 47, 45, 58, 46, 26, 11]
142 338 41.4 73.41 8 [13, 38, 54, 32, 51, 26, 4, 23]
136 352 25.22 49.89 4 [59, 51, 3, 24]
136 349 45.54 47.82 9 [12, 51, 39, 27, 53, 23, 40, 49, 1]
136 342 18.96 71.41 5 [12, 9, 19, 52, 3]
148 338 12.68 40.15 9 [17, 39, 57, 21, 4, 45, 10, 49, 22]
135 354 12.52 31.5 6 [12, 42, 44, 9, 35, 36]
181 338 14.52 15.28 5 [11, 50, 15, 8, 53]
178 318 39.09 51.96 7 [32, 2, 13, 44, 7, 46, 54]