0 81 47 1.58 [3369, 3401, 3371, 3352] [81, 82, 45, 47]
1 86 96 1.53 [2348, 2359, 2390, 2367, 2346, 2370] [86, 84, 85, 98, 97, 96]
2 53 83 1.43 [3017, 2994, 3034, 3004, 3033] [53, 51, 52, 81, 83]
3 68 53 1.86 [3525, 3541, 3519, 3487] [68, 66, 51, 53]
4 82 45 1.2 [2591, 2579, 2607, 2615, 2570] [82, 83, 81, 46, 45]
5 65 87 1.44 [4195, 4188] [65, 87]
6 65 77 1.23 [2349, 2336, 2391, 2365, 2353, 2385, 2371] [65, 63, 64, 67, 76, 75, 77]
7 87 49 1.86 [4040, 4060, 4039] [87, 88, 49]
8 83 54 1.78 [2257, 2240] [83, 54]
9 96 57 1.42 [3413, 3376, 3365, 3407] [96, 97, 58, 57]
