0 81 47 3.32 [3317, 3573, 3340, 3184] [81, 81, 81, 81]
1 86 96 3.09 [2141, 2227, 2477, 2290, 2126, 2313] [86, 86, 86, 86, 86, 86]
2 53 83 2.69 [2971, 2792, 3110, 2871, 3100] [53, 53, 53, 53, 53]
3 68 53 4.45 [3461, 3589, 3415, 3159] [68, 68, 68, 68]
4 82 45 1.78 [2589, 2495, 2716, 2784, 2427] [82, 82, 82, 82, 82]
5 65 87 2.75 [4276, 4221] [65, 65]
6 65 77 1.9 [2218, 2117, 2552, 2342, 2249, 2506, 2397] [65, 65, 65, 65, 65, 65, 65]
7 87 49 4.43 [3920, 4080, 3907] [87, 87, 87]
8 83 54 4.11 [2216, 2082] [83, 83]
9 96 57 2.66 [3498, 3207, 3118, 3453] [96, 96, 96, 96]
