0 81 47 1.58 [3369, 3401, 3371, 3352] [46, 45, 47, 48]
1 86 96 1.53 [2348, 2359, 2390, 2367, 2346, 2370] [51, 50, 49, 52, 53, 54]
2 53 83 1.43 [3017, 2994, 3034, 3004, 3033] [57, 56, 55, 58, 59]
3 68 53 1.86 [3525, 3541, 3519, 3487] [61, 60, 62, 63]
4 82 45 1.2 [2591, 2579, 2607, 2615, 2570] [67, 65, 66, 64, 68]
5 65 87 1.44 [4195, 4188] [69, 70]
6 65 77 1.23 [2349, 2336, 2391, 2365, 2353, 2385, 2371] [73, 72, 71, 74, 75, 76, 77]
7 87 49 1.86 [4040, 4060, 4039] [79, 78, 80]
8 83 54 1.78 [2257, 2240] [81, 82]
9 96 57 1.42 [3413, 3376, 3365, 3407] [83, 84, 85, 86]
