0 18
1 30
2 24
3 22
4 28
5 12
6 28
7 16
8 10
9 20
10 28
11 24
12 24
13 30
14 20
15 42
16 36
17 42
18 38
19 40
20 42
21 44
22 30
23 28
24 32
25 28
26 26
27 30
28 16
29 22
30 52
31 48
32 34
33 24
34 24
35 38
36 38
37 52
38 24
39 24
40 18
41 34
42 46
43 48
44 10
45 38
46 28
47 52
48 12
49 8
50 40
51 30
52 18
53 12
54 22
55 12
56 20
57 46
58 20
59 18
60 56
61 40
62 34
63 42
64 30
65 46
66 42
67 28
68 10
69 48
70 18
71 36
72 20
73 44
74 60
75 30
76 12
77 10
78 8
79 44
80 22
81 50
82 38
83 28
84 16
85 24
86 28
87 24
88 28
89 14
90 10
91 18
92 24
93 46
94 18
95 40
96 20
97 44
98 38
99 8
