0 10
1 14
2 12
3 10
4 12
5 6
6 18
7 8
8 6
9 10
10 12
11 18
12 8
13 12
14 8
15 22
16 22
17 20
18 26
19 24
20 14
21 24
22 10
23 18
24 12
25 14
26 14
27 12
28 8
29 10
30 26
31 34
32 14
33 14
34 8
35 26
36 18
37 26
38 8
39 8
40 6
41 12
42 22
43 20
44 6
45 18
46 12
47 22
48 0
49 6
50 20
51 12
52 6
53 6
54 8
55 6
56 8
57 20
58 8
59 8
60 26
61 22
62 12
63 20
64 10
65 18
66 18
67 10
68 6
69 26
70 4
71 12
72 10
73 18
74 22
75 8
76 4
77 6
78 6
79 18
80 10
81 24
82 12
83 12
84 6
85 10
86 16
87 6
88 10
89 10
90 6
91 8
92 8
93 26
94 6
95 16
96 10
97 18
98 18
99 6
