0
0
0
0
0
0
0
0
0
0
0
0
0
0
0
0
0
0
0
0
0
0
0
0
0
0
0
0
0
0
0
0
0
0
0.0004706874346668515
0.0004706874346668515
0.0004706874346668515
0.0004706874346668515
0.0004706874346668515
0.0004706874346668515
0.0004706874346668515
0.0004706874346668515
0.001326138780540072
0.001326138780540072
0.0016900691284959769
0.0016900691284959769
0.0029419362877508063
0.004240676932166905
0.004240676932166905
0.004359904338573391
0.004359904338573391
0.0045365367022445705
0.005152480807783275
0.005420219744251946
0.00798637990776396
0.00798637990776396
0.025048103011676662
0.025048103011676662
0.025048103011676662
0.02574477992027468
0.026858835798523335
0.029260995163880175
0.029260995163880175
0.029773299744673052
0.029773299744673052
0.035861924900258205
0.03632975239656333
0.03632975239656333
0.0414331011645991
0.043728429785714056
0.043728429785714056
0.04455152263764544
0.04704360940399545
0.04860076595924466
0.04984416306178323
0.050136084049751777
0.05188402574897872
0.05188402574897872
0.05188402574897872
0.05248627413163371
0.05248627413163371
0.0540057021924648
0.057398197677143666
0.05783853268110097
0.05918460822557235
0.05918460822557235
0.0622147891403933
0.06324273439732525
0.07358456075267547
0.07501763735770578
0.07743727608021944
0.07867080210656796
0.07929902629073285
0.08063526959048861
0.08090632815833704
0.08090632815833704
0.08300822557103024
0.08461274646600082
0.08522766414377293
0.08802249917365244
