0.007633566459782391
0.011415198817504387
0.013238936658695619
0.013238936658695619
0.013238936658695619
0.015066135431282728
0.0159325029999037
0.0159325029999037
0.0159325029999037
0.017812907502875855
0.017812907502875855
0.017812907502875855
0.017812907502875855
0.017812907502875855
0.017812907502875855
0.017812907502875855
0.017812907502875855
0.017812907502875855
0.018172283363148484
0.018172283363148484
0.018172283363148484
0.018172283363148484
0.018172283363148484
0.021512932429557735
0.021512932429557735
0.021915934262507358
0.021915934262507358
0.021915934262507358
0.021915934262507358
0.021915934262507358
0.021915934262507358
0.021915934262507358
0.021915934262507358
0.0240165986930623
0.025404044289057466
0.025404044289057466
0.025404044289057466
0.025404044289057466
0.025404044289057466
0.02705079659130985
0.03406970103687666
0.03406970103687666
0.03599884547099708
0.03599884547099708
0.0369227754264141
0.03960619183069313
0.04334008328733275
0.04334008328733275
0.04337372576173305
0.04337372576173305
0.04337372576173305
0.04456923795753662
0.04456923795753662
0.04456923795753662
0.04654361571585849
0.0493041069376918
0.061517879996783126
0.061517879996783126
0.061517879996783126
0.061517879996783126
0.06257976689805994
0.06257976689805994
0.06303302429948775
0.06385363733998911
0.06426609344184078
0.06426609344184078
0.06673129501894083
0.06696848940951693
0.06696848940951693
0.06696848940951693
0.06696848940951693
0.06910599097783268
0.06910599097783268
0.06910599097783268
0.07207592564324562
0.07207592564324562
0.07207592564324562
0.07228290188113824
0.07304670954222496
0.07304670954222496
0.07304670954222496
0.07304670954222496
0.07304670954222496
0.07304670954222496
0.07485482157800717
0.07599483664798246
0.07918351554237087
0.07918351554237087
0.0898996612174284
0.09007487382704993
0.09007487382704993
0.09007487382704993
0.0911416614360535
0.0911416614360535
0.0911416614360535
0.09208139678894195
0.09439681945012737
0.09439681945012737
0.09439681945012737
0.097251424287725
