0
0
0
0
0
0
0
0
0
0
0
0.0013099186239728185
0.0013099186239728185
0.0013099186239728185
0.0013099186239728185
0.0019147469385965962
0.0019147469385965962
0.0022339210770241915
0.0025246542532340152
0.0025246542532340152
0.0025246542532340152
0.0025246542532340152
0.0025246542532340152
0.0025246542532340152
0.0025246542532340152
0.0025246542532340152
0.002792033444380022
0.002792033444380022
0.002792033444380022
0.004676375965204573
0.004676375965204573
0.004676375965204573
0.004676375965204573
0.0053062651853276405
0.005938171640004043
0.005938171640004043
0.0064047517348794925
0.0064047517348794925
0.006883711853154129
0.006883711853154129
0.008927559798182013
0.008927559798182013
0.008927559798182013
0.008927559798182013
0.008927559798182013
0.009558078323479104
0.009558078323479104
0.009558078323479104
0.009558078323479104
0.009558078323479104
0.011451151422724322
0.01223712984182703
0.012892054571466796
0.012892054571466796
0.012892054571466796
0.012892054571466796
0.013196054880385024
0.013688985906770854
0.013688985906770854
0.01521726299429036
0.01521726299429036
0.01521726299429036
0.01618533538821352
0.016739011821286936
0.017166326066228817
0.017166326066228817
0.01958557945070026
0.01958557945070026
0.021931008987455307
0.023076213011863442
0.024562274115340527
0.02555608982011022
0.026048612997937672
0.026332514698494763
0.027786093030969548
0.027786093030969548
0.027786093030969548
0.028253535112092113
0.034528886894144926
0.034528886894144926
0.0349377597896623
0.03527058775019212
0.03625328846038378
0.03625328846038378
0.03725213924195992
0.03869721090878281
0.0391004306296244
0.03966977072493577
0.03966977072493577
0.040459151652500705
0.04109729761326559
0.04201995840020736
0.04278375739263304
0.04391709514413415
0.04391709514413415
0.04391709514413415
0.044828118070055906
0.044828118070055906
0.044941493749941885
0.04662049003695695
