0 81 47 3.32 [3317, 3573, 3340, 3184] [46, 45, 47, 48]
1 86 96 3.09 [2141, 2227, 2477, 2290, 2126, 2313] [45, 46, 47, 48, 49, 50]
2 53 83 2.69 [2971, 2792, 3110, 2871, 3100] [46, 45, 47, 48, 49]
3 68 53 4.45 [3461, 3589, 3415, 3159] [45, 48, 47, 46]
4 82 45 1.78 [2589, 2495, 2716, 2784, 2427] [45, 46, 47, 49, 48]
5 65 87 2.75 [4276, 4221] [45, 46]
6 65 77 1.9 [2218, 2117, 2552, 2342, 2249, 2506, 2397] [46, 45, 47, 48, 49, 50, 51]
7 87 49 4.43 [3920, 4080, 3907] [45, 47, 46]
8 83 54 4.11 [2216, 2082] [46, 45]
9 96 57 2.66 [3498, 3207, 3118, 3453] [46, 45, 47, 48]
10 78 56 2.07 [11518, 12834, 12793, 13245, 11559] [45, 47, 46, 48, 49]
11 94 56 2.39 [3433, 3264, 3675, 3808, 3288, 3518, 3506] [45, 46, 47, 48, 49, 50, 51]
12 60 50 2.62 [2584, 2883, 2856] [45, 47, 46]
13 76 88 3.95 [15470, 15316, 15725, 15368, 13989] []
14 55 76 4.6 [5473, 5620, 5676] [45, 46, 47]
15 67 79 3.81 [3104, 2875, 3083, 3364, 2833, 2812, 3426, 3166, 2854] [45, 46, 47, 48, 49, 50, 51, 52, 53]
16 48 67 1.44 [2354, 2340, 2194, 2026, 2179, 2165, 2325, 2201] [45, 47, 46, 48, 49, 50, 51, 52]
17 73 66 4.6 [6430, 6300, 6733, 6559, 7057, 6040, 6862, 6170] [45, 46, 47, 48, 49, 50, 51, 52]
18 65 84 1.79 [2104, 2221, 2131, 2062, 1863, 2207, 1904, 1980, 2042, 1959] [45, 46, 47, 48, 49, 50, 51, 52, 53, 54]
19 90 63 1.19 [15649, 13539, 15796, 14128, 13735, 15305, 14716, 13686, 14373] []
20 83 70 1.77 [18524, 18128, 20238, 18590, 19579, 18656] []
21 51 88 2.86 [15358, 14435, 14483, 15164, 15407, 14824, 13754, 13949, 14969] []
22 68 52 3.51 [4857, 5054, 4841, 5315] [45, 47, 46, 48]
23 69 96 1.29 [5590, 4789, 5608, 4754, 5085, 4981, 5103] []
24 74 72 3.52 [7278, 7643, 7010, 7351, 7327] []
25 77 61 3.56 [3375, 3066, 3204, 3183, 3461, 3493] [45, 46, 47, 48, 49, 50]
26 82 75 3.16 [2318, 2282, 2130, 2311, 2022, 2224] []
27 71 91 3.39 [3845, 4356, 4115, 4413, 3888] []
28 92 70 2.13 [4475, 4396, 4538] []
29 51 80 4.75 [8450, 8754, 7567, 8174] []
30 57 81 2.76 [3907, 4252, 4065, 4195, 4670, 4411, 4714, 4368, 4627, 4685] []
31 93 94 1.2 [2609, 2599, 2924, 2800, 3105, 2819, 2771, 2943, 2962, 2675] []
32 94 55 4.16 [2091, 2024, 2360, 2270, 2255, 2397] []
33 67 50 3.32 [2885, 2949, 3435, 3149, 3329, 3170] []
34 84 73 4.95 [6245, 6887, 6352] []
35 97 97 3.24 [2874, 2757, 2698, 2903, 3040, 2727, 2659, 2747] []
36 85 85 2.72 [2463, 2374, 2205, 2487, 2640, 2261] []
37 64 59 1.71 [2046, 2255, 1962, 2018, 2262, 1899, 2060, 2150, 2220, 2074] []
38 49 67 2.97 [7185, 7818, 7745] []
39 74 94 1.15 [2940, 3016, 2834] []
40 54 77 3.79 [5002, 5459] []
41 52 60 3.89 [2335, 2128, 2246, 2298, 2394] []
42 51 67 3.09 [10487, 9704, 10351, 9806, 9193, 10623, 9534, 10657] []
43 69 89 3.05 [2332, 2585, 2763, 2492, 2594, 2391, 2433, 2467] []
44 49 57 3.24 [4428] []
45 70 96 3.62 [1997, 2216, 1928, 2168, 1873, 2004, 1990] []
46 85 75 1.83 [2546, 2230, 2254, 2586, 2325] []
47 84 79 2.68 [4711, 4015, 4119, 4000, 4104, 4859, 4785, 4045, 4637] []
48 94 94 2.55 [2349] []
49 72 92 3.5 [5446] []
50 55 48 3.32 [5846, 5645, 5464, 5926, 6227, 6006, 6047, 6328] []
51 90 68 1.56 [5077, 4969, 5402, 4878, 5041] []
52 62 50 2.24 [18032, 16430] []
53 63 90 2.34 [4896] []
54 61 85 4.51 [4074, 3531, 4010] []
55 48 83 1.85 [1997] []
56 54 64 4.37 [12937, 10821, 11699] []
57 78 87 2.92 [6655, 6142, 5772, 6368, 5731, 5567, 6060, 6327] []
58 54 73 3.81 [5124, 5318, 5494] []
59 75 54 3.37 [2082, 2180, 1992] []
60 58 76 3.62 [4143, 4208, 3961, 3819, 3624, 4039, 3767, 4117, 4195, 3611] []
61 48 74 2.34 [2124, 1913, 2060, 2166, 2236, 2243, 1927, 2201, 2215] []
62 47 53 1.04 [2042, 1953, 2145, 2062, 2221, 2104] []
63 87 91 4.84 [2186, 2128, 2069, 2334, 2047, 2341, 2282, 2172] []
64 79 89 3.73 [4271, 3771, 4365, 3973] []
65 58 77 3.75 [4888, 4308, 4185, 4644, 4827, 4842, 4262] []
66 83 82 1.29 [4023, 3700, 4359, 3808, 3633, 4427, 3781] []
67 87 55 3.53 [2940, 2919, 3101, 2889] []
68 54 48 2.43 [3533] []
69 88 63 4.11 [3428, 3716, 3955, 3616, 3754, 3515, 4043, 3478, 4118, 3729] []
70 50 52 4.51 [3772, 3444] []
71 79 50 3.9 [3978, 3900, 4251, 4225, 3575] []
72 71 52 4.41 [7014, 7774, 6443, 7085] []
73 74 85 2.98 [4133, 4362, 4462, 3990, 4262, 4004, 4062] []
74 75 76 2.62 [4735, 4302, 4446, 4590, 3912, 4359, 4388, 4229, 4475] []
75 90 97 1.74 [3444, 3621, 3291, 3562] []
76 94 98 3.27 [1866] []
77 55 71 4.08 [2608] []
78 74 65 1.99 [1937] []
79 88 76 2.41 [3584, 3619, 3376, 3307, 3133, 3226, 3769] []
80 47 54 3.66 [4844, 5281, 5509, 5754] []
81 75 94 2.41 [7420, 7969, 8119, 7844, 7270, 7694, 8044, 7195, 8219] []
82 48 51 3.9 [3651, 3833, 3602, 3639, 3541, 3323] []
83 55 82 4.04 [2279, 2182, 2554, 2481, 2400] []
84 91 94 3.94 [2219, 2080, 2032] []
85 70 52 4.17 [3412, 3193, 3381, 2859] []
86 76 97 3.2 [13409, 12251, 14211, 14122, 14612] []
87 87 84 1.98 [5503, 5857, 5798] []
88 90 80 2.7 [2400, 2392, 2279, 2295] []
89 91 89 2.45 [12051, 12467, 12164] []
90 57 96 4.41 [4545] []
91 88 78 1.75 [6325, 5904] []
92 85 88 3.42 [4329, 4424, 4248, 4261] []
93 81 65 2.97 [3095, 2917, 2644, 3020, 3067, 2822, 2681, 2766, 2775, 2813] []
94 77 51 3.07 [3126, 2994] []
95 51 91 2.0 [2254, 2041, 2155, 2077, 2282, 1971] []
96 67 94 3.56 [15577, 13593, 16321] []
97 45 93 3.59 [7826, 8333, 6864, 7092, 7801, 7041, 7497] []
98 60 75 1.69 [3639, 3651, 3358, 3733, 3265, 3627] []
99 48 73 4.3 [6274] []
