0 81 47 1.58 [3369, 3401, 3371, 3352] [81, 82, 45, 47]
1 86 96 1.53 [2348, 2359, 2390, 2367, 2346, 2370] [86, 84, 85, 98, 97, 96]
2 53 83 1.43 [3017, 2994, 3034, 3004, 3033] [53, 51, 52, 81, 83]
3 68 53 1.86 [3525, 3541, 3519, 3487] [68, 66, 51, 53]
4 82 45 1.2 [2591, 2579, 2607, 2615, 2570] [82, 83, 81, 46, 45]
5 65 87 1.44 [4195, 4188] [65, 87]
6 65 77 1.23 [2349, 2336, 2391, 2365, 2353, 2385, 2371] [65, 63, 64, 67, 76, 75, 77]
7 87 49 1.86 [4040, 4060, 4039] [87, 88, 49]
8 83 54 1.78 [2257, 2240] [83, 54]
9 96 57 1.42 [3413, 3376, 3365, 3407] [96, 97, 58, 57]
10 78 56 1.27 [12392, 12556, 12551, 12608, 12397] [78, 79, 80, 55, 56]
11 94 56 1.35 [3648, 3626, 3678, 3694, 3630, 3658, 3657] [94, 93, 95, 90, 55, 54, 56]
12 60 50 1.41 [2663, 2700, 2697] [60, 61, 50]
13 76 88 1.74 [15527, 15508, 15559, 15514, 15342] [76, 77, 75, 89, 88]
14 55 76 1.9 [5607, 5625, 5632] [55, 54, 76]
15 67 79 1.71 [3161, 3132, 3158, 3193, 3127, 3124, 3201, 3169, 3130] [67, 68, 66, 69, 70, 71, 80, 78, 79]
16 48 67 1.11 [2235, 2233, 2215, 2194, 2213, 2211, 2231, 2216] [48, 50, 49, 46, 52, 66, 68, 67]
17 73 66 1.9 [6568, 6551, 6605, 6584, 6646, 6519, 6622, 6535] [73, 72, 74, 78, 79, 68, 67, 66]
18 65 84 1.2 [2093, 2108, 2097, 2088, 2063, 2106, 2069, 2078, 2086, 2075] [65, 63, 64, 71, 70, 69, 67, 85, 86, 84]
19 90 63 1.05 [15017, 14753, 15035, 14827, 14778, 14974, 14900, 14772, 14858] [90, 91, 92, 98, 93, 94, 65, 64, 63]
20 83 70 1.2 [19867, 19818, 20081, 19875, 19999, 19884] [83, 82, 81, 69, 71, 70]
21 51 88 1.47 [14860, 14745, 14751, 14836, 14866, 14793, 14659, 14684, 14811] [51, 52, 53, 48, 47, 46, 89, 87, 88]
22 68 52 1.63 [4962, 4986, 4960, 5019] [68, 66, 53, 52]
23 69 96 1.08 [5336, 5235, 5338, 5231, 5272, 5259, 5275] [69, 70, 71, 67, 98, 97, 96]
24 74 72 1.63 [7391, 7436, 7357, 7400, 7397] [74, 73, 80, 77, 72]
25 77 61 1.64 [3266, 3227, 3245, 3242, 3277, 3281] [77, 75, 76, 60, 62, 61]
26 82 75 1.55 [2213, 2208, 2189, 2212, 2176, 2201] [82, 83, 81, 77, 76, 75]
27 71 91 1.6 [4258, 4322, 4292, 4329, 4264] [71, 70, 69, 92, 91]
28 92 70 1.29 [4740, 4730, 4748] [92, 90, 70]
29 51 80 1.94 [8409, 8447, 8298, 8374] [51, 52, 78, 80]
30 57 81 1.44 [4326, 4370, 4346, 4362, 4422, 4389, 4427, 4384, 4416, 4424] [57, 59, 58, 62, 60, 61, 54, 83, 82, 81]
31 93 94 1.05 [2870, 2869, 2909, 2894, 2932, 2896, 2890, 2912, 2914, 2878] [93, 95, 97, 96, 91, 98, 90, 92, 59, 94]
32 94 55 1.79 [2250, 2241, 2283, 2272, 2270, 2288] [94, 95, 93, 54, 56, 55]
33 67 50 1.58 [3174, 3182, 3243, 3207, 3230, 3210] [67, 68, 66, 48, 49, 50]
34 84 73 1.99 [6475, 6556, 6489] [84, 86, 73]
35 97 97 1.56 [2962, 2947, 2940, 2965, 2983, 2943, 2935, 2946] [97, 96, 95, 91, 93, 94, 90, 98]
36 85 85 1.43 [2458, 2447, 2426, 2461, 2480, 2433] [85, 84, 87, 82, 83, 86]
37 64 59 1.18 [2115, 2141, 2104, 2111, 2142, 2096, 2116, 2128, 2136, 2118] [64, 63, 65, 68, 66, 67, 69, 57, 58, 59]
38 49 67 1.5 [7383, 7462, 7453] [49, 50, 67]
39 74 94 1.04 [2917, 2926, 2904] [74, 72, 94]
40 54 77 1.7 [5139, 5197] [54, 77]
41 52 60 1.73 [2259, 2233, 2248, 2254, 2266] [52, 53, 51, 62, 60]
42 51 67 1.53 [10376, 10278, 10359, 10291, 10214, 10393, 10257, 10398] [51, 53, 52, 45, 50, 66, 68, 67]
43 69 89 1.51 [2541, 2573, 2595, 2561, 2574, 2548, 2554, 2558] [69, 71, 70, 64, 63, 88, 87, 89]
44 49 57 1.56 [4857] [49]
45 70 96 1.66 [2077, 2104, 2068, 2098, 2061, 2077, 2076] [70, 71, 69, 64, 98, 97, 96]
46 85 75 1.21 [2424, 2384, 2387, 2429, 2396] [85, 84, 86, 76, 75]
47 84 79 1.42 [4533, 4446, 4459, 4444, 4457, 4552, 4543, 4450, 4524] [84, 85, 86, 87, 82, 81, 80, 78, 79]
48 94 94 1.39 [2298] [94]
49 72 92 1.63 [5435] [72]
50 55 48 1.58 [6079, 6054, 6032, 6089, 6127, 6099, 6104, 6139] [55, 56, 54, 59, 58, 50, 49, 48]
51 90 68 1.14 [5445, 5432, 5486, 5420, 5441] [90, 91, 92, 66, 68]
52 62 50 1.31 [18047, 17846] [62, 50]
53 63 90 1.34 [4872] [63]
54 61 85 1.88 [3953, 3885, 3945] [61, 60, 85]
55 48 83 1.22 [2128] [48]
56 54 64 1.85 [12248, 11983, 12093] [54, 56, 64]
57 78 87 1.48 [6301, 6237, 6191, 6265, 6186, 6165, 6227, 6260] [78, 79, 80, 74, 73, 88, 89, 87]
58 54 73 1.71 [5329, 5353, 5375] [54, 55, 73]
59 75 54 1.6 [2109, 2121, 2097] [75, 76, 54]
60 58 76 1.66 [3976, 3984, 3953, 3935, 3911, 3963, 3929, 3973, 3983, 3909] [58, 57, 59, 61, 60, 62, 55, 77, 75, 76]
61 48 74 1.34 [2131, 2105, 2124, 2137, 2145, 2146, 2107, 2141, 2143] [48, 49, 50, 45, 47, 46, 73, 72, 74]
62 47 53 1.01 [2086, 2075, 2099, 2088, 2108, 2093] [47, 45, 46, 52, 51, 53]
63 87 91 1.96 [2233, 2226, 2219, 2252, 2216, 2253, 2245, 2231] [87, 89, 88, 85, 84, 90, 92, 91]
64 79 89 1.69 [4132, 4070, 4144, 4095] [79, 78, 87, 89]
65 58 77 1.69 [4678, 4605, 4590, 4647, 4670, 4672, 4600] [58, 57, 59, 61, 76, 75, 77]
66 83 82 1.08 [4085, 4045, 4127, 4058, 4036, 4136, 4055] [83, 81, 85, 86, 84, 87, 82]
67 87 55 1.64 [3057, 3054, 3077, 3051] [87, 88, 56, 55]
68 54 48 1.36 [3685] [54]
69 88 63 1.78 [3771, 3807, 3837, 3795, 3812, 3782, 3848, 3777, 3858, 3809] [88, 89, 87, 85, 86, 84, 83, 64, 65, 63]
70 50 52 1.88 [3591, 3550] [50, 52]
71 79 50 1.73 [3959, 3949, 3993, 3990, 3909] [79, 80, 78, 49, 50]
72 71 52 1.86 [7207, 7302, 7135, 7216] [71, 69, 53, 52]
73 74 85 1.5 [4324, 4353, 4366, 4307, 4341, 4308, 4316] [74, 72, 73, 79, 84, 86, 85]
74 75 76 1.41 [4435, 4381, 4399, 4417, 4332, 4388, 4392, 4372, 4403] [75, 77, 72, 74, 73, 79, 80, 78, 76]
75 90 97 1.19 [3560, 3582, 3541, 3575] [90, 91, 96, 97]
76 94 98 1.57 [2053] [94]
77 55 71 1.77 [2806] [55]
78 74 65 1.25 [2090] [74]
79 88 76 1.36 [3526, 3531, 3500, 3492, 3470, 3482, 3549] [88, 89, 87, 85, 77, 75, 76]
80 47 54 1.67 [5262, 5316, 5345, 5375] [47, 45, 56, 54]
81 75 94 1.36 [7579, 7648, 7666, 7632, 7560, 7613, 7657, 7551, 7679] [75, 76, 77, 72, 74, 73, 93, 95, 94]
82 48 51 1.73 [3685, 3708, 3679, 3684, 3672, 3645] [48, 49, 50, 52, 53, 51]
83 55 82 1.76 [2437, 2424, 2471, 2462, 2452] [55, 56, 54, 81, 82]
84 91 94 1.74 [2124, 2106, 2100] [91, 92, 94]
85 70 52 1.8 [3205, 3177, 3201, 3136] [70, 71, 51, 52]
86 76 97 1.55 [13537, 13392, 13637, 13626, 13687] [76, 75, 77, 96, 97]
87 87 84 1.25 [5921, 5965, 5958] [87, 89, 84]
88 90 80 1.43 [2452, 2451, 2437, 2439] [90, 92, 79, 80]
89 91 89 1.37 [11596, 11648, 11610] [91, 92, 89]
90 57 96 1.86 [4397] [57]
91 88 78 1.19 [6120, 6067] [88, 78]
92 85 88 1.61 [4143, 4155, 4133, 4135] [85, 86, 87, 88]
93 81 65 1.5 [2892, 2870, 2835, 2882, 2888, 2858, 2840, 2851, 2852, 2857] [81, 83, 82, 86, 85, 84, 87, 64, 63, 65]
94 77 51 1.52 [3311, 3295] [77, 51]
95 51 91 1.25 [2169, 2142, 2157, 2147, 2173, 2134] [51, 53, 52, 92, 90, 91]
96 67 94 1.64 [15155, 14907, 15248] [67, 68, 94]
97 45 93 1.65 [7722, 7785, 7602, 7630, 7719, 7624, 7681] [45, 46, 47, 48, 94, 95, 93]
98 60 75 1.18 [3570, 3572, 3535, 3582, 3524, 3569] [60, 61, 62, 77, 76, 75]
99 48 73 1.83 [6138] [48]
