81 47 16.64 26.26 4 [29, 52, 31, 17]
86 96 11.72 17.82 6 [4, 15, 47, 23, 2, 26]
53 83 14.9 21.18 5 [29, 11, 43, 19, 42]
68 53 17.42 32.4 4 [28, 39, 24, 2]
82 45 12.77 15.26 5 [34, 23, 49, 57, 15]
65 87 20.62 29.62 2 [41, 37]
65 77 11.67 14.29 7 [15, 2, 58, 31, 19, 52, 38]
87 49 20.0 37.1 3 [24, 36, 23]
83 54 11.15 19.8 2 [28, 10]
96 57 16.76 23.69 4 [43, 17, 9, 39]
78 56 61.7 78.17 5 [10, 42, 41, 52, 11]
94 56 18.13 24.42 7 [14, 0, 34, 45, 2, 21, 20]
60 50 13.18 18.51 3 [24, 58, 55]
76 88 76.58 132.98 5 [33, 30, 38, 31, 4]
55 76 27.73 52.62 3 [26, 34, 37]
67 79 15.62 26.59 9 [28, 6, 26, 53, 2, 0, 59, 34, 4]
48 67 10.93 12.11 8 [53, 51, 31, 8, 29, 27, 49, 32]
73 66 32.47 61.62 8 [27, 21, 41, 33, 56, 9, 47, 15]
65 84 10.31 12.32 10 [36, 53, 40, 30, 1, 51, 7, 18, 27, 15]
90 63 73.58 76.98 9 [49, 6, 52, 18, 10, 42, 30, 9, 23]
83 70 98.88 117.87 6 [11, 5, 37, 12, 27, 13]
51 88 72.9 106.7 9 [46, 27, 28, 42, 47, 35, 13, 17, 38]
68 52 24.53 39.91 4 [27, 39, 26, 55]
69 96 26.12 27.96 7 [51, 5, 52, 3, 22, 16, 23]
74 72 36.51 59.48 5 [29, 44, 18, 32, 31]
77 61 16.02 26.27 6 [46, 17, 30, 28, 54, 57]
82 75 10.83 16.68 6 [51, 46, 25, 50, 10, 38]
71 91 21.28 33.95 5 [1, 37, 20, 41, 4]
92 70 23.55 30.2 3 [15, 10, 19]
51 80 41.42 80.18 4 [36, 47, 4, 26]
57 81 21.62 31.12 10 [1, 25, 12, 21, 54, 36, 57, 33, 51, 55]
93 94 14.33 15.01 10 [3, 2, 36, 23, 55, 25, 20, 38, 40, 10]
94 55 11.2 20.04 6 [10, 1, 46, 34, 32, 51]
67 50 15.85 25.01 6 [3, 9, 55, 28, 45, 30]
84 73 32.08 63.71 3 [22, 52, 27]
97 97 14.66 22.85 8 [24, 12, 6, 27, 41, 9, 2, 11]
85 85 12.11 17.31 6 [35, 24, 3, 38, 57, 10]
64 59 10.47 12.32 10 [23, 53, 11, 19, 54, 2, 25, 38, 48, 27]
49 67 36.53 54.5 3 [25, 51, 48]
74 94 14.36 14.89 3 [37, 45, 26]
54 77 25.43 43.15 2 [25, 52]
52 60 11.08 19.08 5 [46, 18, 34, 41, 54]
51 67 51.07 77.72 8 [38, 15, 34, 18, 0, 42, 10, 43]
69 89 12.67 19.13 8 [6, 36, 57, 25, 37, 13, 18, 22]
49 57 24.24 37.77 1 [4]
70 96 10.29 17.02 7 [21, 53, 11, 46, 3, 22, 20]
85 75 11.86 14.3 5 [52, 12, 15, 57, 24]
84 79 22.22 31.53 9 [48, 1, 8, 0, 7, 58, 53, 3, 43]
94 94 11.29 15.63 1 [42]
72 92 26.78 43.5 1 [35]
55 48 30.13 47.55 8 [21, 11, 2, 25, 40, 29, 31, 45]
90 68 27.1 30.86 5 [11, 5, 29, 0, 9]
62 50 88.97 116.41 2 [34, 7]
63 90 24.0 32.04 1 [36]
61 85 19.4 36.38 3 [45, 3, 40]
48 83 10.58 12.81 1 [13]
54 64 59.89 110.32 3 [54, 1, 23]
78 87 30.81 45.53 8 [54, 29, 11, 40, 9, 1, 25, 38]
54 73 26.41 44.9 3 [21, 32, 42]
75 54 10.41 16.56 3 [30, 44, 17]
58 76 19.48 32.22 10 [49, 54, 35, 24, 9, 41, 20, 47, 53, 8]
48 74 10.51 14.03 9 [33, 3, 24, 39, 49, 50, 5, 44, 46]
47 53 10.31 10.41 6 [27, 14, 42, 30, 53, 36]
87 91 11.04 21.63 8 [27, 19, 11, 47, 8, 48, 40, 25]
79 89 20.27 34.08 4 [46, 9, 53, 24]
58 77 22.91 38.63 7 [50, 12, 4, 34, 46, 47, 9]
83 82 20.18 21.62 7 [29, 5, 54, 13, 0, 59, 11]
87 55 15.15 24.73 4 [21, 19, 37, 16]
54 48 18.27 24.76 1 [20]
88 63 18.83 33.45 10 [3, 26, 45, 18, 29, 10, 52, 7, 58, 27]
50 52 17.57 32.99 2 [52, 24]
79 50 19.5 33.62 5 [36, 30, 57, 55, 5]
71 52 35.66 66.01 4 [25, 57, 1, 28]
74 85 21.45 32.03 7 [19, 35, 42, 9, 28, 10, 14]
75 76 21.65 30.39 9 [58, 28, 38, 48, 1, 32, 34, 23, 40]
90 97 17.63 20.87 4 [23, 38, 10, 33]
94 98 10.25 16.04 1 [3]
55 71 13.97 24.69 1 [10]
74 65 10.41 12.96 1 [9]
88 76 17.34 23.44 7 [40, 43, 22, 16, 1, 9, 56]
47 54 26.23 43.66 4 [7, 32, 45, 59]
75 94 37.47 50.6 9 [27, 49, 55, 44, 21, 38, 52, 18, 59]
48 51 18.19 31.34 6 [31, 46, 27, 30, 22, 4]
55 82 12.12 21.31 5 [12, 0, 46, 37, 27]
91 94 10.4 18.03 3 [50, 30, 23]
70 52 15.65 28.02 4 [57, 36, 54, 4]
76 97 66.82 103.56 5 [31, 5, 49, 47, 58]
87 84 29.48 36.7 3 [10, 28, 25]
90 80 12.12 17.25 4 [27, 26, 12, 14]
91 89 56.84 77.33 3 [48, 59, 51]
57 96 21.57 39.92 1 [46]
88 78 30.02 35.62 2 [46, 25]
85 88 20.29 32.55 4 [50, 57, 44, 45]
81 65 14.11 21.03 10 [59, 40, 11, 51, 56, 30, 15, 24, 25, 29]
77 51 16.45 24.96 2 [15, 3]
51 91 10.63 13.27 6 [48, 18, 34, 23, 52, 8]
67 94 74.41 121.9 3 [44, 4, 59]
45 93 37.99 62.56 7 [39, 59, 1, 10, 38, 8, 26]
60 75 17.55 20.57 6 [41, 42, 17, 49, 9, 40]
48 73 30.16 54.98 1 [42]