0 6
1 6
2 6
3 6
4 6
5 6
6 6
7 6
8 6
9 6
10 6
11 6
12 6
13 6
14 6
15 6
16 6
17 6
18 6
19 6
20 6
21 6
22 6
23 6
24 6
25 6
26 6
27 6
28 6
29 6
30 6
31 6
32 6
33 6
34 6
35 6
36 6
37 6
38 6
39 6
40 12
41 14
42 6
43 8
44 6
45 12
46 16
47 8
48 10
49 20
50 10
51 16
52 14
53 10
54 10
55 10
56 10
57 8
58 10
59 18
60 10
61 10
62 12
63 12
64 12
65 16
66 18
67 12
68 12
69 12
70 14
71 12
72 12
73 12
74 12
75 12
76 12
77 16
78 12
79 12
80 14
81 12
82 12
83 12
84 16
85 14
86 12
87 22
88 12
89 16
90 12
91 12
92 12
93 12
94 14
95 12
96 18
97 20
98 14
99 20
