56 94 40.74 76.58 3 [16, 43, 40]
58 98 11.02 14.63 3 [1, 26, 4]
46 86 14.18 27.66 8 [26, 13, 12, 20, 40, 43, 21, 53]
51 85 24.55 44.33 8 [25, 5, 13, 36, 15, 2, 12, 6]
46 87 13.04 23.01 5 [44, 16, 10, 39, 7]
45 88 30.41 56.54 4 [36, 15, 3, 0]
57 94 23.97 30.66 6 [38, 46, 28, 9, 40, 17]
53 97 16.75 19.51 2 [44, 8]
57 93 16.63 20.36 10 [3, 33, 12, 27, 11, 55, 53, 5, 7, 50]
49 84 45.26 81.39 7 [29, 33, 48, 57, 46, 3, 53]
55 86 11.2 16.3 6 [0, 4, 36, 47, 6, 5]
50 88 25.49 49.86 5 [42, 2, 50, 1, 12]
48 92 19.01 19.24 1 [59]
55 95 19.76 22.43 5 [55, 8, 26, 17, 6]
51 85 12.51 14.98 4 [6, 19, 8, 35]
51 98 11.46 12.41 8 [0, 11, 12, 52, 40, 19, 25, 6]
58 88 12.35 20.04 3 [43, 46, 6]
45 88 10.6 14.7 5 [25, 53, 57, 29, 51]
46 85 21.89 26.52 1 [44]
56 92 10.68 18.71 10 [21, 45, 0, 11, 17, 18, 38, 6, 57, 2]
48 95 12.35 24.06 10 [5, 37, 54, 23, 50, 18, 28, 3, 51, 41]
47 98 24.26 46.08 9 [25, 59, 16, 0, 51, 49, 29, 5, 37]
58 91 14.18 25.17 5 [28, 56, 21, 24, 13]
54 84 14.76 29.18 6 [1, 48, 7, 30, 15, 34]
47 88 38.9 39.16 6 [22, 33, 9, 1, 14, 27]
53 91 12.95 18.01 7 [44, 34, 53, 59, 18, 32, 38]
55 95 24.14 42.76 8 [17, 22, 47, 8, 29, 42, 57, 15]
52 86 14.87 28.32 9 [9, 40, 47, 44, 46, 43, 54, 34, 48]
46 95 13.28 13.8 4 [23, 25, 13, 34]
53 95 13.96 20.53 3 [57, 8, 17]
45 93 27.25 29.35 3 [21, 17, 15]
57 94 14.16 16.23 5 [6, 8, 19, 4, 31]
45 92 10.42 15.34 9 [47, 42, 6, 41, 8, 52, 45, 19, 32]
53 90 11.86 17.11 9 [30, 53, 9, 11, 12, 55, 18, 7, 54]
52 90 17.74 32.85 5 [40, 34, 7, 51, 13]
56 98 49.49 59.7 5 [55, 13, 32, 18, 27]
58 91 10.95 16.63 3 [35, 36, 23]
58 88 11.6 15.49 7 [9, 18, 32, 55, 46, 8, 57]
46 86 22.74 34.2 1 [7]
58 88 66.78 104.35 2 [34, 12]
54 97 76.26 109.96 7 [59, 45, 2, 58, 43, 11, 53]
47 97 44.58 66.71 10 [36, 47, 40, 19, 10, 15, 17, 14, 7, 6]
53 95 20.09 29.05 6 [50, 15, 34, 46, 10, 32]
45 91 10.88 11.15 1 [57]
49 96 14.97 28.94 9 [25, 40, 57, 55, 43, 4, 56, 23, 0]
45 93 34.08 63.02 3 [14, 40, 4]
56 91 16.43 17.13 10 [48, 13, 24, 34, 35, 51, 29, 5, 18, 59]
58 97 17.64 29.94 9 [18, 21, 6, 28, 12, 9, 39, 40, 7]
56 84 59.15 70.22 4 [11, 14, 18, 0]
46 84 88.95 176.72 10 [24, 42, 17, 39, 21, 41, 49, 38, 34, 8]
50 98 10.51 19.51 9 [32, 33, 30, 11, 52, 9, 13, 35, 22]
47 86 71.0 141.9 5 [50, 6, 10, 35, 58]
49 97 17.7 33.13 2 [9, 1]
54 86 19.11 37.23 5 [23, 47, 53, 1, 16]
56 84 17.1 22.55 5 [44, 30, 52, 29, 50]
49 84 10.23 10.58 1 [32]
58 88 16.44 23.99 5 [5, 52, 41, 56, 27]
58 95 10.69 20.18 1 [16]
56 84 19.71 35.81 1 [52]
50 95 11.03 15.77 6 [33, 1, 46, 0, 43, 7]
54 97 26.56 27.48 10 [14, 28, 15, 22, 23, 35, 4, 45, 33, 7]
56 85 12.91 23.56 10 [28, 53, 29, 31, 2, 55, 51, 58, 52, 48]
55 91 10.82 20.55 10 [33, 39, 13, 35, 58, 50, 38, 36, 15, 12]
48 88 10.39 19.98 10 [53, 47, 46, 38, 29, 57, 20, 28, 31, 0]
49 93 11.2 19.46 5 [49, 55, 9, 38, 37]
56 97 54.14 93.75 9 [11, 3, 55, 50, 57, 14, 16, 59, 33]
45 96 18.91 30.82 2 [12, 6]
52 91 13.36 26.61 1 [27]
48 88 43.3 77.07 5 [15, 22, 31, 27, 42]
46 98 81.78 98.47 4 [46, 31, 29, 53]
55 89 11.59 19.24 7 [4, 1, 48, 9, 30, 13, 36]
54 95 19.18 28.44 5 [0, 6, 32, 29, 2]
48 85 26.92 53.3 3 [59, 57, 4]
48 90 19.62 30.4 4 [16, 41, 46, 35]
49 89 12.5 15.34 7 [3, 16, 41, 34, 39, 47, 0]
53 87 29.16 39.05 6 [47, 23, 5, 57, 39, 25]
52 86 13.29 14.28 3 [2, 8, 47]
48 85 22.65 23.18 2 [21, 15]
45 91 12.67 14.41 7 [6, 29, 16, 51, 53, 35, 13]
58 84 14.18 15.18 8 [27, 26, 35, 7, 40, 52, 47, 14]
54 97 29.01 50.4 10 [45, 15, 20, 6, 34, 54, 1, 12, 0, 32]
58 84 14.54 16.98 7 [21, 3, 14, 9, 16, 19, 30]
55 93 40.22 44.33 2 [14, 40]
54 91 23.27 28.44 5 [0, 42, 41, 13, 24]
58 92 11.21 12.22 8 [25, 57, 30, 52, 39, 32, 26, 13]
47 85 19.46 22.11 8 [43, 37, 56, 53, 33, 32, 34, 45]
53 84 21.27 26.58 7 [20, 4, 56, 5, 39, 50, 23]
47 87 10.38 20.48 3 [1, 6, 43]
47 88 17.99 27.99 5 [10, 49, 55, 29, 11]
47 98 69.26 82.64 9 [22, 29, 30, 20, 52, 46, 3, 56, 21]
58 96 15.53 17.15 1 [57]
56 96 16.97 20.03 9 [49, 28, 35, 8, 12, 20, 39, 47, 40]
55 90 24.17 42.21 3 [22, 2, 56]
55 92 21.83 43.12 5 [45, 22, 54, 38, 16]
58 85 46.19 75.85 4 [24, 31, 3, 38]
45 84 26.7 50.83 8 [38, 40, 50, 32, 34, 23, 55, 42]
48 90 10.78 19.32 8 [20, 36, 13, 43, 32, 28, 42, 6]
51 85 73.63 124.7 10 [35, 55, 48, 11, 27, 25, 9, 47, 19, 8]
54 93 29.82 57.7 5 [54, 55, 23, 36, 41]
47 90 15.22 27.7 5 [54, 13, 15, 21, 7]