0.00012239
0.00012239
0.00012239
0.00012239
0.00012239
0.00012239
0.00012239
0.00012239
0.00012239
0.00012239
0.00012239
0.00012239
0.00012239
0.00012239
0.00012239
0.00012239
0.00012239
0.00012239
0.00012239
0.00012239
0.00012239
0.00012239
0.00012239
0.00012239
0.00012239
0.00012239
0.00012239
0.00012239
0.00012239
0.00012239
0.00012239
0.00012239
0.00012239
0.00012239
0.00012239
0.00012239
0.00012239
0.00012239
0.00012239
0.00012239
0.00012239
0.00012239
0.00012239
0.00012239
0.00012239
0.00012239
0.00012239
0.00012239
0.00012239
0.00012239
0.00012239
0.00012239
0.00012239
0.00012239
0.00012239
0.00012239
0.00012239
0.00012239
0.00012239
0.00012239
0.00012239
0.00012239
0.00012239
0.00012239
0.00012239
0.00012239
0.00012239
0.00012239
0.00012239
0.00012239
0.00012239
0.00012239
0.00012239
0.00012239
0.00012239
0.00012239
0.00012239
0.00012239
0.00012239
0.00012239
0.00012239
0.00012239
0.00012239
0.00012239
0.00012239
0.00012239
0.00012239
0.00012239
0.00012239
0.00012239
0.00012239
0.00012239
0.00012239
0.00012239
0.00012239
0.00012239
0.00012239
0.00012239
0.00012239
0.00012239
0.00012239
0.00012239
0.00012239
0.00012239
0.00012239
0.00012239
0.00012239
0.00012239
0.00012239
0.00012239
0.00012239
0.00012239
0.00012239
0.00012239
0.00012239
0.00012239
0.00012239
0.00012239
0.00012239
0.00012239
0.00012239
0.00012239
0.00012239
0.00012239
0.00012239
0.00012239
0.00012239
0.00012239
0.00012239
0.00012239
0.00012239
0.00012239
0.00012239
0.00012239
0.00012239
0.00012239
0.00012239
0.00012239
0.00012239
0.00012239
0.00012239
0.00012239
0.00012239
0.00012239
0.00012239
0.00012239
0.00012239
0.00012239
0.00012239
0.00012239
0.00012239
0.00012239
0.00012239
0.00012239
0.00012239
0.00012239
0.00012239
0.00012239
0.00012239
0.00012239
0.00012239
0.00018591
0.00018591
0.00018591
0.00018591
0.00018591
0.00018591
0.00018591
0.00018591
0.00018591
0.00018591
0.00018591
0.00018591
0.00018591
0.00018591
0.00018591
0.00018591
0.00018591
0.00018591
0.00018591
0.00018591
0.00018591
0.00018591
0.00018591
0.00018591
0.00018591
0.00018591
0.00018591
0.00018591
0.00018591
0.00018591
0.00018591
0.00018591
0.00018591
0.00018591
0.00018591
0.00018591
0.00018591
0.00018591
0.00018591
0.00018591
0.00018591
0.00018591
0.00018591
0.00018591
0.00018591
0.00018591
0.00018591
0.00018591
0.00018591
0.000188045
0.000188045
0.000188045
0.000188045
0.000188045
0.000188045
0.000188045
0.000188045
0.000188045
0.000188045
0.000188045
0.000188045
0.000188045
0.000188045
0.000188045
0.000188045
0.000188045
0.000188045
0.000188045
0.000188045
0.000188045
0.000188045
0.000188045
0.000188045
0.000188045
0.000188045
0.000188045
0.000188045
0.000188045
0.000188045
0.000188045
0.000188045
0.000188045
0.000188045
0.000188045
0.000188045
0.000188045
0.000188045
0.000188045
0.000188045
0.000188045
0.000188045
0.000188045
0.000188045
0.000188045
0.000188045
0.000188045
0.000188045
0.000188045
0.000188045
0.000188045
0.000188045
0.000188045
0.000188045
0.000188045
0.000188045
0.000188045
0.000188045
0.000188045
0.000188045
0.000188045
0.000188045
0.000188045
0.000188045
0.00019447499999999997
0.00019447499999999997
0.00019447499999999997
0.00021463
0.00021463
0.00021463
0.00021463
0.00021463
0.00021463
0.00021463
0.00021463
0.00021463
0.00021463
0.00021463
0.00021463
0.00021463
0.00021463
0.00021463
0.00021463
0.00021463
0.00023109999999999998
0.00023109999999999998
0.00023109999999999998
0.00023109999999999998
0.00023109999999999998
0.00023109999999999998
0.00023109999999999998
0.00023109999999999998
0.00023109999999999998
0.00023109999999999998
0.00023609499999999997
0.00023609499999999997
0.00023609499999999997
0.00023609499999999997
0.000257855
0.000257855
0.000257855
0.000257855
0.000257855
0.000257855
0.000257855
0.000257855
0.000257855
0.000257855
0.000257855
0.000257855
0.000257855
0.000257855
0.000257855
0.000257855
0.000257855
0.000257855
0.000257855
0.000257855
0.000257855
0.000257855
0.000257855
0.000257855
0.000257855
0.000257855
0.000257855
0.000257855
0.000257855
0.000257855
0.000257855
0.00028142999999999994
0.00028142999999999994
0.00028142999999999994
0.00028142999999999994
0.00028142999999999994
0.00028435999999999994
0.00028435999999999994
0.00030189999999999997
0.00030189999999999997
0.00030189999999999997
0.00034452999999999996
0.00034452999999999996
0.00034452999999999996
0.00034452999999999996
0.00034452999999999996
0.00035477499999999994
0.00035477499999999994
0.00035477499999999994
0.00035477499999999994
0.00035477499999999994
0.00035477499999999994
0.00035477499999999994
0.00035477499999999994
0.00035477499999999994
0.00035477499999999994
0.00035477499999999994
0.00035477499999999994
0.00035477499999999994
0.00035477499999999994
0.00035477499999999994
0.00035477499999999994
0.00035477499999999994
0.00035477499999999994
0.00035477499999999994
0.00035477499999999994
0.00035477499999999994
0.00035477499999999994
0.00035477499999999994
0.00035477499999999994
0.00035477499999999994
0.00035477499999999994
0.00035477499999999994
0.00035477499999999994
0.00035477499999999994
0.00035477499999999994
0.00035477499999999994
0.00035477499999999994
0.00037256499999999994
0.00039263499999999996
0.00039263499999999996
0.00039263499999999996
0.00039263499999999996
0.00039263499999999996
0.00039263499999999996
0.00039263499999999996
0.00039263499999999996
0.00039263499999999996
0.00039263499999999996
0.00039263499999999996
0.00039263499999999996
0.00039263499999999996
0.00039263499999999996
0.00039263499999999996
0.00039263499999999996
0.00039263499999999996
0.00039263499999999996
0.00039263499999999996
0.00039263499999999996
0.00039263499999999996
0.00039263499999999996
0.00039263499999999996
0.00039263499999999996
0.00039263499999999996
0.00039326499999999996
0.00039326499999999996
0.00039326499999999996
0.00039326499999999996
0.00039326499999999996
0.000499945
0.000499945
0.000499945
0.000499945
0.000499945
0.000499945
0.000499945
0.000499945
0.000499945
0.000499945
0.000499945
0.00050901
0.00050901
0.00050901
0.00050901
0.00050901
0.00050901
0.00050901
0.00050901
0.00050901
0.00050901
0.00050901
0.00050901
0.00050901
0.00050901
0.00050901
0.00050901
0.00050901
0.00050901
0.00050901
0.00050901
0.00050901
0.00050901
0.00052606
0.00052606
0.00052606
0.00052606
0.00052606
0.00052606
0.00052606
0.00052606
0.00052606
0.00052606
0.00052606
0.00052606
0.00052606
0.00052606
0.00052606
0.000532155
0.000532155
0.000537245
0.000537245
0.000537245
0.000537245
0.000537245
0.000537245
0.000537245
0.000537245
0.000537245
0.000537245
0.000537245
0.000537245
0.000537245
0.000537245
0.000537245
0.000537245
0.000537245
0.000537245
0.000537245
0.000537245
0.000537245
0.000541375
0.000541375
0.000541375
0.000541375
0.000541375
0.000541375
0.000541375
0.000541375
0.000541375
0.0005524249999999999
0.0005524249999999999
0.0005524249999999999
0.0005524249999999999
0.0005524249999999999
0.0005524249999999999
0.0005524249999999999
0.0005524249999999999
0.0005524249999999999
0.0005524249999999999
0.0005524249999999999
0.0005524249999999999
0.0005524249999999999
0.0005524249999999999
0.0005524249999999999
0.000626105
0.0006397449999999999
0.0006397449999999999
0.0006397449999999999
0.0006397449999999999
0.0006397449999999999
0.0006397449999999999
0.0006397449999999999
0.0006397449999999999
0.0006397449999999999
0.0006397449999999999
0.0006494549999999998
0.0006494549999999998
0.0006494549999999998
0.0006494549999999998
0.0006635699999999998
0.0006635699999999998
0.0006635699999999998
0.0006635699999999998
0.0006635699999999998
0.0006635699999999998
0.0006635699999999998
0.0006635699999999998
0.0006635699999999998
0.0006635699999999998
0.0006635699999999998
0.0006635699999999998
0.00067485
0.00067485
0.00067485
0.00067485
0.00067485
0.00067485
0.00067485
0.00067485
0.00067485
0.00067485
0.00067485
0.00067485
0.00067485
0.00067485
0.00067485
0.00067715
0.00067715
0.00067715
0.0007187449999999999
0.0007187449999999999
0.0007187449999999999
0.0007187449999999999
0.0007187449999999999
0.0007187449999999999
0.0007515249999999998
0.0007515249999999998
0.0007515249999999998
0.0007515249999999998
0.0008138799999999999
0.0008138799999999999
0.0008138799999999999
0.0008138799999999999
0.0008138799999999999
0.0008138799999999999
0.00082268
0.0008250499999999999
0.0008250499999999999
0.0008250499999999999
0.0008250499999999999
0.0008366499999999999
0.0008366499999999999
0.0008366499999999999
0.0008366499999999999
0.0008366499999999999
0.0008366499999999999
0.0008556899999999999
0.0009017399999999999
0.000917395
0.000917395
0.000917395
0.000917395
0.0009300299999999999
0.0009300299999999999
0.0009300299999999999
0.0009300299999999999
0.0009300299999999999
0.0009300299999999999
0.0009300299999999999
0.0009300299999999999
0.0009300299999999999
0.0009300299999999999
0.0009302749999999999
0.0009302749999999999
0.0009302749999999999
0.0009302749999999999
0.00094299
0.00094299
0.00094299
0.00094299
0.00094299
0.00094299
0.000952855
0.0009659450000000001
0.0009659450000000001
0.0009659450000000001
0.0009659450000000001
0.00097065
0.00097065
0.00097065
0.00097065
0.00097065
0.00097065
0.00097065
0.00097065
0.00097065
0.0010078700000000001
0.0010078700000000001
0.0010078700000000001
0.0010078700000000001
0.0010078700000000001
0.0010078700000000001
0.0010078700000000001
0.0010078700000000001
0.00101881
0.00101881
0.00101881
0.00101881
0.001035355
0.001035355
0.001035355
0.001035355
0.001035355
0.00104546
0.00104546
0.00104546
0.00104546
0.00104546
0.00104546
0.00104546
0.00104546
0.001187825
0.001187825
0.001187825
0.001187825
0.0012154200000000003
0.001225745
0.0012529300000000002
0.0012529300000000002
0.0012529300000000002
0.0012529300000000002
0.001265435
0.001265435
0.0012909700000000002
0.0012909700000000002
0.0012909700000000002
0.0012909700000000002
0.001342375
0.001342375
0.001342375
0.0013652150000000001
0.0013652150000000001
0.0013652150000000001
0.0013652150000000001
0.0013652150000000001
0.0013652150000000001
0.0013652150000000001
0.0013652150000000001
0.0013652150000000001
0.0013652150000000001
0.0013652150000000001
0.0013652150000000001
0.0013652150000000001
0.0013652150000000001
0.0013652150000000001
0.0013652150000000001
0.0013699950000000002
0.0013905950000000001
0.0013905950000000001
0.0013905950000000001
0.0014121049999999999
0.0014252149999999999
0.001438645
0.001480545
0.001480545
0.001480545
0.001480545
0.001480545
0.001480545
0.001480545
0.001480545
0.001480545
0.001480545
0.001480545
0.001480545
0.001480545
0.001480545
0.001480545
0.001480545
0.001480545
0.001480545
0.001480545
0.001491465
0.001491465
0.00152437
0.00152437
0.00152437
0.00152437
0.00152437
0.00153922
0.00153922
0.00153922
0.00153922
0.00153922
0.00153922
0.00153922
0.0015761299999999998
0.0015761299999999998
0.0015761299999999998
0.0015761299999999998
0.0015761299999999998
0.0016074199999999998
0.0016074199999999998
0.0016074199999999998
0.0016074199999999998
0.0016094799999999997
0.0016202649999999999
0.0016202649999999999
0.0016202649999999999
0.00166651
0.00167837
0.00167837
0.00167837
0.00167837
0.00167837
0.00167837
0.0016982549999999999
0.0016982549999999999
0.001707285
0.001707285
0.001707285
0.001707285
0.001707285
0.001707285
0.001707285
0.001707285
0.001707285
0.001707285
0.00172522
0.00172522
0.00172522
0.00172522
0.001759755
0.001759755
0.001759755
0.001759755
0.0017673300000000001
0.001798445
0.0018216750000000002
0.0018216750000000002
0.0018619800000000003
0.0018619800000000003
0.0018619800000000003
0.00187797
0.00187797
0.00187797
0.001921015
0.001921015
0.001921015
0.0019616200000000003
0.00199276
0.00199276
0.00199276
0.00199276
0.00199579
0.00199579
0.00199579
0.002007445
0.002007445
0.002007445
0.002007445
0.0021716400000000003
0.0021716400000000003
0.0021716400000000003
0.0021716400000000003
0.002185755
0.00221965
0.00221965
0.002232955
0.002248525
0.002248525
0.002259755
0.00227102
0.002283045
0.002283045
0.0022995900000000002
0.0023026300000000004
0.0023026300000000004
0.002318165
0.002318165
0.0023730150000000005
0.0023730150000000005
0.0023840350000000005
0.0023840350000000005
0.0023840350000000005
0.0023977050000000004
0.0023977050000000004
0.0023977050000000004
0.0023977050000000004
0.0023977050000000004
0.0023977050000000004
0.0023977050000000004
0.0023977050000000004
0.002415285
0.002434965
0.002434965
0.002434965
0.002434965
0.00244893
0.0024539250000000005
0.0024539250000000005
0.0024539250000000005
0.0024781100000000004
0.0024781100000000004
0.0024833850000000007
0.0024833850000000007
0.0025040050000000006
0.0025040050000000006
0.0025040050000000006
0.0025040050000000006
0.0025040050000000006
0.0025040050000000006
0.0025040050000000006
0.0025040050000000006
0.0025408200000000005
0.0025408200000000005
0.0025433300000000003
0.0025753200000000003
0.0025753200000000003
0.0025753200000000003
0.0025997950000000002
0.002612945
0.002630805
0.002630805
0.002630805
0.00266007
0.00266007
0.0026697
0.00269578
0.0027087849999999996
0.0027257699999999993
0.0027257699999999993
0.002738719999999999
0.002738719999999999
0.002738719999999999
0.002738719999999999
0.0027511099999999993
0.0027511099999999993
0.0027511099999999993
0.0027639999999999995
0.0027639999999999995
0.00277508
0.0027881750000000004
0.0027881750000000004
0.002810075
0.002810075
0.002810075
0.002810075
0.002810075
0.002810075
0.002810075
0.002810075
0.002810075
0.002810075
0.00283752
0.00283752
0.00283752
0.00283752
0.00289173
0.002911055
0.002911055
0.002911055
0.0029223
0.0029223
0.00294463
0.0029808300000000003
0.0029924749999999996
0.00302107
0.00302107
0.00302107
0.00302107
0.00302107
0.00302107
0.00302107
0.00302107
0.003032315
0.0030359199999999997
0.0030359199999999997
0.0030359199999999997
0.0030498349999999994
0.0030700649999999994
0.0030989699999999995
0.0030989699999999995
0.0030989699999999995
0.0030989699999999995
0.0030989699999999995
0.0031194949999999995
0.0031194949999999995
0.0031313699999999996
0.0032151699999999994
0.0032430749999999993
0.0032430749999999993
0.0032430749999999993
0.0032430749999999993
0.0032558349999999995
0.0032558349999999995
0.0032558699999999993
0.003327734999999999
0.003327734999999999
0.0033445199999999993
0.0033457549999999993
0.0033457549999999993
0.0033457549999999993
0.0033457549999999993
0.0033457549999999993
0.0033748199999999993
0.0033748199999999993
0.0033748199999999993
0.00340068
0.00341077
0.00341077
0.00341077
0.00341077
0.00341077
0.00341077
0.00341504
0.00341504
0.0034294499999999997
0.0034294499999999997
0.0034294499999999997
0.0034561999999999996
0.0034561999999999996
0.0034561999999999996
0.0034561999999999996
0.0035021049999999993
0.003657745
0.0036852649999999996
0.003701785
0.003701785
0.0037189499999999995
0.0037295749999999993
0.003744344999999999
0.003744344999999999
0.003807914999999999
0.0038232549999999994
0.0038232549999999994
0.0038232549999999994
0.0038232549999999994
0.0038232549999999994
0.003894164999999999
0.003894164999999999
0.0038991149999999986
0.003933794999999999
0.003933794999999999
0.003933794999999999
0.003933794999999999
0.003933794999999999
0.003945434999999999
0.003955514999999999
0.004020415000000001
0.004020415000000001
0.004020415000000001
0.004020415000000001
0.004020415000000001
0.004020415000000001
0.00408504
0.00408504
0.00408504
0.00411339
0.00411339
0.00411339
0.0041174
0.0041975400000000005
0.004239335
0.004239335
0.004249655000000001
0.004249655000000001
0.004266740000000001
0.004295505000000001
0.004295505000000001
0.004295505000000001
0.004311005
0.004311005
0.004311005
0.004311005
0.004311005
0.004311005
0.0043521950000000005
0.004366335000000002
0.004366335000000002
0.004366335000000002
0.004380710000000001
0.004391665000000001
0.004391665000000001
0.004437835
0.004437835
0.004467040000000001
0.004467040000000001
0.004467040000000001
0.004467040000000001
0.004467040000000001
0.004486900000000001
0.004501300000000001
0.004508445
0.00454255
0.0045547750000000005
0.004624354999999999
0.004624354999999999
0.004626185
0.00465088
0.00465088
0.00466202
0.00466202
0.004681764999999999
0.004681764999999999
0.004715375
0.004726705
0.004726705
0.004726705
0.004726705
0.0047301
0.004781675000000001
0.004794545000000001
0.004794545000000001
0.004794545000000001
0.004801190000000001
0.004831815000000001
0.004831815000000001
0.004847230000000001
0.004847230000000001
0.004847230000000001
0.004860075000000001
0.004896335000000002
0.004896335000000002
0.0049055700000000015
0.0049055700000000015
0.0049055700000000015
0.0049055700000000015
0.0049055700000000015
0.0049055700000000015
0.0049055700000000015
0.0049265950000000015
0.004927925000000002
0.004927925000000002
0.004927925000000002
0.004927925000000002
0.004927925000000002
0.004927925000000002
0.004946910000000001
0.004967595000000002
0.0050754050000000024
0.0050754050000000024
0.005100585000000003
0.005116210000000003
0.005128960000000004
0.005128960000000004
0.005161370000000004
0.005161370000000004
0.005161370000000004
0.005220780000000004
0.005238180000000004
0.005253955000000004
0.005253955000000004
0.005253955000000004
0.005253955000000004
0.005265755000000004
0.005282505000000004
0.005282505000000004
0.005282505000000004
0.005282505000000004
0.005282505000000004
0.005307810000000004
0.005307810000000004
0.005335965000000004
0.0053588550000000035
0.005383500000000003
0.005383500000000003
0.005383500000000003
0.005383500000000003
0.005383500000000003
0.005396780000000003
0.005412085000000003
0.005412085000000003
0.005420115000000002
0.005453730000000003
0.005458745000000003
0.005458745000000003
0.005458745000000003
0.005458745000000003
0.005458745000000003
0.005468875000000002
0.005468875000000002
0.005468875000000002
0.005468875000000002
0.005477295000000003
0.005477295000000003
0.005496940000000002
0.005496940000000002
0.005496940000000002
0.005496940000000002
0.005557090000000002
0.0055828050000000014
0.005604610000000002
0.005631630000000001
0.005657490000000001
0.005667845
0.005679765000000001
0.005692130000000001
0.005692130000000001
0.005692130000000001
0.005692130000000001
0.005715310000000001
0.005715310000000001
0.005715310000000001
0.005715310000000001
0.005723655000000002
0.005723655000000002
0.005723655000000002
0.005723655000000002
0.005726975000000002
0.005726975000000002
0.005755660000000002
0.005814585
0.005826575000000001
0.005871315000000001
0.005898120000000001
0.005898120000000001
0.005910220000000001
0.005927575000000001
0.005947600000000002
0.005947600000000002
0.005947600000000002
0.005947600000000002
0.005968390000000001
0.005985825000000001
0.005989045000000001
0.006138810000000001
0.006138810000000001
0.006153060000000001
0.006153060000000001
0.006153060000000001
0.006175580000000001
0.006175580000000001
0.006197465000000001
0.006215235
0.006215235
0.0062541
0.0062541
0.0062541
0.0062541
0.0062541
0.0062541
0.006290374999999999
0.006290374999999999
0.006316509999999998
0.006316509999999998
0.006343614999999999
0.006343614999999999
0.006351299999999999
0.006351299999999999
0.006362555
0.006377535
0.0063782100000000005
0.0063999999999999994
0.0063999999999999994
0.0063999999999999994
0.0063999999999999994
0.0063999999999999994
0.006493329999999999
0.006525364999999999
0.006554104999999999
0.006570494999999998
0.006595964999999999
0.006678484999999998
0.006735449999999997
0.006735449999999997
0.006746734999999997
0.006773154999999997
0.006800329999999997
0.006800329999999997
0.006800329999999997
0.006885699999999997
0.006903974999999997
0.006903974999999997
0.006930059999999998
0.006930059999999998
0.006940949999999998
0.006982544999999998
0.006982544999999998
0.006982544999999998
0.006982544999999998
0.006996039999999998
0.0070197249999999975
0.007043624999999998
0.007043624999999998
0.007043624999999998
0.007043624999999998
0.007043624999999998
0.007049259999999997
0.007049259999999997
0.007062429999999998
0.007074329999999998
0.007074329999999998
0.007085409999999998
0.007119074999999998
0.007133234999999998
0.007133234999999998
0.007133234999999998
0.007147344999999998
0.007147344999999998
0.007174684999999998
0.007174684999999998
0.007174684999999998
0.007189219999999998
0.007216789999999999
0.007216789999999999
0.007216789999999999
0.007216789999999999
0.007239144999999999
0.007252724999999999
0.0073545799999999995
0.007376234999999999
0.0074394299999999995
0.0074394299999999995
0.0074394299999999995
0.00745509
0.00745509
0.00745509
0.007460945000000001
0.007460945000000001
0.00754517
0.007577555000000001
0.007600770000000001
0.007600770000000001
0.007600770000000001
0.00763723
0.007658195
0.007753465000000001
0.007775905000000001
0.007775905000000001
0.007775905000000001
0.007813385000000003
0.007836810000000003
0.007836810000000003
0.007836810000000003
0.007836810000000003
0.007859785000000003
0.007859785000000003
0.007859785000000003
0.007905280000000002
0.007946775000000003
0.007967755000000002
0.007967755000000002
0.007979270000000002
0.007990890000000002
0.007990890000000002
0.008006710000000002
0.008016370000000004
0.008059695000000006
0.008071445000000003
0.008082220000000005
0.008082220000000005
0.008093305000000005
0.008166715000000003
0.008166715000000003
0.008166715000000003
0.008214730000000005
0.008271445000000006
0.008294635000000007
0.008299160000000005
0.008307710000000006
0.008334410000000006
0.008362870000000007
0.008362870000000007
0.008373335000000006
0.008373335000000006
0.008373335000000006
0.008425660000000007
0.008426875000000006
0.008426875000000006
0.008640610000000003
0.008640610000000003
0.008808715000000005
0.008808715000000005
0.008868760000000007
0.008868760000000007
0.008905135000000007
0.008905135000000007
0.008905135000000007
0.008924860000000007
0.008926430000000006
0.008928785000000005
0.008928785000000005
0.008928785000000005
0.008958080000000004
0.008964050000000005
0.008964050000000005
0.009280150000000004
0.009300160000000005
0.009324100000000005
0.009330290000000005
0.009330290000000005
0.009362040000000005
0.009392315000000005
0.009392315000000005
0.009414895000000006
0.009554550000000007
0.009554550000000007
0.009657155000000008
0.009657155000000008
0.009693940000000009
0.009720105000000007
0.009738645000000008
0.009738645000000008
0.009756090000000009
0.00977875000000001
0.00977875000000001
0.00978810000000001
0.00978810000000001
0.00980895000000001
0.00981906500000001
0.00981906500000001
0.00981906500000001
0.00984966000000001
0.009860805000000012
0.009883530000000012
0.009884410000000012
0.009884410000000012
0.009933450000000009
0.00994545000000001
0.009959810000000012
0.009980935000000012
0.009980935000000012
0.010027330000000011
0.010060650000000011
0.01007531500000001
0.01007531500000001
0.010087820000000011
0.010103200000000012
0.010119255000000011
0.010119255000000011
0.010132580000000013
0.010215660000000014
0.010245110000000014
0.010273665000000015
0.010296205000000017
0.010347200000000016
0.010378825000000017
0.010392730000000018
0.010433955000000019
0.010433955000000019
0.010601205000000018
0.010611850000000018
0.010611850000000018
0.010611850000000018
0.010845900000000016
0.010917300000000017
0.010930210000000018
0.010946135000000018
0.010946135000000018
0.010982865000000019
0.010997595000000018
0.010997595000000018
0.010997595000000018
0.011012235000000018
0.01103455000000002
0.01103455000000002
0.011053260000000016
0.011053260000000016
0.011053260000000016
0.011071470000000016
0.011071470000000016
0.011083320000000016
0.011083320000000016
0.011174100000000018
0.011205195000000018
0.011231710000000018
0.011231710000000018
0.011239805000000018
0.011239805000000018
0.01126929500000002
0.01126929500000002
0.01129208000000002
0.011522590000000018
0.011551490000000018
0.011580440000000018
0.01159151500000002
0.011603575000000019
0.011617620000000018
0.011630480000000018
0.011630480000000018
0.01164801000000002
0.011669140000000019
0.011669140000000019
0.011669140000000019
0.011679060000000017
0.011699445000000017
0.011699445000000017
0.011711285000000016
0.011723010000000016
0.011762310000000015
0.011786765000000015
0.011804580000000016
0.011830645000000016
0.011830645000000016
0.011858360000000016
0.011919985000000017
0.011919985000000017
0.011938255000000016
0.011956550000000015
0.012060090000000016
0.012081805000000017
0.012081805000000017
0.012105425000000017
0.012119685000000017
0.012119685000000017
0.012168340000000019
0.012177735000000018
0.012177735000000018
0.01226333500000002
0.01226333500000002
0.01226333500000002
0.01227673500000002
0.01227673500000002
0.01227673500000002
0.01228898000000002
0.012349275000000019
0.012535130000000018
0.012550000000000018
0.012550000000000018
0.012550000000000018
0.01255899000000002
0.01255899000000002
0.01265627000000002
0.01265627000000002
0.012679695000000019
0.012680695000000018
0.012680695000000018
0.012707380000000016
0.012707380000000016
0.012734510000000018
0.012734510000000018
0.012746545000000017
0.012746545000000017
0.012746545000000017
0.012787655000000018
0.012835085000000017
0.012845985000000018
0.01302185500000002
0.01304096000000002
0.01304096000000002
0.013059580000000019
0.013075115000000017
0.013101480000000018
0.013101480000000018
0.013101480000000018
0.013126685000000018
0.013126685000000018
0.01316405000000002
0.01316405000000002
0.01316405000000002
0.01319190500000002
0.01319190500000002
0.013200780000000021
0.01324343500000002
0.01326192000000002
0.01329254500000002
0.01331845000000002
0.01331845000000002
0.013414115000000022
0.01343234500000002
0.013450550000000021
0.013462410000000022
0.013473380000000023
0.013495575000000022
0.013582940000000024
0.013596540000000023
0.013606975000000023
0.013630360000000022
0.013642935000000023
0.013642935000000023
0.013687115000000022
0.013792560000000021
0.013834860000000022
0.013883670000000022
0.013906220000000021
0.013917520000000022
0.01400330000000002
0.01400330000000002
0.014029365000000021
0.014202670000000023
0.014209995000000022
0.014243065000000022
0.01442449000000002
0.01443374500000002
0.01444579500000002
0.01444579500000002
0.01444579500000002
0.014456050000000019
0.01446606000000002
0.01447763500000002
0.01447763500000002
0.01447763500000002
0.01447763500000002
0.01458191000000002
0.01460680000000002
0.01462483500000002
0.014699245000000019
0.01480026000000002
0.014811300000000019
0.014811300000000019
0.014841670000000019
0.014846765000000019
0.014942155000000021
0.014942155000000021
0.01499498500000002
0.01499498500000002
0.01499498500000002
0.01501617500000002
0.015041680000000019
0.015041680000000019
0.015064125000000018
0.015095990000000017
0.01511619500000002
0.015116365000000019
0.015155895000000018
0.01521707000000002
0.015255625000000017
0.015287180000000017
0.015294420000000017
0.015294420000000017
0.015321270000000015
0.015333290000000015
0.015414505000000016
0.015504185000000014
0.015600820000000013
0.015655020000000016
0.015670165000000014
0.015687800000000012
0.015810135000000013
0.015845825000000018
0.015911420000000013
0.015920455000000014
0.015956195000000017
0.015956195000000017
0.015970590000000017
0.015998485000000014
0.016013930000000013
0.016013930000000013
0.01603951500000001
0.01603951500000001
0.01610036000000001
0.01615647000000002
0.01617399000000002
0.01617399000000002
0.01620050000000002
0.016214705000000017
0.016227800000000018
0.016236820000000016
0.01633109000000002
0.016341285000000018
0.016341285000000018
0.01642498500000002
0.01644886000000002
0.016563915000000026
0.016643815000000017
0.016709415000000023
0.016814555000000023
0.016814555000000023
0.01682680500000002
0.01682680500000002
0.01682680500000002
0.01690501000000002
0.016958690000000023
0.016958690000000023
0.01697063000000002
0.01697063000000002
0.01697063000000002
0.017001850000000023
0.017016035000000023
0.01702592500000002
0.01704110000000002
0.017054810000000024
0.017130460000000024
0.01718800000000002
0.01720007000000002
0.017336100000000017
0.017336100000000017
0.017347000000000015
0.017347000000000015
0.017347555000000014
0.017447425000000013
0.017458330000000015
0.01748620500000001
0.017486300000000014
0.01752207500000001
0.017630345000000006
0.017714825000000003
0.017735555000000004
0.017757120000000005
0.017810035000000005
0.017817760000000005
0.017827775000000008
0.017827775000000008
0.017946580000000004
0.017965190000000002
0.017965190000000002
0.018008095000000005
0.018043075000000006
0.018058430000000004
0.018068720000000007
0.018079025000000006
0.018130155
0.018130155
0.018159574999999997
0.018159574999999997
0.018173104999999995
0.018230624999999997
0.018260599999999995
0.018440939999999992
0.018440939999999992
0.018453769999999994
0.018491439999999998
0.018606525
0.018618425
0.018618425
0.018618425
0.018618425
0.018650830000000007
0.01867942500000001
0.01867942500000001
0.018766625000000006
0.01880073000000001
0.018839650000000013
0.018850660000000012
0.01895292000000001
0.018968075000000008
0.019001615000000006
0.019049160000000013
0.019090660000000016
0.019128610000000018
0.01915509500000002
0.01915509500000002
0.01916659000000002
0.01916659000000002
0.01925328500000002
0.01925328500000002
0.01931057000000002
0.01933329000000002
0.019359055000000017
0.019395520000000017
0.019486890000000017
0.019486890000000017
0.019507165000000014
0.01956636500000002
0.019596090000000017
0.019608480000000015
0.019624225000000016
0.019624225000000016
0.019660840000000016
0.019709235000000012
0.019764265000000017
0.019764265000000017
0.020176315000000018
0.020291205000000024
0.02041501000000002
0.020430065000000018
0.020430065000000018
0.020452845000000018
0.020452845000000018
0.02048715000000002
0.02053340500000002
0.020572150000000018
0.020599885000000026
0.02078937000000002
0.020865825000000022
0.020887720000000023
0.020900290000000026
0.020921355000000023
0.020943650000000022
0.020943650000000022
0.020962395000000023
0.021010180000000028
0.02105183500000003
0.02106623500000003
0.02109140500000003
0.021144770000000025
0.021144770000000025
0.021209030000000025
0.021250480000000023
0.021269215000000022
0.02129914500000002
0.02137313000000002
0.02137313000000002
0.02137313000000002
0.021481015000000016
0.02153516500000002
0.021558600000000018
0.021690800000000014
0.021750650000000007
0.02176073000000001
0.021771510000000008
0.021788895000000006
0.021788895000000006
0.02185668500000001
0.02185668500000001
0.02187129500000001
0.02205655500000001
0.02215506
0.022233480000000007
0.022260600000000005
0.022260600000000005
0.022365065
0.022651875
0.02267839
0.02267839
0.022690170000000003
0.022695365000000002
0.022716280000000005
0.022716280000000005
0.022752200000000007
0.02281402500000001
0.02298822500000001
0.023033565000000006
0.023099360000000006
0.023099360000000006
0.02313842000000001
0.023181075000000006
0.023392460000000007
0.023466605000000012
0.023530270000000013
0.023560175000000013
0.02359634000000001
0.02361737500000001
0.023650630000000006
0.023680870000000007
0.023680870000000007
0.02373048500000001
0.023761850000000008
0.02377849500000001
0.02377849500000001
0.02379475000000001
0.023807085000000013
0.02385257000000001
0.02385257000000001
0.023888390000000013
0.02392676000000001
0.023963330000000005
0.024005285000000005
0.024016895000000007
0.024028015000000007
0.024117685000000007
0.024117685000000007
0.024117685000000007
0.024141375000000003
0.024167520000000005
0.024252105000000003
0.024252105000000003
0.024265925000000008
0.024282230000000005
0.02435558000000001
0.024363555000000005
0.024363555000000005
0.02439683
0.024435540000000002
0.024460080000000002
0.024504594999999997
0.024548464999999995
0.024570589999999996
0.024599044999999996
0.024650094999999997
0.024673854999999998
0.024699735
0.024699735
0.024783995
0.024783995
0.024783995
0.024799825
0.024886280000000004
0.024913425000000003
0.02495411
0.024969335000000002
0.024969335000000002
0.024991845
0.024991845
0.02505115
0.025081835
0.025081835
0.025109214999999997
0.025234334999999997
0.025234334999999997
0.025283540000000004
0.02531583
0.025395705
0.025395705
0.025430649999999996
0.025473020000000002
0.025473020000000002
0.025493485000000003
0.025503100000000004
0.025585425000000002
0.025625444999999997
0.02572517999999999
0.025738014999999993
0.025755444999999995
0.025755444999999995
0.025766084999999998
0.02614443999999999
0.026201279999999987
0.026328539999999987
0.026338039999999986
0.026371819999999987
0.026385354999999985
0.026390979999999984
0.026430734999999983
0.026453624999999984
0.02649803999999998
0.02652240499999998
0.026536454999999983
0.026536454999999983
0.026592459999999984
0.026592459999999984
0.026592459999999984
0.026622314999999983
0.026734989999999983
0.026734989999999983
0.02675900999999998
0.02681007499999998
0.026863084999999978
0.026893404999999978
0.026920409999999978
0.026982409999999978
0.026996344999999977
0.027053704999999973
0.027071714999999972
0.027090389999999975
0.027151439999999975
0.027161559999999977
0.027180584999999976
0.027180584999999976
0.027190264999999974
0.027203224999999973
0.027224864999999973
0.027348974999999973
0.027356019999999977
0.027393124999999977
0.027512579999999974
0.027546834999999978
0.027664014999999976
0.027740724999999977
0.027755374999999978
0.027755374999999978
0.02790666499999998
0.027938574999999976
0.028118404999999975
0.028118404999999975
0.028152664999999973
0.02840194499999997
0.02843798499999997
0.028457819999999974
0.02847697499999997
0.02851371999999997
0.02854577499999997
0.02861361999999997
0.028639354999999974
0.028655909999999975
0.028688374999999967
0.02870378999999997
0.02876078499999997
0.02876078499999997
0.02876078499999997
0.02882361999999997
0.028844579999999967
0.028884594999999968
0.02891805499999997
0.029117939999999974
0.029131904999999975
0.029163239999999972
0.02920971499999997
0.029280499999999966
0.02932548999999997
0.029379189999999968
0.029390784999999968
0.029507244999999974
0.02991462499999997
0.029997324999999967
0.030028969999999964
0.030050984999999964
0.030073164999999964
0.030084099999999964
0.030170174999999962
0.03028159999999996
0.03028159999999996
0.03038957999999996
0.030436829999999956
0.030453659999999955
0.030483804999999954
0.030504334999999955
0.030536569999999954
0.030586379999999955
0.030597479999999958
0.030622234999999956
0.030622234999999956
0.030622234999999956
0.030655034999999956
0.030675474999999952
0.030713399999999953
0.030753124999999954
0.031194969999999954
0.03122437499999996
0.03127115499999996
0.03128454999999996
0.03128454999999996
0.03131915499999996
0.03134559999999996
0.03149254499999996
0.031586849999999965
0.031586849999999965
0.03161847999999996
0.03164147499999997
0.031760004999999966
0.03178997999999997
0.03181333499999996
0.03183521499999997
0.03183521499999997
0.03194752999999997
0.03194752999999997
0.03196927999999997
0.031984399999999975
0.03205829999999998
0.03207101499999998
0.032122069999999975
0.03212735999999997
0.032148739999999974
0.032259729999999986
0.03230180499999998
0.03236953499999997
0.03244106499999996
0.032477484999999966
0.03259988499999996
0.03259988499999996
0.032644394999999944
0.03267710999999995
0.03267710999999995
0.03312398999999995
0.03316296999999995
0.03321612999999994
0.03324654499999995
0.03332509499999995
0.03342088499999995
0.03346250499999994
0.03346574999999994
0.03349672999999994
0.03350708999999995
0.03351427499999995
0.03352490499999995
0.03352490499999995
0.03352490499999995
0.033584444999999956
0.03360173499999995
0.033631244999999955
0.03370745999999995
0.03385069499999996
0.03387834999999996
0.03390678999999996
0.03391743999999996
0.03391743999999996
0.03395351999999995
0.03430581999999996
0.03435782499999995
0.03435782499999995
0.034383579999999955
0.03441408999999996
0.03444531999999995
0.03453341499999995
0.03466623499999994
0.034716139999999944
0.034765754999999954
0.034791169999999955
0.03484911499999996
0.035066754999999956
0.03508381499999996
0.035122079999999965
0.03519937999999997
0.035242199999999974
0.03526702999999997
0.03526702999999997
0.03527378499999997
0.03527378499999997
0.03531054999999997
0.035361304999999975
0.03539506499999997
0.03539506499999997
0.035452424999999954
0.035482609999999956
0.03552542499999996
0.03552542499999996
0.035535499999999956
0.035593609999999956
0.03571878999999995
0.035846404999999956
0.035871969999999954
0.03592290499999995
0.03592290499999995
0.035947109999999956
0.03614334999999995
0.036329504999999956
0.03673758499999996
0.03721993999999996
0.03723606999999996
0.03732082499999996
0.03732082499999996
0.03734755499999997
0.037410449999999984
0.03745263999999998
0.03745263999999998
0.03750298499999998
0.03754803499999998
0.03756275999999998
0.03758428999999998
0.03772735999999998
0.03772735999999998
0.03772735999999998
0.037731239999999985
0.03775231499999999
0.037780599999999984
0.03780155499999999
0.03790461999999999
0.03790461999999999
0.03790461999999999
0.03793409999999999
0.03807951499999999
0.03810257999999998
0.03811587999999998
0.038150609999999974
0.038409169999999965
0.03841838499999997
0.038433104999999974
0.03845571999999997
0.038524699999999974
0.03855168999999997
0.03857379999999997
0.038616559999999966
0.038616559999999966
0.03863035999999997
0.03873653499999997
0.03876651999999997
0.03876651999999997
0.038784414999999975
0.038828989999999966
0.03885920999999997
0.03888856499999997
0.03891752999999997
0.03897830499999997
0.03902908499999996
0.03902908499999996
0.039040574999999966
0.03907297499999997
0.03907297499999997
0.03908908499999997
0.03914111499999996
0.03917000499999996
0.03917000499999996
0.03920760499999996
0.039218759999999964
0.03923383499999995
0.03926202499999996
0.039321049999999955
0.039380874999999954
0.039468029999999946
0.03950969499999994
0.03966259999999996
0.03966349499999995
0.03968692499999995
0.03972618499999995
0.03972618499999995
0.03975835999999994
0.03980621499999994
0.039843279999999946
0.039946599999999936
0.03997038999999994
0.03998900499999993
0.040071334999999944
0.04008504999999994
0.04014500499999994
0.04016741499999994
0.04020171499999994
0.04025844999999994
0.040366789999999944
0.040431254999999944
0.04043813999999994
0.040481404999999936
0.04050510499999994
0.04053886999999994
0.04069261499999994
0.04073317999999994
0.04075730999999994
0.04078654499999994
0.04078654499999994
0.04079815999999994
0.04079815999999994
0.04079815999999994
0.04079815999999994
0.04083948499999994
0.04085369499999994
0.040873729999999935
0.04098626999999994
0.041086474999999935
0.04134876999999994
0.04138321499999994
0.04138321499999994
0.04139626499999994
0.041428029999999935
0.04143854499999993
0.04145223999999993
0.04148567499999994
0.04150221999999994
0.041538189999999926
0.04153941999999993
0.04156859499999993
0.041801059999999925
0.04187281499999993
0.041907389999999926
0.04191754999999993
0.041932204999999924
0.04197953499999993
0.042040859999999916
0.04212175999999992
0.04213497499999992
0.04215990999999991
0.042245619999999914
0.04240589999999992
0.04243129499999991
0.042463674999999916
0.042472284999999915
0.0425285649999999
0.042549554999999906
0.042549554999999906
0.0425692349999999
0.042593654999999904
0.043064029999999906
0.0433104499999999
0.0433370099999999
0.043386584999999894
0.0434228299999999
0.043466799999999896
0.043477479999999895
0.0435369049999999
0.0435369049999999
0.0435369049999999
0.043611334999999904
0.04368948999999991
0.04383130499999992
0.04388925999999992
0.04395405999999992
0.04399558499999992
0.04405861499999992
0.04406948999999992
0.044083659999999913
0.04409560999999992
0.04413811999999991
0.04418634499999991
0.04418634499999991
0.044233774999999906
0.044233774999999906
0.044409074999999916
0.04452699499999991
0.0445751299999999
0.0446249799999999
0.04469127999999988
0.04483613999999987
0.04483613999999987
0.04488363499999988
0.044959849999999885
0.04499567999999988
0.04523411999999988
0.045249259999999875
0.04527220499999987
0.045295029999999875
0.04541405499999987
0.04545090499999987
0.04546591499999988
0.04549798499999987
0.04551322999999987
0.04551322999999987
0.04566636999999987
0.045753684999999884
0.04581953499999989
0.04597376999999989
0.04600674999999989
0.0460418899999999
0.04606811999999989
0.046109444999999895
0.04612922999999989
0.04617604999999989
0.0462203299999999
0.046236379999999896
0.0462495849999999
0.0463405599999999
0.0464877699999999
0.0465713249999999
0.0465945499999999
0.0466165799999999
0.0466165799999999
0.0466492649999999
0.04696297499999991
0.04696297499999991
0.04696297499999991
0.047061574999999904
0.04717313499999991
0.04725668499999991
0.047309099999999916
0.047309099999999916
0.04732351999999992
0.04740966999999992
0.047532604999999915
0.04758978499999991
0.047605214999999916
0.04765975999999992
0.047735804999999916
0.047820879999999906
0.0478504049999999
0.0478655049999999
0.0478915149999999
0.0479072599999999
0.0479072599999999
0.047966584999999895
0.0479961199999999
0.0480407199999999
0.0480647849999999
0.0480860099999999
0.048251479999999895
0.0482875049999999
0.0482875049999999
0.048329694999999895
0.048329694999999895
0.0483536949999999
0.0483796799999999
0.0483796799999999
0.048438889999999894
0.048438889999999894
0.04849801499999989
0.04853284999999989
0.048573989999999886
0.04858505999999989
0.0486719749999999
0.0486985499999999
0.04874561499999991
0.0487942099999999
0.048832389999999906
0.04886783499999991
0.04886783499999991
0.048922999999999904
0.048922999999999904
0.048922999999999904
0.0489733499999999
0.049024994999999905
0.049066204999999904
0.0491419999999999
0.0494448149999999
0.04952217999999991
0.0495384149999999
0.0495384149999999
0.049590779999999904
0.049624134999999896
0.049768559999999906
0.04978281999999991
0.04979641499999991
0.049828299999999916
0.04986334499999992
0.049955489999999915
0.04996381499999991
0.05005454999999992
0.050091859999999926
0.050105779999999926
0.05013907999999992
0.05023407499999993
0.05029718499999992
0.05033740999999992
0.05040371999999992
0.05044288499999992
0.050460509999999924
0.050460509999999924
0.05049882499999993
0.05051653499999992
0.050542199999999926
0.05057453499999993
0.05077257999999993
0.05086857499999993
0.05090041499999993
0.05098773999999993
0.05102064499999993
0.05104462499999992
0.05107858999999991
0.05107858999999991
0.05110192499999991
0.051119094999999906
0.05113099999999991
0.05121281499999992
0.05121281499999992
0.05122516999999992
0.05122516999999992
0.05126562499999992
0.051308579999999916
0.05132785999999991
0.051485139999999915
0.05150142499999991
0.051680674999999905
0.05180174499999991
0.0518252699999999
0.0518252699999999
0.0518252699999999
0.05184004999999991
0.05187627999999991
0.05197828499999991
0.052014229999999904
0.0520794249999999
0.052282919999999906
0.05230504999999991
0.05232899499999991
0.0524589999999999
0.05270031999999991
0.052805244999999904
0.052828254999999914
0.05286094499999991
0.053139824999999904
0.05322803999999989
0.053249099999999897
0.053309889999999895
0.0533221199999999
0.0533221199999999
0.05338816999999989
0.05361608499999989
0.05371335499999989
0.0538775899999999
0.0538775899999999
0.0538775899999999
0.05391782499999989
0.0539590999999999
0.0540770949999999
0.05424553999999991
0.054259574999999914
0.05442354999999991
0.05451335999999991
0.054544884999999904
0.054605829999999904
0.054675654999999906
0.054689474999999904
0.05472036499999992
0.054914844999999914
0.05496425999999992
0.05497783999999992
0.05507031499999991
0.0551172899999999
0.05517042499999991
0.0553564049999999
0.055389314999999904
0.0555227649999999
0.0555296799999999
0.055582669999999904
0.0556073849999999
0.055641534999999916
0.05567882499999991
0.055768104999999915
0.05582331999999991
0.05589588999999991
0.055958394999999925
0.05597922999999992
0.055990364999999924
0.05610991999999994
0.05616504499999994
0.056180209999999946
0.05625925999999994
0.056372199999999935
0.05639082999999994
0.05677999499999994
0.05680282999999993
0.05687002499999994
0.05693439999999994
0.05698405999999994
0.057040624999999935
0.05711987999999992
0.05717141999999992
0.057213649999999915
0.05725760499999993
0.05728059999999993
0.05729280499999993
0.05741743999999993
0.057482899999999934
0.05750911499999994
0.05752784999999994
0.05757448499999994
0.05757448499999994
0.05760810999999994
0.05760810999999994
0.05762274999999994
0.05763684499999994
0.05765739499999994
0.05780050499999993
0.05784779999999992
0.057858864999999926
0.05787475999999992
0.057923254999999924
0.057976999999999924
0.05805082499999993
0.05806983499999993
0.058103859999999924
0.05812036999999992
0.05836341999999993
0.05842045499999993
0.05849989499999993
0.058548154999999914
0.058548154999999914
0.058562854999999914
0.058562854999999914
0.058586109999999914
0.05866349499999992
0.05874932499999993
0.05879605999999993
0.058847279999999925
0.058923344999999926
0.05893907999999993
0.058965199999999926
0.05902083999999993
0.059160224999999934
0.05921096999999993
0.05922984999999994
0.05933657499999993
0.05941362499999995
0.05951671499999994
0.05953817999999994
0.059623094999999945
0.059623094999999945
0.05967112999999994
0.05971846499999994
0.059867309999999944
0.05990960999999995
0.06005851499999995
0.06007739999999995
0.060098229999999954
0.06017056999999996
0.06019338499999995
0.060239514999999945
0.06026507999999996
0.060332054999999954
0.06036460999999996
0.06040300999999995
0.06042114499999995
0.06043346499999995
0.06053996499999994
0.06053996499999994
0.06058543499999993
0.06059704499999993
0.06068095499999993
0.06069801499999993
0.06089808499999992
0.060934754999999924
0.060960694999999926
0.06104758499999993
0.06114389999999994
0.06118064499999994
0.06122537999999995
0.061309984999999935
0.06132333499999994
0.06159087499999994
0.061844234999999935
0.061844234999999935
0.06189388999999994
0.06193816999999994
0.06196387499999994
0.06204275999999994
0.062071459999999946
0.06259264499999993
0.06260393999999993
0.06265443499999993
0.06279257499999992
0.06280424499999993
0.06293671499999993
0.06305175499999992
0.06308012999999993
0.06316338499999993
0.06317941999999993
0.06356807499999993
0.06362857499999994
0.06371755999999994
0.06371755999999994
0.06378714999999995
0.06386218499999995
0.06391851499999994
0.06398831499999996
0.06403235499999997
0.06403235499999997
0.06406169999999997
0.06412568999999996
0.06413660999999996
0.06419041999999996
0.06421610999999997
0.06426274499999997
0.06478104999999998
0.06478104999999998
0.06500528499999997
0.06514616499999998
0.06545612499999998
0.06547746999999997
0.06570433499999999
0.06585365499999997
0.06585365499999997
0.06589840999999998
0.06594774999999996
0.06598726999999996
0.06604472499999994
0.06615044499999992
0.06620971499999993
0.06622997999999992
0.06629564499999992
0.06631019999999993
0.06632559999999993
0.06632559999999993
0.06633285499999993
0.06634638499999991
0.06637242999999993
0.06640355999999992
0.06640355999999992
0.06641803499999992
0.06645297499999993
0.06655921999999993
0.06665147499999993
0.06666307499999992
0.06672421499999992
0.06675081999999992
0.06684525999999993
0.06705793999999993
0.06717801499999992
0.06724759999999992
0.06727748999999991
0.0673777299999999
0.0673777299999999
0.06739879499999991
0.06739879499999991
0.06745842499999992
0.06746952999999992
0.06748178499999992
0.06753046999999993
0.06754559499999992
0.06758778999999993
0.06765767499999994
0.06769624999999993
0.06772770999999993
0.06778833999999993
0.06778833999999993
0.06782717499999995
0.06783718999999995
0.06789606999999993
0.06789606999999993
0.06792155999999992
0.06796270499999993
0.06802830999999994
0.06808030999999994
0.06824531999999993
0.06838924999999996
0.06843812999999996
0.06852678499999995
0.06854803499999995
0.06859832499999996
0.06860829999999994
0.06860829999999994
0.06865836999999997
0.06870936499999997
0.06873071999999997
0.06886162499999995
0.06900632499999997
0.06902753999999996
0.06913004499999996
0.06925610499999994
0.0696710799999999
0.0697263099999999
0.06972691499999989
0.06977758999999989
0.06978658499999989
0.06983462999999988
0.06985579999999988
0.0698566199999999
0.0699660899999999
0.07004988999999992
0.07008092999999993
0.07018350499999991
0.07042818999999989
0.07042818999999989
0.07047374999999989
0.07051339499999991
0.0705497749999999
0.07058418999999991
0.0706043799999999
0.0706188149999999
0.07064140999999989
0.0708489399999999
0.07097540999999989
0.07114657499999989
0.07118175999999991
0.0712661299999999
0.07132706999999992
0.07133923999999991
0.07135291499999992
0.07135291499999992
0.07155593999999993
0.07166253499999993
0.07175468999999993
0.07175468999999993
0.07176646999999993
0.07186385499999991
0.0719220799999999
0.0719220799999999
0.0719560849999999
0.0719560849999999
0.0719678499999999
0.07198336499999991
0.07201014499999991
0.07207308999999991
0.07207308999999991
0.0721431499999999
0.0721601149999999
0.0722435299999999
0.0723053249999999
0.07237235499999992
0.0725322099999999
0.0725867299999999
0.0725867299999999
0.07265434499999991
0.07268253499999991
0.07268253499999991
0.07270425499999991
0.07276171999999993
0.07276171999999993
0.07278565499999992
0.0728439299999999
0.0729510299999999
0.0729626149999999
0.0729626149999999
0.0730472549999999
0.07307005499999991
0.07307005499999991
0.07327588499999989
0.07333542499999988
0.0735108899999999
0.07354118499999988
0.07358802499999988
0.07358802499999988
0.07363377999999988
0.0736846549999999
0.07370610499999991
0.07372660999999991
0.07399164499999993
0.07409777499999994
0.07409777499999994
0.07417379499999996
0.07424777999999996
0.07431555999999996
0.07433057999999997
0.07436633499999996
0.07442086499999996
0.07449394499999995
0.07453501999999997
0.07461281999999995
0.07471335499999997
0.07478357499999998
0.07478357499999998
0.07480002499999998
0.07480002499999998
0.07483585
0.07493252000000002
0.07539283500000002
0.07540284500000001
0.07546843000000003
0.07561855000000005
0.07565198000000004
0.07569711000000004
0.07569711000000004
0.07577437000000006
0.07602699500000004
0.07609941000000003
0.07615716000000004
0.07622557000000005
0.07623777000000005
0.07640810500000005
0.07645254000000004
0.07649448500000004
0.07667473000000005
0.07674698500000005
0.07680630500000003
0.07702465500000004
0.07705220000000003
0.07707263000000002
0.07710650500000005
0.07710650500000005
0.07714020500000003
0.07778157000000008
0.07781388000000007
0.07790829000000006
0.07796432000000007
0.07801715500000009
0.0782180700000001
0.07827809000000009
0.07834303000000012
0.07839233500000012
0.0785127200000001
0.0785811200000001
0.0787445500000001
0.07877065500000009
0.0788529300000001
0.0788901900000001
0.07891860500000009
0.07894128000000009
0.0789719550000001
0.07903383500000011
0.0790660150000001
0.07912426000000011
0.0791932200000001
0.0792579050000001
0.0792579050000001
0.07934770000000013
0.07938861500000012
0.07942202000000012
0.07956178500000013
0.07960907000000012
0.07967584000000012
0.07970803000000011
0.07977956500000011
0.0798925000000001
0.0799428650000001
0.0799671050000001
0.08007958500000008
0.08012766500000008
0.08014001000000008
0.08020195000000006
0.08021841500000007
0.08029178000000008
0.08041800000000006
0.08048997500000006
0.08049332000000005
0.08052850500000004
0.08062306000000002
0.08065870500000002
0.08077508500000004
0.08079679000000003
0.08085104500000002
0.08096236500000004
0.08107883500000004
0.08112663000000003
0.08113692000000003
0.08116230500000002
0.08131889
0.08134122000000002
0.08137542000000002
0.08144445500000001
0.08146372500000001
0.08154874000000001
0.08162285000000001
0.08162285000000001
0.08182039
0.08187181500000001
0.08191407000000002
0.082090325
0.08213495
0.082155185
0.082258695
0.08227428
0.08244003000000001
0.082473905
0.082511555
0.08263106000000002
0.08287027500000003
0.08292606500000003
0.08294051000000005
0.08299545000000005
0.08299545000000005
0.08306789000000003
0.08322894000000004
0.08326028000000003
0.08330312000000004
0.083356595
0.08340083999999999
0.08347349499999998
0.08352428999999997
0.08358226499999998
0.08368545999999998
0.08375199499999997
0.08382331499999997
0.08382331499999997
0.08388959499999997
0.08391712499999995
0.08401475999999997
0.08406554999999996
0.08415303499999995
0.08418837499999993
0.08420054499999992
0.08426431499999992
0.08436817499999992
0.08438618499999992
0.08448742499999994
0.08449959999999994
0.08454417999999993
0.08461767999999992
0.08467648999999991
0.08468938999999992
0.08473950499999992
0.08477042999999992
0.08481095999999992
0.08495059999999992
0.08495059999999992
0.08504185999999994
0.08509339499999993
0.08550349499999992
0.08551417499999994
0.08557049999999992
0.08568050499999992
0.08572391999999993
0.0857496749999999
0.08580737499999991
0.08617192999999994
0.0862718999999999
0.0862882899999999
0.0863202199999999
0.08633257499999991
0.08636715999999992
0.08638064499999992
0.0864200199999999
0.0865595449999999
0.0865917449999999
0.0866222799999999
0.08663794999999991
0.08682091999999991
0.08689852999999992
0.08691428499999992
0.08698792499999994
0.08701379499999995
0.08707683499999995
0.08711300499999995
0.08729042499999996
0.08729042499999996
0.08732024499999996
0.08742012499999999
0.08747422999999999
0.08757184999999998
0.08759578999999999
0.08760610999999999
0.08767333999999996
0.08768435999999998
0.08769694999999997
0.08779022
0.087829675
0.08789333499999999
0.08813168
0.08820138500000001
0.08824385
0.08839700499999999
0.088479305
0.08855072499999998
0.088697885
0.088788075
0.08889275499999998
0.08903449499999998
0.08946246499999998
0.08950587499999998
0.08956882999999996
0.08960708499999998
0.08960708499999998
0.08964049999999997
0.08969635499999996
0.08979882499999997
0.08985742499999996
0.09018954999999997
0.09025509999999995
0.09042957499999996
0.09046354499999995
0.09050152499999994
0.09063822499999995
0.09063822499999995
0.09105062999999994
0.09117972499999995
0.09123569499999995
0.09138735999999996
0.09149760499999995
0.09155017499999994
0.09160668999999994
0.09162904499999992
0.09166813499999991
0.09169061999999994
0.09178511999999993
0.09184361999999993
0.09188426999999993
0.09190846499999994
0.09201671999999994
0.09202768499999993
0.09211543499999995
0.09216998499999997
0.09228444499999998
0.09232841999999998
0.09241053499999999
0.09245596999999998
0.09256787499999998
0.09260927999999999
0.09266432
0.09268832499999999
0.09268832499999999
0.09277185499999999
0.0927905
0.09290492499999999
0.09290492499999999
0.09299618999999999
0.09301969500000001
0.09303206500000001
0.09305401
0.09311696000000004
0.09313658000000002
0.09320846000000002
0.09324806000000002
0.09342468000000002
0.09346654500000003
0.09349692000000003
0.09352645000000004
0.09360451000000004
0.09374393500000007
0.09383218000000006
0.09386643500000005
0.09393876500000005
0.09393876500000005
0.09413178500000006
0.09413178500000006
0.09422325000000006
0.09423353000000007
0.09454655000000006
0.09458191500000007
0.09462858000000007
0.09463909500000009
0.09476904000000007
0.09483008500000009
0.09488470500000008
0.09496015000000009
0.09501026000000007
0.09510558000000006
0.09519533000000006
0.09525218000000006
0.09527729500000007
0.09529919500000007
0.09592236000000003
0.09598780000000003
0.09612519500000002
0.09626913500000003
0.09628389000000002
0.09633002000000002
0.09648148000000004
0.09654743000000002
0.09656014000000002
0.09663304000000002
0.09664480000000003
0.09673240500000004
0.09675755000000003
0.09682102000000004
0.09693170000000004
0.09695255000000003
0.09696773000000003
0.09702855500000006
0.09709979500000003
0.09719813000000004
0.09721764000000004
0.09726607000000004
0.09726607000000004
0.09726607000000004
0.09733749500000005
0.09733749500000005
0.09742519500000005
0.09756609000000006
0.09758989000000007
0.09766172000000008
0.09772883000000006
0.09777195500000006
0.09783960500000007
0.09788500000000006
0.09794481500000006
0.09797710500000006
0.09834665000000009
0.09845878000000009
0.09881326000000008
0.09881326000000008
0.09883368500000009
0.0991817550000001
0.09923391500000013
0.09930135000000011
0.09930135000000011
0.09931234000000012
0.09942705500000011
0.09946698000000011
0.0995006350000001
0.0995221950000001
0.0995515650000001
0.0995871900000001
0.09963492500000011
0.09970230000000012
0.09980545500000013
0.09987693500000011
0.09993642000000011
0.09998776000000012
0.10002945500000011
0.1000762250000001
0.1001102950000001
0.10018537500000009
0.10036886500000013
0.10044143000000012
0.10069144000000012
0.10070231000000013
0.10083939500000015
0.10089029000000016
0.10099218000000017
0.10107192500000016
0.10118112000000017
0.10119056500000016
0.10123457500000016
0.10124791500000017
0.10129765000000017
0.10132977000000018
0.10135838000000018
0.1013749500000002
0.10142787500000021
0.10142787500000021
0.10157951500000022
0.1016369100000002
0.1016469400000002
0.10186623000000018
0.10191961500000017
0.10210202000000018
0.10222484500000016
0.10223587500000017
0.10225015500000016
0.10230231000000016
0.10232294500000017
0.10263036500000017
0.10264759500000016
0.10287020500000017
0.10288070500000018
0.10297159000000017
0.10298155000000017
0.10305949000000017
0.10308554000000018
0.1030974350000002
0.10338428000000016
0.10341515500000018
0.10351447000000018
0.10356274500000019
0.1036807450000002
0.10376347000000019
0.1037924200000002
0.10403320000000019
0.1040562950000002
0.10418964500000019
0.10422032000000019
0.10426935500000019
0.1043819250000002
0.1046580000000002
0.10478919000000018
0.10494709000000019
0.10498893500000019
0.10504861500000018
0.1051789350000002
0.1052320600000002
0.10525827500000019
0.1052940750000002
0.10538187000000017
0.10551270000000017
0.10555255000000016
0.10561932000000018
0.10566973000000018
0.10566973000000018
0.10566973000000018
0.10571986500000018
0.1060270950000002
0.10615250500000015
0.10619317500000015
0.10620515500000016
0.10631984500000016
0.10631984500000016
0.10634172000000015
0.10651370000000013
0.10663323000000013
0.10666489000000015
0.10668865000000016
0.10669806000000016
0.10670768500000016
0.10672045000000017
0.10682957000000018
0.10695303000000017
0.10703808000000017
0.10711359500000019
0.1072470750000002
0.10733624000000022
0.10740536500000018
0.1074816650000002
0.10751029000000019
0.10752325500000019
0.10761417000000019
0.1080384650000002
0.10805855500000018
0.10812774000000017
0.10815056000000017
0.10820964000000019
0.10823494500000018
0.10830742500000018
0.10838500000000018
0.10848778000000017
0.10852198000000018
0.10891341500000017
0.10891341500000017
0.10912831500000018
0.10918246000000019
0.10920845000000019
0.10939984000000019
0.10950882000000021
0.10957107500000021
0.1096642600000002
0.10970487000000022
0.10974650000000019
0.10982148500000019
0.10992849500000018
0.11004925000000017
0.11012891500000017
0.11035404000000017
0.11040004500000018
0.11044877500000018
0.11045944500000017
0.11049216000000019
0.11050520000000019
0.1105175050000002
0.11056201000000018
0.11059447500000019
0.1106364350000002
0.1106667650000002
0.1106785100000002
0.1108105600000002
0.1108508450000002
0.1108774150000002
0.11100980000000023
0.11122351000000022
0.11134483000000021
0.11157173500000023
0.11173154000000025
0.11176829000000023
0.1118417100000002
0.1118417100000002
0.11206093000000018
0.11217668500000018
0.11222335000000017
0.11224212500000018
0.11250848500000017
0.11252077500000018
0.11260596500000015
0.11277301000000015
0.11285748000000013
0.11291893000000011
0.11298071000000011
0.11304256000000011
0.11312960500000009
0.11319006500000009
0.11324840000000008
0.11329615500000009
0.11333092500000008
0.1133423650000001
0.1133615150000001
0.11339431000000011
0.11369144000000009
0.1140825850000001
0.11423445000000007
0.11427876500000006
0.11440938000000007
0.11448426500000011
0.1145049150000001
0.11467030500000013
0.11470958000000012
0.11473305000000011
0.11481585000000011
0.11488626000000011
0.11492254000000013
0.11498481000000013
0.11519559000000013
0.11524952000000012
0.11528994000000012
0.11530132500000011
0.11535103500000012
0.1153768350000001
0.11540512000000011
0.1154658350000001
0.11548700000000009
0.11566428500000007
0.11570238000000006
0.11576475000000008
0.11581225000000007
0.11604659000000009
0.1162580800000001
0.1163441400000001
0.11638925000000008
0.1164149700000001
0.11661619000000008
0.11703490000000008
0.11711622000000009
0.11713937500000009
0.1172478250000001
0.1173244800000001
0.1174438550000001
0.1174438550000001
0.11753134000000007
0.11757926000000007
0.1176206700000001
0.1177271700000001
0.1177402350000001
0.1178219250000001
0.11792760000000013
0.11811914000000015
0.11819632500000013
0.11821821000000014
0.11824240500000013
0.11857061000000015
0.11871685500000011
0.11875597500000011
0.11877374500000012
0.11892524500000015
0.11900971500000013
0.11921915500000017
0.11929818500000015
0.11934468500000014
0.11940649000000016
0.11951128500000018
0.11971029500000016
0.1197330100000002
0.11987265500000018
0.11994106000000018
0.1200743950000002
0.1200743950000002
0.12024507000000022
0.12035872500000021
0.12044850500000023
0.12045907000000024
0.12052867500000025
0.12059943500000024
0.12069906500000023
0.12075732000000022
0.12078560000000023
0.12081853500000021
0.1209837600000002
0.12100510000000021
0.12132669500000018
0.12134432000000019
0.1213797650000002
0.1213797650000002
0.12151915000000019
0.12157593000000015
0.12164256000000015
0.12170115000000013
0.12172235500000013
0.12178501500000015
0.12183847000000016
0.12197865000000016
0.12201726500000018
0.12214569000000017
0.12215972500000018
0.12215972500000018
0.12224762500000017
0.12226026500000017
0.12230635000000016
0.12235128000000016
0.12241938500000016
0.12259169500000014
0.12273085000000014
0.12279386000000014
0.12283003500000013
0.12289642000000012
0.12305258500000012
0.12308455000000011
0.12314812000000014
0.12323492500000013
0.12323492500000013
0.12332226000000013
0.12333626500000013
0.12341659000000013
0.1235485450000001
0.12356379500000009
0.12361786500000009
0.12383774500000008
0.12393359500000008
0.12398384000000007
0.12398384000000007
0.1240464100000001
0.1240831150000001
0.1243410050000001
0.12443805000000008
0.12448796500000008
0.12449986000000006
0.12457111500000008
0.1246561650000001
0.1247130500000001
0.12474530500000011
0.12507740500000014
0.12550620000000012
0.1255188250000001
0.12557312000000012
0.12562849000000012
0.1256846800000001
0.1257789500000001
0.12579323000000012
0.1259816400000001
0.1260021900000001
0.12642595000000012
0.1267507500000001
0.1267507500000001
0.1267912700000001
0.1268505650000001
0.12702510000000009
0.12715083500000007
0.12721104500000008
0.1272582750000001
0.12730955000000008
0.1275771100000001
0.1275958650000001
0.1276547850000001
0.1277068350000001
0.12779445000000011
0.12789413500000013
0.12799084000000013
0.12818941000000014
0.12832541500000016
0.12834748000000015
0.1285803350000002
0.12881522500000017
0.12881522500000017
0.1288533450000002
0.12887130500000019
0.12889536000000018
0.1289311450000002
0.1289774300000002
0.1290402850000002
0.12910075500000015
0.12917110500000015
0.12925416000000015
0.12925416000000015
0.12930014000000012
0.12936283500000012
0.1294808700000001
0.12961183000000012
0.1296359250000001
0.1296800400000001
0.13003313000000016
0.1300499000000002
0.13006554000000017
0.13007631000000017
0.13017110500000015
0.13019827500000014
0.13024866000000015
0.13053648000000015
0.13061403500000018
0.13064521500000018
0.1307722600000002
0.1308586250000002
0.13093704000000017
0.1310772800000002
0.13110276000000018
0.13115237500000018
0.13120844500000015
0.13126424000000014
0.13141254500000019
0.13162331000000022
0.1316490000000002
0.13167300500000018
0.1320004950000001
0.13208975500000011
0.13223480000000012
0.1323152750000001
0.1323654300000001
0.13245228500000011
0.13262679500000008
0.13275433500000006
0.1328046300000001
0.13286023000000005
0.13286023000000005
0.13289181000000005
0.1330514
0.13312983999999997
0.13312983999999997
0.13323674999999996
0.133319415
0.13339784500000001
0.13356369
0.13366026
0.133798175
0.13408018499999996
0.13409257999999996
0.13414474999999995
0.13416599499999995
0.13422307999999997
0.13423418999999995
0.13429210499999997
0.13434999499999997
0.13440786999999998
0.13479261499999995
0.13490979999999997
0.13493803999999998
0.135119885
0.135279455
0.13534059499999998
0.135372355
0.13545326
0.13552925999999998
0.13568242500000002
0.13577893
0.13582551500000004
0.13582551500000004
0.135850395
0.13589271000000003
0.13601141999999997
0.13604914999999998
0.13615091999999998
0.13628406499999998
0.1363371
0.13646821499999995
0.13664562499999997
0.13668549
0.136834315
0.13688662
0.13694462
0.13703483500000002
0.13706801000000002
0.137252795
0.13740493500000003
0.13748705500000002
0.13751724500000004
0.137551745
0.13776098000000003
0.13807072500000006
0.13815366000000004
0.13817599500000002
0.13823399500000005
0.13867762500000005
0.13870157000000005
0.13881666500000006
0.13891360500000005
0.13893635500000004
0.13900430500000008
0.1391097350000001
0.13914349500000006
0.13931330500000008
0.1395570000000001
0.13965432500000008
0.13973628000000007
0.13973628000000007
0.13986411000000012
0.13990427000000014
0.1401369350000001
0.14022742000000007
0.14027083000000007
0.14031385500000007
0.14032143000000008
0.1404199200000001
0.14048033500000007
0.14052419000000005
0.14094121500000015
0.14102251000000013
0.14120684000000008
0.1412956800000001
0.14135436000000012
0.14148642500000008
0.1415607100000001
0.1417294550000001
0.1417705350000001
0.14194984500000007
0.14202324500000008
0.14206004500000008
0.14210674500000006
0.14258689500000005
0.14262216500000005
0.1427557950000001
0.14281835500000006
0.14309758000000003
0.14337331500000003
0.14338358
0.14339876000000004
0.14342951500000004
0.14360720000000005
0.14361863500000005
0.14367520500000003
0.143882755
0.14389341000000003
0.14395749500000002
0.14401989000000007
0.14406432500000005
0.14409112500000007
0.14417565500000004
0.14421296
0.144228365
0.14434990499999997
0.14460559499999998
0.14468988499999996
0.14476631499999998
0.14487009
0.14491820000000005
0.1449612
0.14500560500000004
0.14505389000000002
0.14507403
0.14537478500000003
0.14547342000000005
0.14558410500000002
0.14561043000000004
0.14567859500000002
0.14575399500000003
0.14582201500000003
0.14586921
0.14586921
0.14593754
0.14595081000000001
0.14606481
0.146105765
0.14616635499999997
0.14616635499999997
0.14618912499999998
0.14620356999999995
0.14627374499999996
0.14629200999999994
0.14634262499999995
0.14636565499999993
0.14646336499999993
0.14647440499999995
0.14673746499999998
0.14701874
0.14707477
0.14707477
0.14719305
0.14720471000000002
0.14750157499999994
0.14752287499999994
0.14756796999999994
0.14772017999999998
0.14779517499999997
0.14787853999999995
0.14799298499999994
0.14803844999999996
0.14808656999999997
0.14818215499999998
0.148258695
0.14831937
0.14834987000000002
0.14842910500000003
0.14852611000000002
0.148794535
0.14881819500000001
0.148865915
0.149002855
0.14936691000000002
0.14947160499999998
0.14948588999999998
0.14974627499999998
0.14990947499999996
0.14991946499999995
0.14991946499999995
0.15000528999999996
0.15010038499999995
0.15018395999999998
0.15027337999999996
0.15028613499999993
0.15031191999999993
0.15031191999999993
0.15035467499999994
0.15038414499999994
0.1504843949999999
0.15060711499999993
0.15063106499999993
0.15096115999999993
0.15111504999999992
0.15126323999999994
0.1514729
0.15149827
0.15153255499999999
0.15169481499999998
0.15181092
0.151873075
0.15200728500000002
0.152022325
0.15206435500000004
0.15221771500000003
0.15229746
0.15240960999999997
0.15247755
0.15254489999999996
0.15254489999999996
0.15258812999999996
0.15263997499999996
0.15282876499999995
0.15297595499999994
0.15297595499999994
0.15302698499999995
0.15306789499999993
0.15309491499999994
0.15315125999999996
0.153192065
0.15321299
0.15324727
0.15335391
0.15336498
0.15347008499999998
0.15350643
0.15355804500000003
0.15360269
0.153628765
0.153699325
0.15372192
0.15381047
0.15386143500000007
0.15387467000000007
0.15388679000000005
0.15424978000000003
0.15429585000000007
0.1543597000000001
0.15440830500000008
0.1545007950000001
0.1545442600000001
0.15465156500000013
0.1547673650000001
0.15482034500000008
0.15484440500000007
0.15522626500000006
0.15529252000000004
0.15530936500000006
0.15537947000000005
0.15543149000000006
0.15544741500000006
0.15555483500000009
0.15563163500000007
0.15599198500000008
0.1561274150000001
0.15619241500000008
0.15632671500000006
0.15633793500000007
0.1564263950000001
0.1564510600000001
0.15651220500000007
0.15653260000000008
0.15659075500000008
0.15668210000000007
0.15679460500000011
0.1568453200000001
0.15692491000000008
0.1571258050000001
0.1571505300000001
0.1572096350000001
0.15751919000000011
0.1575562650000001
0.15780096000000016
0.15782236000000013
0.1579300500000001
0.15805947500000014
0.15848089000000004
0.15854276500000003
0.15875900000000004
0.15885852500000003
0.15888670000000002
0.15893586000000004
0.15898852000000008
0.1590352850000001
0.1590463850000001
0.15907186000000006
0.15913160500000006
0.15931372000000005
0.15934248000000004
0.15978663999999998
0.15987309
0.159917755
0.16001430999999997
0.16009174499999992
0.16022115999999992
0.1603064049999999
0.16059652999999996
0.16061262499999995
0.16072660499999994
0.16079975999999993
0.16082563999999994
0.16085135499999992
0.16091526499999995
0.16094225499999995
0.16095834499999995
0.161050055
0.16118244999999998
0.16160154
0.161685005
0.16174175500000001
0.16179238999999995
0.16189880499999995
0.16198805999999993
0.1620820299999999
0.1621379249999999
0.1621877649999999
0.16225566499999988
0.16255186999999993
0.16261787999999994
0.16270744499999995
0.16283195999999994
0.16299902499999994
0.16319964499999995
0.163484145
0.16357025499999994
0.16361107
0.16362158499999999
0.16363114499999998
0.16377599999999998
0.16413843999999994
0.16419191999999994
0.16440755499999998
0.164460255
0.1645979
0.16469105000000003
0.16479557500000006
0.16481033000000006
0.16482506500000005
0.16486275000000006
0.164927855
0.16495328000000004
0.16508793000000005
0.16510099000000006
0.16520354000000007
0.1652386650000001
0.1652763650000001
0.1653172900000001
0.16546187500000006
0.1654807050000001
0.1654956750000001
0.16555082500000012
0.1656979800000001
0.1658226700000001
0.16585143500000013
0.1658690900000001
0.16598663500000013
0.16599753500000014
0.16607370000000016
0.16617537500000015
0.16625634000000017
0.16645981500000012
0.16694236000000015
0.16702923000000017
0.16712248500000015
0.16714314500000016
0.16723263000000013
0.16724026000000014
0.16736241000000016
0.16744784000000015
0.16753628500000017
0.16775242500000015
0.16779760000000016
0.16780936000000016
0.16787440000000012
0.16799718500000008
0.1680255450000001
0.16805789500000012
0.16825347500000015
0.16839306000000012
0.1684807850000001
0.1685824900000001
0.16866560500000005
0.16873003500000006
0.16875406500000006
0.16877381000000005
0.16880704000000005
0.16887865000000005
0.16899079500000008
0.16948448500000005
0.16950659
0.16964668000000005
0.16977567500000001
0.16983231
0.169875345
0.16998153999999996
0.17004788
0.17013432
0.17021944
0.17034572
0.17043127000000005
0.170534275
0.17086226999999996
0.17090429499999998
0.17093476999999999
0.17098575
0.17104837999999997
0.171069485
0.17108494
0.1711591
0.17124299999999995
0.17127240499999993
0.17128456499999992
0.17133340999999994
0.17135810999999992
0.17136899499999994
0.17140403999999995
0.17149945499999997
0.17157252499999995
0.17160031499999998
0.17163236999999998
0.17163236999999998
0.17172038
0.17179223999999998
0.171879985
0.17196258000000003
0.17233090500000003
0.17239635500000008
0.1724230800000001
0.17246349000000008
0.17278231000000005
0.17284206000000013
0.1728845500000001
0.17289515000000008
0.17336072000000005
0.17346939000000008
0.17387680500000005
0.17427338000000014
0.17430339500000014
0.17437159000000016
0.17439404500000016
0.17448573000000014
0.17454179500000014
0.17458091000000017
0.17476671000000019
0.1748187350000002
0.1749342750000002
0.1749896550000002
0.17513895000000018
0.17520059500000015
0.17548398000000018
0.17550776500000018
0.1755701550000002
0.1756303700000002
0.17570917000000016
0.17590848500000014
0.17618704500000018
0.1763073100000002
0.17647421500000013
0.17647421500000013
0.17674611500000015
0.17679846500000015
0.17691175500000017
0.1770013050000002
0.17702852500000021
0.17714231000000014
0.17735622000000012
0.17736841500000014
0.17745731000000015
0.17750670500000015
0.17753464000000016
0.17753464000000016
0.17770168500000016
0.17774869000000018
0.17784394000000017
0.17786706500000016
0.17788627500000018
0.17800222500000015
0.17805735000000017
0.1781579100000002
0.17829030500000018
0.1783238650000002
0.17833546500000017
0.17839027000000016
0.1784850300000002
0.17854893000000022
0.17860920000000022
0.17870604500000017
0.17873357000000017
0.17875580500000018
0.17886846500000023
0.17900178000000017
0.17906082000000018
0.17938112500000014
0.17948941000000015
0.17956475000000013
0.17966844000000012
0.17968481000000014
0.17972478500000014
0.17988628500000015
0.17988628500000015
0.18001518000000016
0.18003646000000015
0.18010032500000014
0.1802931150000002
0.1803390300000002
0.18064129500000026
0.18069911500000027
0.18071988000000028
0.1808211750000003
0.18096818000000028
0.18111799500000023
0.18122489000000025
0.18125573000000023
0.1813699650000003
0.1814395350000003
0.18165363500000029
0.18165363500000029
0.18193100500000034
0.18200773000000034
0.18205075000000034
0.18207529500000036
0.18211003500000034
0.18218069500000034
0.18250114500000028
0.18259989000000032
0.18270114000000034
0.18277140500000036
0.18278861500000038
0.18288195500000037
0.18293279000000034
0.18315119000000035
0.18325711000000036
0.18331570500000036
0.18363390000000038
0.18381897000000033
0.1838852600000003
0.18392880500000025
0.18404155000000022
0.1840829150000002
0.1841352850000002
0.18417472500000018
0.18422854500000016
0.18430563000000014
0.1843918500000001
0.18444209000000011
0.18468284000000013
0.1847257100000001
0.18492042000000006
0.1849870100000001
0.18508567000000006
0.18520544500000002
0.18533513000000001
0.18537734500000003
0.18544444500000004
0.18549735
0.18574154
0.18598781499999997
0.18604906
0.18611104
0.18623017
0.18632659499999996
0.18637799999999996
0.18657669999999993
0.18668064499999995
0.18676905999999993
0.18684649999999997
0.18695096499999997
0.18698992499999997
0.187502405
0.18761834000000002
0.18801565000000003
0.18803016000000003
0.18811235000000004
0.18832053500000004
0.18837229000000005
0.188480945
0.188494685
0.18861568
0.18883522000000003
0.18888575000000002
0.18900004
0.18905871000000002
0.189134355
0.18916169500000002
0.18916169500000002
0.189230435
0.18937667
0.18945379
0.18951615000000002
0.18969362000000006
0.18985317500000004
0.18988838500000005
0.1899759000000001
0.19012714500000008
0.19024621000000005
0.19026931500000002
0.19027982500000004
0.19031897500000003
0.19051459499999998
0.19076141499999993
0.19078225499999993
0.19086849499999994
0.1909085899999999
0.19139620499999996
0.19147181999999993
0.19149958499999992
0.19158241999999992
0.1915959899999999
0.19161029499999993
0.1917154299999999
0.1918304099999999
0.19188993999999987
0.19203525999999982
0.19209742499999982
0.1921238849999998
0.1922005099999998
0.19226927999999982
0.1922899849999998
0.19234200499999976
0.19236450499999974
0.19243594999999974
0.19248320999999974
0.1925202299999997
0.1925524849999997
0.19267361499999966
0.19284632999999962
0.19296631499999964
0.1931158549999996
0.1932399199999996
0.1934183049999996
0.19361143499999964
0.1938839299999996
0.1939672799999996
0.1940344849999996
0.19414617499999964
0.19427588499999962
0.19430598499999963
0.1943726949999996
0.19442699499999958
0.1945360849999996
0.19500890999999962
0.19527656499999962
0.19545964999999965
0.19558928499999964
0.19567757499999963
0.1957599299999996
0.1957717199999996
0.19578356499999958
0.19585750499999954
0.19592782999999955
0.19601524499999956
0.19606303499999952
0.19609153999999954
0.19614985499999954
0.19623747499999947
0.19623747499999947
0.19636934999999947
0.1964535649999995
0.19647867999999946
0.19665389999999947
0.19669800499999945
0.1969202399999995
0.1972697249999995
0.19733658499999945
0.19742231499999946
0.19743416499999947
0.19744874999999948
0.19755373999999953
0.19763215499999953
0.1978903999999995
0.1979045949999995
0.1979579149999995
0.1979867399999995
0.19809168999999954
0.19825907999999956
0.19833849999999956
0.19842565499999956
0.1985006749999996
0.19874225999999956
0.19889439499999953
0.1989726949999995
0.1989726949999995
0.1989883599999995
0.19909861499999956
0.19920413499999953
0.19931721499999952
0.19951108999999956
0.19960247999999958
0.19971894999999956
0.19978241499999963
0.19983558999999965
0.20022128499999967
0.20029141499999964
0.20049208999999962
0.20067112499999962
0.2007302199999996
0.20083217999999964
0.20093041999999967
0.20115771999999965
0.20122579999999962
0.20140175499999963
0.2015301949999997
0.20161612499999965
0.20168189499999967
0.20173425499999964
0.20179917999999963
0.20182017499999963
0.20189200499999965
0.20196116999999963
0.20203075999999964
0.20205561999999963
0.20218117999999966
0.2023269699999997
0.20245853499999966
0.20245853499999966
0.20252291499999966
0.20253213499999967
0.2026038099999997
0.20270601999999968
0.20278947499999966
0.20284674499999966
0.20288053499999967
0.20295041499999966
0.20341452499999962
0.2034389149999996
0.20360778999999962
0.20362259999999963
0.20363314999999962
0.20377611499999965
0.20383318499999967
0.20384622499999966
0.20394594999999968
0.20403807499999968
0.20412164999999968
0.2042141749999997
0.20429397499999968
0.20443140499999968
0.2047797499999997
0.2048740049999997
0.2049725399999997
0.2050247349999997
0.20518937999999967
0.20521210499999967
0.2052902599999997
0.20542811999999971
0.20549821999999976
0.20560848999999973
0.20578514499999975
0.20584529499999973
0.20637913499999974
0.20693538499999975
0.2070054399999998
0.2071679199999998
0.20734905999999984
0.20741331499999988
0.2075453649999999
0.20763854999999987
0.20765189499999986
0.2077055699999998
0.20775591499999982
0.20784994999999984
0.20789301499999985
0.2080108999999999
0.20816599999999988
0.2082365649999999
0.20869045999999986
0.20883239999999983
0.20888583999999985
0.20894177999999985
0.20895183999999983
0.20908138999999987
0.20932151499999996
0.20940720999999993
0.2094736749999999
0.20965039999999996
0.20984685
0.20992382999999998
0.20994983
0.21002810500000002
0.21005088500000002
0.2101503
0.21016334500000003
0.210249295
0.21035781999999995
0.21036767499999998
0.21050382999999995
0.21051668499999993
0.21056658499999995
0.21056658499999995
0.21057784499999993
0.21065285499999994
0.21069153499999993
0.21079556999999988
0.21085032499999992
0.2111009649999999
0.21111215499999988
0.21119507499999993
0.2112747799999999
0.21143610499999987
0.21152196499999992
0.21155240999999989
0.21171713499999986
0.21174876499999984
0.21183485499999982
0.21191303499999986
0.21203071999999995
0.21226396499999992
0.21229362999999993
0.21250827499999997
0.21267380499999997
0.212708245
0.21284223499999996
0.21294169499999996
0.21311117499999996
0.21315579999999998
0.21331698499999996
0.21333778499999997
0.21336386499999999
0.21360223999999994
0.21366778999999997
0.21377925999999994
0.21386785499999997
0.21393113499999997
0.21400945
0.21411054499999999
0.21418769999999993
0.21419851499999992
0.21451636999999993
0.21454239999999994
0.21465243999999992
0.2146920049999999
0.21506055999999993
0.21513490499999988
0.2152453449999999
0.21525593499999987
0.21530371499999987
0.21539074999999988
0.21555696499999988
0.2156267649999999
0.2156503899999999
0.21578550499999988
0.2157998699999999
0.2161077699999998
0.2161224549999998
0.2161224549999998
0.2162638549999998
0.2168602549999998
0.21696410499999982
0.21707523499999976
0.21708651999999978
0.21713346499999975
0.21722255999999976
0.21733243499999977
0.21737466499999977
0.21738649499999974
0.21745066499999974
0.21747506999999974
0.21754098999999974
0.21759464999999972
0.21766203499999973
0.2176927249999997
0.21792315999999973
0.21793467999999974
0.21803449999999974
0.21819599499999973
0.21819599499999973
0.21822163999999974
0.21824229999999972
0.2182943299999997
0.2183989549999997
0.21868226999999968
0.21877090499999963
0.2189434249999997
0.21897767999999967
0.21905480999999968
0.2191167299999997
0.2191816249999997
0.21922710499999967
0.2193612749999997
0.21949847499999967
0.21961195999999966
0.21963933999999963
0.2197203649999996
0.21984245499999963
0.21993509499999964
0.22002942999999964
0.22014047499999964
0.22018481999999964
0.22034882999999963
0.2204411799999996
0.22051945499999956
0.22074387999999956
0.22080338499999957
0.22089339999999955
0.22097772499999957
0.2212815799999996
0.22156157999999956
0.2219863049999996
0.22225239999999963
0.2224630249999996
0.2225386449999996
0.2226024599999996
0.2227295699999996
0.22281006499999959
0.22290169499999957
0.22291210999999955
0.2229877099999995
0.2230167099999995
0.2231121999999995
0.22333612999999955
0.22339775499999953
0.22350391999999955
0.22372905999999945
0.22381596499999948
0.2239084399999995
0.22395259499999945
0.22402657499999948
0.22411198999999943
0.22424860499999946
0.22427427499999944
0.22430532499999947
0.22431696999999948
0.22437604499999947
0.22444223999999946
0.2249476549999994
0.2249685049999994
0.22511518999999938
0.2252868649999994
0.22547929999999947
0.22552165999999946
0.22599919999999948
0.2263172399999995
0.2264076399999995
0.2264237949999995
0.2265725899999995
0.2265833499999995
0.22666248999999944
0.22737208999999947
0.22746028499999948
0.22749470499999946
0.2276131349999995
0.2278488599999995
0.22791867499999946
0.22796779499999947
0.2280264849999995
0.2280756499999995
0.2282221349999995
0.22851549499999954
0.22859373999999957
0.2287615599999996
0.22876485499999957
0.22886429999999955
0.22903713999999956
0.2290806149999996
0.22914410999999962
0.22921199499999964
0.22929407999999968
0.22936945999999966
0.22944012999999966
0.22988536999999967
0.22992041999999968
0.2302628749999997
0.2305340649999997
0.2306360399999997
0.23077830499999974
0.23079139499999976
0.23084833499999977
0.23110348999999977
0.23119589499999982
0.23126424499999979
0.2314349349999998
0.2314880449999998
0.23159654999999982
0.2316670249999998
0.2320634349999998
0.23211755499999978
0.23223729499999976
0.2323096949999998
0.23247094499999973
0.23265312499999977
0.23281592999999975
0.23305085499999978
0.23313409499999976
0.23316402499999975
0.23340244999999973
0.23357298499999973
0.23364735999999975
0.2337373499999997
0.23374852499999968
0.2338380699999997
0.2339016749999997
0.2339137149999997
0.2340097899999997
0.23402416499999973
0.23417284999999974
0.23426863499999975
0.2342913749999998
0.23433252499999976
0.23439692999999978
0.23442840499999978
0.23459611499999977
0.23461937499999977
0.23484733499999982
0.2348711149999998
0.2349037099999998
0.23491481499999978
0.23493730499999976
0.23497152999999976
0.23498780999999977
0.2351005399999998
0.2352493449999998
0.23529262499999978
0.23553573499999977
0.23558938999999973
0.2357242199999997
0.23591564499999967
0.2359844149999997
0.2359968799999997
0.2362414999999997
0.2363871049999997
0.23641322499999973
0.23645855499999976
0.23662413499999974
0.23669811999999973
0.23673543499999977
0.23684481999999976
0.23703054999999978
0.23706002999999978
0.23724713499999978
0.23738660999999986
0.23742073499999983
0.23754032499999986
0.23759262999999983
0.23767587999999984
0.23791803499999983
0.23795653499999983
0.23804080999999983
0.23831390999999985
0.23839230999999989
0.2384628399999999
0.23856651499999987
0.23894478499999985
0.23919278499999988
0.23920292999999987
0.2393964149999999
0.23969235999999988
0.23976898499999993
0.24039541499999992
0.24078430499999992
0.24082471499999997
0.24084685999999997
0.24086684499999997
0.24092331499999994
0.2410221399999999
0.24109476999999993
0.24140749999999994
0.24157342499999993
0.24166973999999997
0.24178737499999994
0.24199083999999993
0.242077225
0.24215736999999998
0.24223700999999997
0.24269251
0.242741915
0.24296953500000001
0.24299237
0.24317486500000005
0.24334054500000002
0.24339818500000004
0.2434984950000001
0.24350920000000012
0.2436909350000001
0.2437051150000001
0.24374946500000014
0.24377959500000013
0.2439462050000001
0.24404269500000006
0.2445878000000001
0.2447918500000001
0.24498051000000007
0.24501970000000006
0.24513884500000002
0.24518635000000005
0.24522716500000008
0.24533110500000013
0.2454350250000001
0.2454491900000001
0.2456384100000001
0.24575536500000011
0.2458294700000001
0.24598932500000006
0.24601582000000005
0.24610885500000004
0.246173455
0.24630848
0.24665721000000002
0.24670385000000003
0.24679415500000007
0.24690727500000006
0.24715047500000012
0.24718278500000007
0.2473767000000001
0.24740169000000012
0.2474159050000001
0.2474481200000001
0.24750079500000013
0.24750079500000013
0.24763212000000007
0.24781656000000005
0.24783006500000002
0.24823807000000006
0.248353405
0.24843902499999998
0.24849582500000003
0.24869619000000004
0.24880809
0.24886651
0.24889292000000002
0.24896896999999998
0.24923311999999995
0.24931396999999997
0.24952530999999997
0.24962690499999995
0.24974411499999993
0.24983230999999992
0.2498456449999999
0.2501137749999998
0.2503552549999998
0.25066261499999976
0.25071997499999976
0.25081339999999974
0.25110858499999983
0.2511469099999998
0.25118874499999977
0.25127220999999983
0.2513493249999998
0.2515299399999998
0.25154718499999984
0.25156231999999984
0.2516413649999998
0.2516708799999998
0.2517583549999999
0.2518310699999998
0.2519153249999998
0.25232034499999983
0.25259492499999986
0.2526417599999998
0.2527088049999998
0.25273681499999984
0.2529243899999998
0.2531889999999998
0.25328199499999976
0.25333449499999977
0.2535556449999998
0.2537173949999998
0.2537518099999998
0.2538825149999998
0.25439217999999986
0.2546066399999999
0.2549350749999998
0.25506539999999983
0.2551253149999998
0.2551758049999998
0.2556104949999998
0.25572072499999987
0.2558599099999999
0.25593979999999994
0.2560635599999999
0.256122995
0.25618569499999994
0.25630104
0.25635803999999995
0.25650034
0.2568305249999999
0.2569445349999998
0.25705689999999987
0.25713418499999985
0.257254675
0.2573845
0.25745949500000004
0.25757235
0.25761061500000004
0.2577018250000001
0.2578218700000001
0.2578852650000001
0.257984665
0.25802534
0.25804314
0.2581397450000001
0.25816268000000003
0.258194635
0.258267285
0.2588166549999999
0.2588622949999999
0.2589246899999999
0.2590970149999998
0.2591338349999998
0.25929629999999987
0.25936006999999983
0.25954183999999986
0.25964690499999993
0.25974326499999995
0.2598211449999999
0.2599259449999999
0.26005649999999997
0.26010814
0.260218275
0.26032226499999994
0.26043105499999997
0.260460985
0.26054538
0.26056619999999997
0.260594935
0.260608385
0.26072924000000003
0.26092790499999996
0.2611910950000001
0.2612161500000001
0.2612334950000001
0.26167252000000013
0.2617768600000001
0.26193080000000013
0.2624984100000002
0.2625656850000002
0.2626502700000002
0.26274584000000023
0.26282122500000027
0.26293748500000025
0.26327404500000023
0.2633365800000002
0.2634478150000002
0.26362819500000023
0.26409894000000034
0.2642765600000003
0.2643654050000002
0.2644103300000002
0.2644838950000002
0.2645566650000002
0.2646553500000001
0.26500339500000014
0.2651502850000001
0.26516369500000014
0.2652193650000001
0.26525922000000013
0.2653608750000003
0.2654783350000003
0.2655424250000003
0.2656060800000003
0.2658904550000003
0.2659086500000003
0.2659806200000003
0.26600256000000017
0.2660578500000002
0.2661205700000002
0.2663047400000002
0.26633082000000025
0.26639351500000025
0.26654082000000023
0.26660908500000025
0.2667326250000003
0.2668032800000003
0.26681540500000034
0.2669585450000003
0.26732658500000034
0.2674150700000004
0.2674770700000004
0.26762949000000036
0.2677696850000004
0.2679790150000004
0.2680636750000004
0.26820650500000043
0.2683216300000004
0.2683538350000005
0.2684136500000005
0.2684316950000006
0.26851872000000054
0.26872897500000054
0.26885620000000054
0.2689760250000006
0.2691031850000006
0.2697124800000006
0.2697296650000006
0.26976405000000064
0.26991307000000064
0.2700363350000006
0.2701108450000006
0.2702059500000006
0.2702956450000006
0.2703075950000006
0.27035806500000065
0.2706699900000005
0.27084295000000047
0.2709398100000005
0.2710731600000005
0.27121471000000047
0.2713971600000006
0.27145107500000054
0.2715146650000005
0.27160622500000053
0.27179345500000046
0.27197135500000047
0.2721837050000005
0.27231935500000054
0.2724015000000006
0.27261359500000065
0.2726344150000007
0.2726649600000006
0.2727658850000007
0.27327140500000063
0.2733958750000006
0.2736179050000006
0.2736960550000006
0.2738317700000007
0.27395340500000065
0.2740753800000007
0.2741086150000007
0.2741361250000007
0.27421858500000074
0.2745600800000007
0.27471338000000073
0.27472636000000067
0.2748156350000007
0.2752485550000008
0.2753485450000008
0.2756226700000008
0.2756489200000008
0.27578082000000076
0.2759269650000008
0.27600328000000074
0.27614832000000067
0.2763133050000006
0.2763454850000006
0.2765611150000007
0.2765895300000007
0.2767027750000007
0.27677907500000065
0.2768596300000007
0.27694079000000066
0.27702158000000066
0.27709088000000065
0.27715963000000066
0.27719065000000065
0.27728603500000054
0.27731094000000056
0.2773918900000006
0.2774851150000005
0.27792192500000046
0.2784903000000005
0.27873296500000055
0.27881166500000054
0.27891496500000057
0.27896688500000055
0.27899195500000057
0.27906041000000054
0.27908408500000054
0.27916559500000054
0.2792256900000006
0.27953008500000054
0.2802638000000005
0.28029576500000053
0.2803930600000005
0.28048513000000047
0.2806986600000006
0.28079690000000057
0.28081139000000055
0.2808414650000005
0.28085301000000057
0.28095901000000056
0.28107791000000054
0.28131222500000064
0.2815896800000006
0.2816011750000006
0.2817215150000007
0.2818312750000007
0.28187143000000064
0.28189243500000066
0.28189243500000066
0.28191053000000066
0.28206289000000073
0.2821525050000007
0.28219616500000066
0.28223183500000065
0.2822854900000007
0.2823203650000007
0.28241411500000074
0.28250544500000063
0.28256104000000065
0.28260319000000067
0.2826817400000006
0.2827457300000006
0.2828637850000006
0.2829098150000006
0.2829272850000006
0.2830338350000006
0.28311621500000067
0.28316928500000066
0.2833132600000006
0.28332931500000064
0.28344077500000064
0.28350654000000064
0.2835609050000007
0.2840179700000007
0.28403114500000065
0.28406787500000064
0.2840929400000006
0.2841053750000006
0.28422888500000065
0.2843642550000007
0.2844915050000007
0.2847540800000007
0.2848215650000007
0.28491508000000065
0.2849596500000007
0.28505806000000067
0.28513883000000073
0.28525630500000065
0.28525630500000065
0.2853754900000006
0.2856070450000006
0.2856964700000006
0.2858044150000007
0.28587653500000065
0.2859288600000007
0.2860078350000007
0.28612423500000067
0.28618110500000066
0.2863676400000006
0.28643751500000053
0.28670291500000056
0.2868103700000005
0.2873164400000004
0.2873757900000004
0.28750600000000043
0.2876373100000004
0.2877153600000004
0.2879548100000004
0.28806742000000035
0.2883856500000004
0.2885244550000004
0.2885946950000005
0.28874335500000053
0.28879497000000054
0.28888546500000056
0.2890185900000006
0.2891237800000005
0.2891694900000005
0.28930793000000044
0.28939941000000047
0.28947415500000045
0.2895513000000004
0.2896491750000004
0.2897564600000004
0.2902353700000004
0.2902353700000004
0.2903478900000004
0.2905024950000003
0.2908308000000003
0.2909187050000003
0.2909673550000002
0.2910375000000003
0.2912678600000003
0.2913707300000003
0.2915484450000004
0.29182700500000036
0.29214127500000037
0.2923943350000004
0.2924176600000004
0.2924333750000004
0.29255015000000045
0.2926821150000004
0.29276916500000044
0.2928776500000005
0.2930994650000004
0.2932574150000004
0.2933766400000004
0.29343416500000036
0.2934560100000003
0.2937464900000004
0.29383058500000037
0.2938411600000003
0.2938905850000003
0.29394145500000035
0.29401307000000043
0.2940866200000004
0.2941550900000004
0.2942829600000004
0.29468461000000035
0.2947621800000003
0.2949498450000004
0.29496903000000035
0.29498054000000035
0.29508685000000034
0.29518659500000033
0.2955089900000004
0.2955611800000004
0.29557194500000045
0.29567169500000046
0.29576453500000044
0.2958368400000004
0.29592930500000036
0.2959984650000004
0.2960279950000004
0.29608842000000035
0.29614542500000035
0.2961894350000003
0.2961894350000003
0.2962002850000003
0.2962751650000003
0.2963013150000003
0.2963492000000002
0.2965045050000002
0.2965163050000002
0.2965537950000002
0.29663539000000017
0.29693649000000005
0.29700263
0.29701271500000004
0.29703977000000004
0.29729418500000004
0.2974463450000001
0.29755454000000015
0.2976790750000001
0.29788455500000016
0.2979379000000002
0.2979489900000002
0.29810482500000024
0.29819245500000024
0.29827234000000014
0.29832135000000015
0.29844606500000015
0.2985794450000001
0.2987909600000001
0.2989633350000001
0.29903664000000013
0.2990591300000001
0.29913629500000005
0.299208515
0.29929841000000007
0.2993555850000001
0.29938126000000004
0.29977274000000015
0.29987899500000015
0.3000053200000001
0.3000708700000001
0.30026527500000016
0.300638505
0.30085347500000004
0.301172115
0.30126027499999997
0.30203471
0.30210519999999996
0.30214599
0.302189325
0.3024148350000001
0.3028854100000001
0.30298485000000003
0.30300435500000006
0.30313734000000003
0.3032157000000001
0.30331457500000003
0.3034156050000001
0.303457385
0.30353539
0.30362997500000005
0.30365082000000004
0.3038078800000001
0.3039699900000001
0.30408321500000013
0.30408321500000013
0.30411603000000015
0.3042849650000002
0.30450406000000013
0.3047886200000002
0.30483719000000015
0.30490463500000015
0.30490463500000015
0.3049501600000001
0.3050452600000001
0.30521794000000013
0.30533801000000016
0.3053658450000001
0.3053856100000001
0.305654615
0.30590989999999996
0.305975465
0.306002365
0.306157315
0.30627255499999995
0.30637245999999996
0.30651098499999985
0.3067647299999998
0.3069188399999999
0.3070417649999998
0.30722508499999984
0.30735905999999985
0.30742279499999997
0.30745972499999996
0.30760068500000004
0.30760068500000004
0.30770892000000005
0.3077232750000001
0.30778359
