0.00019752500000000002
0.00019752500000000002
0.00023033500000000002
0.00023033500000000002
0.00024433500000000004
0.00024433500000000004
0.00024433500000000004
0.00039256
0.00040283
0.00040283
0.00040283
0.000558975
0.000558975
0.000558975
0.000558975
0.000558975
0.000558975
0.000558975
0.000558975
0.000646655
0.000646655
0.000646655
0.000646655
0.000646655
0.0006520850000000001
0.0006520850000000001
0.0006520850000000001
0.0006520850000000001
0.0007719000000000001
0.000773785
0.000773785
0.000773785
0.000773785
0.000773785
0.000773785
0.000773785
0.000802375
0.001001415
0.0010454300000000002
0.0010454300000000002
0.0010454300000000002
0.0010454300000000002
0.001107785
0.001107785
0.001107785
0.0013090950000000001
0.0014198250000000002
0.0014198250000000002
0.0014198250000000002
0.0015287149999999997
0.0016638299999999998
0.0017721199999999999
0.0017721199999999999
0.0017721199999999999
0.0017721199999999999
0.0017721199999999999
0.001877455
0.001877455
0.001877455
0.001877455
0.001879325
0.001879325
0.00192413
0.0019407450000000002
0.0020171650000000005
0.0020171650000000005
0.0020171650000000005
0.0020171650000000005
0.0020171650000000005
0.0020171650000000005
0.0020171650000000005
0.0020504200000000003
0.0021640300000000004
0.0021640300000000004
0.0021640300000000004
0.0023143750000000005
0.0023143750000000005
0.0023143750000000005
0.0023336750000000003
0.0023336750000000003
0.0023336750000000003
0.0023336750000000003
0.0023336750000000003
0.0023336750000000003
0.0024155650000000006
0.0024155650000000006
0.0024155650000000006
0.0024155650000000006
0.0024155650000000006
0.0024155650000000006
0.0024923450000000004
0.0024923450000000004
0.0024923450000000004
0.0024923450000000004
0.00250554
0.00250554
0.00250554
0.00250554
0.00250554
0.0025328850000000003
0.0026556
0.0026556
0.0026556
0.00276397
0.00276397
0.00276397
0.00278503
0.002787995
0.002787995
0.002787995
0.002787995
0.002916635
0.002916635
0.002916635
0.002916635
0.00302249
0.00302249
0.00302249
0.00302249
0.00302249
0.00302249
0.00316564
0.00316564
0.0031759199999999996
0.0031759199999999996
0.0031759199999999996
0.0031759199999999996
0.0031759199999999996
0.0033853649999999996
0.0033853649999999996
0.0033853649999999996
0.0033853649999999996
0.0033853649999999996
0.0033853649999999996
0.0033853649999999996
0.0034098049999999997
0.0034098049999999997
0.0034745799999999997
0.0034745799999999997
0.0034745799999999997
0.0034745799999999997
0.0034745799999999997
0.0034745799999999997
0.0034745799999999997
0.0034745799999999997
0.0035986799999999995
0.0035986799999999995
0.0035986799999999995
0.0035986799999999995
0.003655859999999999
0.0037431199999999995
0.0037431199999999995
0.0037431199999999995
0.003957834999999999
0.003957834999999999
0.004026145
0.004098865
0.00433101
0.00433101
0.00433101
0.00433101
0.00433101
0.00433101
0.00433101
0.004386345000000001
0.004386345000000001
0.00487326
0.00495549
0.00495549
0.00495549
0.0049786299999999995
0.005047245
0.005047245
0.005047245
0.00505266
0.00505266
0.00505266
0.00507058
0.00507058
0.00507058
0.00507058
0.00507058
0.005102575
0.005323435
0.005323435
0.005323435
0.005323435
0.005323435
0.00537035
0.005397555000000001
0.005397555000000001
0.005447455
0.005447455
0.00547989
0.00547989
0.00554489
0.00554489
0.00554489
0.00554489
0.00554489
0.00554489
0.00554489
0.0055810650000000005
0.0055810650000000005
0.00563149
0.00563149
0.00563149
0.00563149
0.005695525
0.005734655
0.005915625000000001
0.005915625000000001
0.005974405
0.005974405
0.005974405
0.006103745
0.006103745
0.006103745
0.006103745
0.006103745
0.006162815
0.006162815
0.006162815
0.006162815
0.006162815
0.006284000000000001
0.006284000000000001
0.006284000000000001
0.006318235000000001
0.0063879800000000014
0.0063879800000000014
0.0063879800000000014
0.0063879800000000014
0.0063879800000000014
0.006436050000000001
0.006436050000000001
0.006436050000000001
0.0065379650000000015
0.0065379650000000015
0.0065379650000000015
0.006753955000000002
0.006852720000000001
0.00711087
0.00711087
0.00728829
0.00728829
0.007306600000000001
0.00732712
0.00732712
0.007343855000000001
0.007469565000000001
0.007469565000000001
0.007469565000000001
0.007469565000000001
0.007578485000000001
0.007578485000000001
0.007578485000000001
0.007578485000000001
0.007578485000000001
0.007716305000000001
0.007716305000000001
0.007716305000000001
0.007716305000000001
0.007746015000000001
0.007746015000000001
0.00783557
0.007979175
0.007979175
0.007979175
0.007979175
0.00814086
0.00823183
0.00823183
0.00823183
0.008483570000000001
0.008483570000000001
0.008483570000000001
0.00850226
0.008532935
0.00855804
0.008683020000000001
0.008683020000000001
0.008901545
0.008901545
0.00904538
0.009108179999999999
0.009108179999999999
0.009108179999999999
0.00927994
0.00927994
0.00927994
0.00927994
0.00927994
0.00934956
0.00942165
0.009498904999999998
0.009498904999999998
0.009498904999999998
0.009498904999999998
0.009498904999999998
0.009586569999999999
0.009706884999999998
0.009706884999999998
0.009706884999999998
0.009706884999999998
0.009706884999999998
0.009794589999999997
0.009794589999999997
0.009794589999999997
0.009794589999999997
0.009856634999999997
0.009856634999999997
0.009856634999999997
0.009949829999999996
0.009952679999999997
0.009986189999999997
0.010311999999999998
0.010311999999999998
0.010311999999999998
0.010311999999999998
0.010380345
0.010380345
0.010522194999999998
0.010522194999999998
0.010610404999999998
0.010610404999999998
0.010610404999999998
0.010665874999999998
0.010665874999999998
0.010665874999999998
0.010665874999999998
0.010740009999999998
0.01078935
0.01078935
0.01078935
0.01082532
0.01082532
0.01091373
0.010958585
0.010958585
0.010958585
0.010958585
0.010958585
0.010958585
0.010969674999999998
0.010969674999999998
0.011043709999999998
0.011043709999999998
0.011043709999999998
0.011043709999999998
0.011043709999999998
0.011043709999999998
0.011043709999999998
0.011043709999999998
0.011043709999999998
0.011043709999999998
0.011043709999999998
0.011043709999999998
0.011093089999999998
0.011349235
0.011492899999999999
0.011492899999999999
0.011492899999999999
0.011681449999999998
0.011693074999999999
0.011764805
0.011764805
0.011777589999999998
0.011803214999999999
0.011803214999999999
0.011803214999999999
0.011848944999999998
0.011848944999999998
0.011848944999999998
0.011848944999999998
0.011848944999999998
0.011848944999999998
0.011848944999999998
0.011848944999999998
0.011848944999999998
0.011848944999999998
0.011848944999999998
0.011848944999999998
0.011848944999999998
0.011848944999999998
0.011848944999999998
0.01193354
0.011963064999999998
0.012106774999999998
0.012124409999999999
0.012124409999999999
0.01223326
0.0122509
0.012296975
0.012296975
0.012296975
0.012296975
0.012296975
0.012296975
0.012297675
0.012297675
0.01248288
0.01248758
0.01248758
0.01248758
0.01248758
0.01248758
0.01259187
0.01267544
0.01269852
0.012725885
0.012725885
0.012725885
0.012725885
0.013018664999999999
0.013018664999999999
0.013057749999999998
0.013533124999999998
0.013533124999999998
0.013533124999999998
0.013533124999999998
0.013533124999999998
0.013533124999999998
0.013533124999999998
0.013533124999999998
0.013533124999999998
0.013533124999999998
0.013533124999999998
0.013533124999999998
0.013629979999999998
0.013629979999999998
0.013720294999999997
0.013720294999999997
0.013720294999999997
0.013805809999999998
0.013807639999999998
0.013835384999999997
0.013871504999999998
0.013871504999999998
0.014243444999999997
0.014243444999999997
0.014243444999999997
0.014243444999999997
0.014243444999999997
0.014243444999999997
0.014398234999999997
0.014398234999999997
0.014398234999999997
0.014398234999999997
0.014398234999999997
0.014889754999999998
0.014889754999999998
0.014889754999999998
0.014889754999999998
0.014985159999999997
0.015096984999999997
0.015096984999999997
0.015096984999999997
0.015127474999999996
0.015127474999999996
0.015127474999999996
0.015127474999999996
0.015200759999999997
0.015200759999999997
0.015218294999999998
0.015427985
0.015427985
0.015427985
0.01555606
0.01555606
0.015695360000000002
0.015695360000000002
0.015695360000000002
0.01582116
0.01592462
0.01592462
0.016124155
0.016124155
0.016124155
0.01616664
0.01616664
0.01616664
0.016181550000000003
0.016268905
0.01635558
0.01635558
0.01635558
0.016375815
0.016375815
0.016509555
0.016509555
0.016509555
0.01654601
0.01668609
0.016825410000000002
0.016937875
0.016937875
0.016937875
0.016937875
0.016987875000000003
0.016987875000000003
0.016987875000000003
0.016987875000000003
0.016987875000000003
0.016987875000000003
0.016987875000000003
0.017059345000000004
0.017059345000000004
0.01708176
0.01708176
0.01708176
0.01708176
0.017225720000000003
0.017401430000000002
0.017401430000000002
0.017401430000000002
0.017401430000000002
0.017401430000000002
0.017401430000000002
0.017401430000000002
0.017538355000000002
0.017689925000000002
0.017689925000000002
0.017689925000000002
0.017730145000000003
0.01774055
0.01776593
0.01776593
0.017867820000000003
0.017867820000000003
0.017881595
0.018025105
0.018087155
0.018139395
0.018165245
0.018165245
0.018190519999999998
0.018190519999999998
0.018190519999999998
0.018190519999999998
0.018190519999999998
0.018190519999999998
0.018190519999999998
0.018190519999999998
0.01824211
0.01831744
0.01835339
0.01835339
0.01853651
0.018616630000000002
0.018616630000000002
0.018616630000000002
0.018616630000000002
0.018722054999999998
0.018722054999999998
0.018722054999999998
0.018901944999999996
0.01950182
0.01950182
0.019581335
0.019581335
0.019736754999999998
0.019751845
0.020005405
0.020005405
0.020206099999999998
0.020206099999999998
0.020484569999999997
0.020484569999999997
0.020484569999999997
0.020484569999999997
0.020484569999999997
0.020484569999999997
0.020595725
0.020595725
0.020595725
0.020595725
0.020595725
0.020595725
0.02071683
0.02073762
0.020851465
0.0210746
0.0210746
0.02134869
0.02156865
0.02160644
0.02160644
0.02160644
0.02160644
0.02160644
0.02160644
0.021667585000000007
0.021874700000000007
0.02191349500000001
0.02191349500000001
0.02197982500000001
0.02197982500000001
0.022021965000000008
0.022043125000000007
0.022043125000000007
0.022043125000000007
0.022043125000000007
0.022496635000000008
0.022496635000000008
0.022496635000000008
0.02250171000000001
0.02255461000000001
0.02255461000000001
0.022598360000000012
0.02260555500000001
0.02260555500000001
0.02260555500000001
0.02260555500000001
0.02260555500000001
0.02269828500000001
0.02269828500000001
0.02269828500000001
0.02269828500000001
0.02269828500000001
0.02269828500000001
0.02269828500000001
0.02274981000000001
0.02276613000000001
0.02295579500000001
0.023007195000000015
0.023065880000000014
0.023065880000000014
0.023065880000000014
0.023199920000000013
0.023199920000000013
0.023230330000000014
0.023230330000000014
0.023231955000000012
0.023279135000000013
0.023389810000000014
0.023494895000000012
0.023494895000000012
0.023494895000000012
0.023593460000000014
0.023669640000000016
0.023687875000000014
0.023751785000000015
0.023751785000000015
0.023751785000000015
0.023751785000000015
0.023751785000000015
0.023768685000000015
0.023768685000000015
0.024222135000000016
0.024288600000000018
0.024288600000000018
0.024288600000000018
0.024288600000000018
0.024318380000000018
0.024318380000000018
0.024413785000000018
0.024413785000000018
0.024413785000000018
0.02499137500000002
0.02502504000000002
0.02502504000000002
0.025052775000000017
0.025052775000000017
0.02507901500000002
0.025400425000000018
0.025400425000000018
0.025400425000000018
0.02559640500000002
0.02563736000000002
0.02563736000000002
0.02563736000000002
0.02564962500000002
0.02564962500000002
0.02564962500000002
0.02587868000000002
0.02587868000000002
0.02587868000000002
0.025910915000000017
0.025994340000000015
0.025994340000000015
0.025994340000000015
0.025994340000000015
0.025994340000000015
0.026023045000000015
0.026102835000000015
0.02613962000000002
0.02613962000000002
0.02623659500000002
0.02630893000000002
0.02630893000000002
0.02630893000000002
0.02630893000000002
0.02630893000000002
0.02630893000000002
0.026397180000000017
0.026449600000000014
0.026454100000000015
0.026560755000000016
0.026560755000000016
0.026560755000000016
0.026560755000000016
0.026560755000000016
0.026621710000000014
0.026621710000000014
0.026621710000000014
0.026698660000000013
0.026803660000000014
0.026803660000000014
0.026803660000000014
0.026803660000000014
0.026803660000000014
0.026803660000000014
0.026803660000000014
0.026836200000000015
0.026836200000000015
0.026978140000000015
0.026978140000000015
0.026978140000000015
0.026978990000000015
0.026978990000000015
0.026995540000000016
0.026995540000000016
0.02712929000000001
0.027213160000000014
0.027323200000000013
0.027323200000000013
0.027323200000000013
0.027323200000000013
0.027323200000000013
0.027323200000000013
0.027540520000000016
0.02760759000000001
0.02763146500000001
0.02763146500000001
0.02763146500000001
0.02763146500000001
0.027678630000000013
0.027678630000000013
0.02768495000000001
0.02773449000000001
0.02773449000000001
0.02773449000000001
0.027789110000000013
0.02784276000000001
0.02793606500000001
0.02807598000000001
0.02807598000000001
0.02807598000000001
0.028246930000000014
0.028246930000000014
0.028246930000000014
0.028246930000000014
0.028253020000000014
0.028253020000000014
0.028278660000000014
0.028363510000000012
0.028363510000000012
0.02837599000000001
0.02848557500000001
0.02849661500000001
0.02849661500000001
0.02849661500000001
0.02849661500000001
0.02849661500000001
0.02849661500000001
0.02849661500000001
0.02849661500000001
0.02895078000000001
0.02895078000000001
0.02895078000000001
0.02896350000000001
0.029101085000000013
0.02925805000000001
0.02936622500000001
0.02938565500000001
0.02938565500000001
0.02962577500000001
0.029859515000000014
0.029893995000000013
0.029893995000000013
0.029893995000000013
0.029980735000000012
0.029980735000000012
0.029980735000000012
0.029982090000000013
0.029982090000000013
0.029982090000000013
0.029982090000000013
0.030103360000000013
0.030103360000000013
0.030103360000000013
0.030103360000000013
0.030384230000000012
0.030668305000000014
0.030771655000000012
0.030771655000000012
0.030866730000000016
0.030866730000000016
0.030866730000000016
0.030867130000000013
0.030867130000000013
0.030867130000000013
0.030926675000000015
0.030926675000000015
0.030926675000000015
0.030926675000000015
0.030936020000000012
0.031142230000000014
0.031144965000000014
0.031144965000000014
0.031144965000000014
0.031144965000000014
0.031144965000000014
0.031184800000000013
0.031184800000000013
0.031244220000000014
0.031244220000000014
0.031244220000000014
0.031244220000000014
0.031244220000000014
0.031244220000000014
0.03129925500000001
0.03129925500000001
0.03129925500000001
0.03129925500000001
0.03134070500000002
0.031436785000000016
0.031436785000000016
0.031436785000000016
0.031527115000000015
0.031527115000000015
0.031615545000000016
0.031615545000000016
0.031615545000000016
0.031655440000000014
0.03168659500000002
0.03168659500000002
0.03168659500000002
0.03178288000000002
0.03178288000000002
0.03178288000000002
0.03178288000000002
0.03178288000000002
0.03178288000000002
0.03186089500000002
0.03186089500000002
0.03186089500000002
0.03186089500000002
0.03186089500000002
0.031942795000000024
0.031942795000000024
0.03207120000000002
0.03245982000000002
0.03246622500000002
0.03247747500000002
0.032627095000000016
0.032627095000000016
0.032627095000000016
0.032627095000000016
0.032665550000000015
0.03292443500000003
0.03292443500000003
0.03292443500000003
0.03303606000000003
0.03303606000000003
0.03303606000000003
0.03303606000000003
0.03303606000000003
0.03303606000000003
0.03303606000000003
0.03313444000000003
0.033204635000000024
0.033250455000000026
0.033250455000000026
0.033250455000000026
0.033250455000000026
0.033250455000000026
0.033250455000000026
0.033250455000000026
0.033274795000000024
0.03329487500000003
0.03329487500000003
0.03329487500000003
0.03329487500000003
0.03329487500000003
0.033365225000000026
0.03351846000000003
0.03351846000000003
0.03351846000000003
0.03351846000000003
0.03351846000000003
0.03365111500000002
0.033739555000000025
0.03376251500000002
0.033808700000000025
0.033938290000000024
0.033938290000000024
0.034196950000000025
0.034196950000000025
0.034360130000000016
0.034360130000000016
0.034360130000000016
0.034412005000000016
0.034412005000000016
0.034412005000000016
0.03444486500000001
0.03444486500000001
0.034581395000000015
0.034581395000000015
0.034581395000000015
0.03460460500000001
0.03460460500000001
0.03460460500000001
0.03460460500000001
0.03460460500000001
0.03470816500000001
0.03526785000000002
0.03533252000000002
0.03533252000000002
0.035368635000000016
0.03536948500000002
0.035487695000000014
0.035503145000000014
0.035503145000000014
0.03579349000000001
0.03580248500000001
0.03585285000000001
0.035898620000000006
0.035898620000000006
0.035898620000000006
0.03590898000000001
0.03597866500000001
0.036053480000000006
0.036053480000000006
0.03609144
0.036098620000000005
0.036098620000000005
0.036098620000000005
0.036234185
0.036234185
0.036234185
0.036234185
0.036301985
0.036334090000000006
0.036334090000000006
0.036334090000000006
0.036334090000000006
0.036334090000000006
0.036334090000000006
0.036334090000000006
0.036334090000000006
0.03646965
0.036768184999999995
0.036768184999999995
0.036801435
0.036801435
0.036881245
0.036881245
0.036881245
0.036881245
0.03719865
0.03719865
0.03719865
0.03719865
0.03719865
0.037203395
0.0374623
0.0374623
0.0374623
0.037568714999999996
0.037625535
0.037625535
0.037705239999999994
0.037705239999999994
0.037705239999999994
0.037705239999999994
0.03775119
0.03775119
0.03775119
0.03775119
0.03775119
0.03786547999999999
0.03797567999999999
0.038033019999999994
0.038070074999999995
0.038081995
0.038081995
0.038165185000000004
0.03824035
0.038482079999999995
0.038518159999999996
0.038518159999999996
0.038518159999999996
0.03854989999999999
0.03854989999999999
0.038825994999999995
0.038881349999999995
0.038881349999999995
0.038881349999999995
0.038881349999999995
0.038881349999999995
0.038881349999999995
0.038881349999999995
0.03900792
0.039056345
0.039056345
0.03909276
0.03909276
0.039301024999999996
0.03933247499999999
0.039361035
0.03949841
0.03949841
0.039574895
0.039574895
0.039574895
0.039609874999999996
0.039609874999999996
0.039609874999999996
0.03966661999999999
0.03966661999999999
0.03990345
0.03990345
0.04009803
0.04009803
0.04009803
0.040220685000000006
0.04029202
0.04029202
0.04029202
0.04029202
0.04029202
0.040410180000000004
0.04042294500000001
0.04042294500000001
0.04042294500000001
0.04042294500000001
0.040481675
0.040641035
0.040849540000000004
0.040849540000000004
0.04091914000000001
0.04091914000000001
0.04091914000000001
0.04091914000000001
0.04099041500000001
0.04099041500000001
0.04099041500000001
0.04104992000000001
0.04112871500000002
0.04118847500000001
0.04118847500000001
0.04123962500000001
0.041385735000000014
0.04159331500000001
0.041735280000000013
0.041735280000000013
0.041735280000000013
0.041735280000000013
0.041735280000000013
0.041735280000000013
0.041735280000000013
0.041800075000000006
0.041822410000000004
0.04197983000000001
0.04205974500000001
0.04205974500000001
0.04233035000000001
0.04233035000000001
0.04264731000000001
0.042724485
0.04274859
0.042850545
0.04292078999999999
0.04292078999999999
0.04292078999999999
0.042933664999999996
0.042933664999999996
0.04296861
0.04297903
0.04297903
0.04297903
0.04297903
0.04305519
0.04305519
0.043194350000000006
0.043194350000000006
0.043194350000000006
0.043194350000000006
0.04325309500000001
0.04325309500000001
0.04325309500000001
0.043458050000000005
0.043458050000000005
0.043458050000000005
0.043458050000000005
0.04347822500000001
0.043592750000000006
0.043671240000000014
0.043671240000000014
0.043671240000000014
0.043671240000000014
0.043729600000000014
0.04380725000000002
0.043833480000000015
0.04384537500000002
0.043866080000000016
0.043866080000000016
0.04389906000000001
0.04389906000000001
0.043962460000000016
0.04402598000000001
0.04402598000000001
0.04402598000000001
0.04402598000000001
0.04402598000000001
0.04402598000000001
0.04402598000000001
0.04402598000000001
0.04405801500000001
0.04431773000000001
0.04435593000000001
0.04435593000000001
0.04435593000000001
0.04435593000000001
0.04435593000000001
0.04435593000000001
0.04437106500000001
0.04457398500000001
0.04458351000000001
0.04458351000000001
0.04458351000000001
0.044721715
0.044721715
0.044845670000000004
0.04486806000000001
0.044970100000000006
0.04512366000000001
0.04512366000000001
0.04523099500000001
0.04523099500000001
0.04537290500000001
0.04537290500000001
0.04537290500000001
0.04545112500000001
0.04545112500000001
0.04545112500000001
0.04545112500000001
0.04545112500000001
0.04545112500000001
0.045516805000000014
0.045516805000000014
0.04552033500000001
0.04581447000000002
0.04581447000000002
0.04581447000000002
0.04582572500000001
0.04582572500000001
0.04582572500000001
0.04584340500000001
0.04584340500000001
0.04584340500000001
0.04584340500000001
0.046037430000000004
0.0461709
0.0461709
0.046207475000000005
0.046207475000000005
0.046207475000000005
0.046207475000000005
0.046207475000000005
0.04635161
0.04635161
0.04635161
0.04635161
0.046449025
0.046449025
0.046449025
0.046449025
0.046615580000000004
0.046649430000000006
0.046649430000000006
0.046664529999999996
0.046674485
0.046674485
0.046674485
0.046674485
0.04676701999999999
0.04676701999999999
0.04676701999999999
0.04696986499999999
0.047105484999999996
0.047222204999999996
0.04725695
0.047305984999999995
0.047305984999999995
0.047305984999999995
0.047307079999999994
0.04734322
0.04734322
0.04734322
0.047430745
0.04743353
0.04743353
0.04743353
0.047489420000000004
0.04752306
0.047611690000000005
0.047611690000000005
0.047611690000000005
0.047611690000000005
0.04761275
0.04763919500000001
0.04763919500000001
0.047687820000000006
0.04796659000000001
0.04806427500000001
0.048100260000000006
0.04817461000000001
0.04817461000000001
0.048205760000000014
0.048212060000000015
0.048231980000000015
0.048231980000000015
0.04827634500000001
0.04827634500000001
0.04827634500000001
0.048290960000000015
0.048290960000000015
0.048290960000000015
0.048317270000000016
0.048317270000000016
0.048317270000000016
0.04834659500000001
0.04834659500000001
0.04834659500000001
0.04847385500000002
0.04881511000000001
0.04881511000000001
0.04896896500000001
0.04896896500000001
0.048991865000000016
0.048991865000000016
0.048991865000000016
0.048991865000000016
0.049016495000000014
0.04903771500000001
0.049201330000000015
0.049201330000000015
0.04927417000000001
0.04927417000000001
0.04927417000000001
0.049299450000000015
0.049299450000000015
0.049366155000000016
0.049366155000000016
0.049366155000000016
0.049366155000000016
0.049516005000000016
0.04958373500000001
0.049599205000000014
0.049654730000000015
0.049654730000000015
0.04976235500000002
0.04978842500000002
0.04978842500000002
0.049968520000000016
0.05015481000000002
0.05015481000000002
0.05015481000000002
0.05015481000000002
0.050191970000000016
0.050191970000000016
0.050191970000000016
0.050230170000000025
0.050230170000000025
0.050230170000000025
0.050230170000000025
0.050254495000000024
0.05028959500000003
0.050498665000000026
0.050498665000000026
0.050498665000000026
0.05065141500000002
0.050770405000000025
0.05083888500000002
0.05083888500000002
0.05083888500000002
0.05083888500000002
0.05101248000000002
0.05101248000000002
0.05101248000000002
0.05129568500000002
0.051347425000000016
0.05173934500000001
0.05179325500000002
0.051826625000000015
0.05215584000000001
0.052214915000000015
0.052948595000000015
0.053000310000000016
0.053180245000000015
0.053180245000000015
0.053244645000000014
0.053244645000000014
0.053244645000000014
0.053304995000000015
0.05333844500000001
0.05333844500000001
0.053449980000000015
0.053449980000000015
0.053449980000000015
0.05346373000000002
0.053483820000000015
0.05406305500000002
0.05406305500000002
0.05406305500000002
0.05406305500000002
0.05406305500000002
0.05429827500000002
0.05437772000000002
0.05437772000000002
0.05437772000000002
0.054767600000000013
0.054767600000000013
0.055040260000000014
0.05509150500000002
0.05538030000000002
0.05538030000000002
0.05538030000000002
0.05538030000000002
0.05545943000000002
0.05552406500000002
0.05555961000000002
0.055588765000000026
0.05561131500000002
0.05564191000000002
0.05564191000000002
0.05576055500000002
0.05578645500000002
0.05578645500000002
0.05578645500000002
0.05578645500000002
0.055938935000000016
0.055938935000000016
0.055938935000000016
0.05597145500000002
0.05599025000000002
0.05599025000000002
0.05600621500000001
0.05600621500000001
0.05600621500000001
0.05600621500000001
0.05609617500000001
0.05609617500000001
0.05609617500000001
0.05618007500000001
0.05618007500000001
0.05621464000000001
0.05634389500000001
0.05641724500000001
0.05641724500000001
0.05641724500000001
0.05641724500000001
0.05641724500000001
0.05641724500000001
0.05643143500000001
0.05643143500000001
0.05662214000000001
0.05665486000000001
0.05665486000000001
0.05665486000000001
0.05694906
0.05694906
0.05694906
0.05694906
0.05694906
0.05694906
0.05706529500000001
0.05706529500000001
0.05706529500000001
0.05706529500000001
0.05722008000000001
0.057267630000000014
0.05740045500000001
0.05740045500000001
0.05742173000000001
0.057474970000000014
0.057474970000000014
0.057474970000000014
0.05749988000000002
0.05749988000000002
0.05758518000000001
0.057591220000000005
0.057591220000000005
0.057600370000000005
0.057600370000000005
0.057618405000000004
0.05763341
0.057807920000000006
0.05797944000000002
0.05797944000000002
0.05797944000000002
0.05797944000000002
0.058056910000000024
0.058056910000000024
0.058136600000000024
0.05822442000000003
0.05839808500000002
0.05839808500000002
0.05843970000000002
0.05846465000000002
0.05847161500000002
0.05847161500000002
0.05847161500000002
0.05847161500000002
0.05847161500000002
0.05847161500000002
0.05847161500000002
0.05847161500000002
0.058625630000000026
0.058650180000000024
0.05873845500000003
0.05880578500000003
0.058858285000000024
0.05891507000000002
0.05897333500000003
0.05916845500000002
0.059482930000000024
0.05949444500000003
0.05949444500000003
0.05961108000000003
0.05961108000000003
0.05964563000000003
0.05964563000000003
0.05964563000000003
0.05969599500000003
0.05969599500000003
0.05969599500000003
0.05972634500000003
0.05972634500000003
0.05979835000000002
0.05981870500000002
0.05992288500000002
0.060066815000000016
0.060066815000000016
0.06012355500000002
0.06012355500000002
0.06012355500000002
0.06012355500000002
0.06039442500000003
0.06043386000000004
0.06043386000000004
0.06043386000000004
0.06043386000000004
0.06043386000000004
0.060456115000000026
0.06049117500000003
0.06052258000000003
0.06052258000000003
0.06052258000000003
0.060536210000000035
0.06063624500000003
0.06072631500000003
0.06072631500000003
0.06100410500000003
0.06117586000000003
0.06117590000000003
0.06120490000000003
0.06120490000000003
0.061249050000000034
0.061249050000000034
0.061329070000000034
0.061329070000000034
0.06135659000000003
0.06149655000000003
0.06149655000000003
0.061535590000000036
0.06158843000000004
0.06158843000000004
0.06158843000000004
0.06158843000000004
0.061610890000000036
0.06164790500000003
0.06177639500000003
0.06177639500000003
0.06202513000000002
0.06202513000000002
0.06203442500000002
0.06203442500000002
0.06205597000000002
0.06208428000000002
0.06220509500000003
0.06226511500000003
0.06226511500000003
0.06233456000000003
0.06233456000000003
0.062431375000000025
0.062446365000000024
0.06265810500000003
0.06280483000000002
0.06301181500000003
0.06314680000000002
0.06314680000000002
0.06321912500000001
0.06321912500000001
0.06331292000000002
0.06374459000000002
0.06379732000000002
0.06379732000000002
0.06422373000000002
0.06427726000000002
0.06442819000000001
0.06449753500000001
0.06449753500000001
0.06449753500000001
0.06449753500000001
0.064521795
0.064521795
0.06453237000000002
0.06453237000000002
0.06474767500000002
0.06474767500000002
0.06478660000000003
0.06506923500000002
0.06530458000000001
0.06530458000000001
0.06530458000000001
0.06534118500000002
0.06534118500000002
0.06534118500000002
0.06539590500000003
0.06546079500000003
0.06546079500000003
0.06546079500000003
0.06550504000000004
0.06551448000000003
0.06570553000000003
0.06570876500000003
0.06576386000000002
0.06580554500000002
0.06580554500000002
0.06589326500000003
0.06589326500000003
0.06597096000000004
0.06597096000000004
0.06597096000000004
0.06612535000000003
0.06620834000000002
0.06620834000000002
0.06620834000000002
0.06620834000000002
0.06647587000000002
0.06647587000000002
0.06649520500000002
0.06657424500000002
0.06684611500000003
0.06696547500000002
0.06716281000000002
0.06718045000000002
0.06720138000000003
0.06731489500000004
0.06741269000000003
0.06741269000000003
0.06742813500000001
0.06742813500000001
0.06751647500000002
0.06752410500000001
0.06752410500000001
0.06759865500000002
0.06766112000000002
0.06771480500000003
0.06783715500000004
0.06785136000000004
0.06785136000000004
0.06786948000000004
0.06790150500000003
0.06790150500000003
0.06790150500000003
0.06790150500000003
0.06796877500000002
0.06796877500000002
0.06809867500000003
0.06824297500000003
0.06824297500000003
0.06833872000000003
0.06833872000000003
0.06834868000000005
0.06834868000000005
0.06853896000000005
0.06857994500000006
0.06857994500000006
0.06861493500000004
0.06861493500000004
0.06861493500000004
0.06861493500000004
0.06861493500000004
0.06870725000000005
0.06870725000000005
0.06873794500000005
0.06878939000000005
0.06878939000000005
0.06880247500000006
0.06911324500000005
0.06911324500000005
0.06911324500000005
0.06914023000000004
0.06925065500000004
0.06951493500000004
0.06951493500000004
0.06968127000000005
0.06968127000000005
0.06977444500000003
0.06977444500000003
0.06997360500000004
0.07006165000000003
0.07006165000000003
0.07015979000000003
0.07019022000000003
0.07021099500000001
0.07021099500000001
0.070343205
0.07048255
0.07050502500000001
0.07050502500000001
0.07060855500000002
0.07062247000000002
0.07066416000000002
0.07066416000000002
0.07066416000000002
0.07066416000000002
0.07077021500000003
0.07083811500000003
0.07095911000000005
0.07102200500000005
0.07102200500000005
0.07117031500000004
0.07117031500000004
0.07118314500000003
0.07136246500000001
0.07157016500000002
0.07158206500000003
0.07172476000000003
0.07172476000000003
0.07178584000000003
0.07178584000000003
0.07181489000000003
0.07189169500000002
0.07200368000000001
0.07205671000000002
0.07205671000000002
0.07205671000000002
0.07205671000000002
0.07210451000000002
0.072215525
0.07238054500000003
0.07239014000000003
0.07240795500000002
0.07270786500000004
0.07270786500000004
0.07277139500000003
0.07278453500000003
0.07296314500000002
0.07296314500000002
0.07312893500000005
0.07317824500000004
0.07325999500000005
0.07332169500000005
0.07346945500000006
0.07346945500000006
0.07352597500000006
0.07372282000000005
0.07372282000000005
0.07372282000000005
0.07372282000000005
0.07375607500000005
0.07390625500000006
0.07390625500000006
0.07390625500000006
0.07391654500000006
0.07428952000000007
0.07433275000000006
0.07456380500000005
0.07456380500000005
0.07457569500000007
0.07457569500000007
0.07462532500000008
0.07473806000000008
0.07478952000000008
0.07485775000000008
0.07485775000000008
0.07514364000000008
0.07530419000000008
0.07532245000000007
0.07532245000000007
0.07532245000000007
0.07532245000000007
0.07532245000000007
0.07532245000000007
0.07532245000000007
0.07532245000000007
0.07533685000000007
0.07533685000000007
0.07544984000000006
0.07544984000000006
0.07558814500000006
0.07570382500000007
0.07571427500000007
0.07582763000000009
0.07582763000000009
0.07583397000000008
0.07583966000000009
0.07583966000000009
0.07583966000000009
0.07587567000000009
0.07599995000000008
0.07616460500000008
0.07621581000000008
0.07621581000000008
0.07621581000000008
0.07621581000000008
0.07634006000000008
0.07634006000000008
0.07634006000000008
0.07634006000000008
0.07650051000000008
0.07655246500000007
0.07655246500000007
0.07659016000000006
0.07675891000000006
0.07722730000000005
0.07730914000000005
0.07730914000000005
0.07730914000000005
0.07730914000000005
0.07730914000000005
0.07736095500000006
0.07742045500000005
0.07747970000000007
0.07768222500000008
0.07768222500000008
0.07768222500000008
0.07768222500000008
0.07777841500000006
0.07790207500000006
0.07804855500000005
0.07822298500000005
0.07822298500000005
0.07822298500000005
0.07822298500000005
0.07822298500000005
0.07829997000000005
0.07838372000000007
0.07838372000000007
0.07838691000000007
0.07838691000000007
0.07838691000000007
0.07838691000000007
0.07841439500000007
0.07841439500000007
0.07841439500000007
0.07848886500000009
0.07848886500000009
0.07848886500000009
0.0785702150000001
0.07859865000000009
0.07859865000000009
0.07859865000000009
0.0788051500000001
0.07881615500000011
0.0788645000000001
0.07900790500000011
0.07900790500000011
0.07924523000000011
0.07924523000000011
0.07924523000000011
0.07924523000000011
0.07924523000000011
0.07924523000000011
0.07924523000000011
0.0792561800000001
0.0792561800000001
0.0793857500000001
0.0795038100000001
0.0795411400000001
0.0795411400000001
0.0797221350000001
0.0797221350000001
0.0797221350000001
0.0797221350000001
0.0797221350000001
0.07986684000000009
0.07986684000000009
0.07986684000000009
0.07996366500000009
0.08002565500000008
0.08002565500000008
0.08002565500000008
0.08003413500000009
0.08003413500000009
0.08011468000000009
0.08011468000000009
0.0802920900000001
0.08030264000000008
0.08030264000000008
0.08034560000000007
0.08034560000000007
0.08034560000000007
0.08034854000000007
0.08034854000000007
0.08054596000000008
0.08059640500000008
0.08065329000000007
0.08065329000000007
0.08065329000000007
0.08067332000000008
0.08081500000000007
0.08099577000000006
0.08099577000000006
0.08127219500000006
0.08127219500000006
0.08127219500000006
0.08127219500000006
0.08127219500000006
0.08190384500000006
0.08201200500000005
0.08219427000000006
0.08219427000000006
0.08230629500000006
0.08230629500000006
0.08230629500000006
0.08236202500000006
0.08245931000000008
0.08245931000000008
0.08245931000000008
0.08245931000000008
0.08245931000000008
0.08260168000000007
0.08260168000000007
0.08260168000000007
0.08260168000000007
0.08260168000000007
0.08260168000000007
0.08260168000000007
0.08272679500000006
0.08272679500000006
0.08280741000000008
0.08280741000000008
0.08300061000000009
0.08303059500000008
0.08303059500000008
0.08304055000000009
0.08304055000000009
0.08304055000000009
0.08306041500000008
0.08306041500000008
0.08306041500000008
0.08321208000000008
0.08321208000000008
0.08323372000000007
0.08337367000000007
0.08337367000000007
0.08337367000000007
0.08356667000000007
0.08356667000000007
0.08388173000000006
0.08399813500000006
0.08402869500000007
0.08403946500000006
0.08418425500000007
0.08422582500000007
0.08432090500000007
0.08432090500000007
0.08434441500000006
0.08477876500000005
0.08480250000000006
0.08480250000000006
0.08480250000000006
0.08487248500000005
0.08495648500000005
0.08509999500000007
0.08517899500000006
0.08522795500000005
0.08522795500000005
0.08522795500000005
0.08537208000000006
0.08542622000000005
0.08542622000000005
0.08563066500000006
0.08573835000000007
0.08575243500000006
0.08584100500000005
0.08619487000000005
0.08619487000000005
0.08631610000000006
0.08633295000000006
0.08648107000000008
0.08648107000000008
0.08648107000000008
0.08657485500000009
0.08677469500000008
0.08677469500000008
0.08682463500000008
0.08684284500000009
0.08692830000000008
0.08708280500000008
0.08708280500000008
0.08719990000000008
0.08729702000000009
0.08729702000000009
0.0873522500000001
0.0873592450000001
0.0873592450000001
0.0873592450000001
0.0873592450000001
0.0873592450000001
0.08743005500000009
0.08744115500000009
0.08746591000000009
0.08746591000000009
0.08746591000000009
0.08746591000000009
0.08746591000000009
0.08746591000000009
0.08754744000000007
0.08809593000000007
0.08813485500000007
0.08813485500000007
0.08813485500000007
0.08815789500000007
0.08821384500000008
0.08839006500000007
0.08855691000000007
0.08872990000000007
0.08874943500000007
0.08880005500000009
0.08880005500000009
0.08894727500000008
0.08896063000000008
0.08896063000000008
0.08897070000000008
0.08902360000000009
0.08922075000000008
0.08926749500000009
0.08926749500000009
0.08926749500000009
0.08941480000000009
0.08941480000000009
0.08941480000000009
0.08941480000000009
0.08954665500000009
0.08982229000000008
0.08982229000000008
0.08988258000000007
0.08998844000000009
0.0900997150000001
0.09041194000000004
0.09047263500000004
0.09047263500000004
0.09047263500000004
0.09047263500000004
0.09099227000000003
0.09111805000000003
0.09131802000000003
0.09139025000000003
0.09152035000000004
0.09178892500000004
0.09187779500000004
0.09187779500000004
0.09197517500000003
0.09197517500000003
0.09201500500000002
0.09201500500000002
0.09201500500000002
0.09201500500000002
0.09211987500000003
0.09213793500000005
0.09213793500000005
0.09213793500000005
0.09241904500000003
0.09247724500000004
0.09259896500000003
0.09259896500000003
0.09259896500000003
0.09259896500000003
0.09303205500000003
0.09309069
0.09309069
0.09322340500000001
0.09335596500000001
0.093428385
0.09356122
0.09380208000000001
0.09380208000000001
0.09393086
0.09393086
0.09406419500000002
0.09406419500000002
0.09406419500000002
0.09412661000000001
0.09419934000000002
0.09426326000000003
0.09426326000000003
0.09426326000000003
0.09428297500000003
0.09428297500000003
0.09437859000000003
0.09449470500000004
0.09453076000000005
0.09453076000000005
0.09453076000000005
0.09459528000000005
0.09474404500000004
0.09474404500000004
0.09474404500000004
0.09474404500000004
0.09490945000000005
0.09493299000000005
0.09498450500000004
0.09498450500000004
0.09499881000000003
0.09499881000000003
0.09503933500000003
0.09542008500000003
0.09572230500000002
0.09625348000000003
0.09627164000000002
0.09627164000000002
0.09627164000000002
0.09633681500000002
0.096470685
0.096470685
0.096470685
0.096470685
0.096603195
0.09665193999999999
0.09665193999999999
0.09682862999999998
0.09685196499999998
0.09693081999999999
0.09694608499999999
0.09694608499999999
0.09697436999999998
0.09697436999999998
0.09712916499999999
0.09712916499999999
0.09712916499999999
0.09722183999999999
0.09753115499999998
0.09753115499999998
0.09760068999999999
0.09767548999999998
0.09797188999999999
0.09797270999999999
0.09797270999999999
0.09802111
0.09820150499999998
0.09831283999999998
0.09831283999999998
0.09832586999999998
0.09840531999999998
0.09840531999999998
0.09859164999999998
0.09877460999999997
0.09877460999999997
0.09882495999999998
0.09882495999999998
0.09885403499999998
0.09885403499999998
0.09890268499999998
0.09890268499999998
0.09897048999999997
0.09899426999999997
0.09899426999999997
0.09905722499999996
0.09905722499999996
0.09912530499999996
0.09914563999999995
0.09918502499999995
0.09918502499999995
0.09934657499999996
0.09934657499999996
0.09939155999999996
0.09942392499999995
0.09942392499999995
0.09957166499999995
0.09967707999999995
0.09967707999999995
0.09997775999999994
0.09997775999999994
0.10000118999999995
0.10002008499999995
0.10003471499999995
0.10009053999999996
0.10017743999999996
0.10017743999999996
0.10042425999999996
0.10042425999999996
0.10047895999999996
0.10056368499999996
0.10056368499999996
0.10063949999999997
0.10072019999999998
0.10088394499999999
0.10102975499999998
0.10118729999999998
0.10125981499999999
0.10139202499999998
0.10143528999999998
0.10150655999999998
0.10182164999999997
0.10199671499999997
0.10208102999999999
0.10211897999999998
0.10216184999999997
0.10218094499999998
0.10218094499999998
0.10218094499999998
0.10220584499999998
0.10225565499999999
0.102275805
0.102275805
0.102275805
0.102407665
0.102635565
0.10308154
0.10308154
0.10309644
0.103154755
0.103154755
0.103154755
0.103154755
0.10317269999999999
0.10332989
0.10340579499999998
0.10358541499999999
0.10376355999999999
0.10404842999999998
0.10414253499999998
0.10419512499999997
0.10419512499999997
0.10420142999999997
0.10420142999999997
0.10426991499999996
0.10427928499999997
0.10440166999999997
0.10440166999999997
0.10462707499999996
0.10484462499999997
0.10498124999999997
0.10498124999999997
0.10505664999999999
0.105112345
0.105112345
0.10520487499999999
0.10520487499999999
0.10527589999999999
0.10527589999999999
0.10564098
0.10564098
0.105706115
0.10578154499999999
0.10578154499999999
0.10578154499999999
0.10583119499999999
0.10583119499999999
0.10583119499999999
0.10583119499999999
0.10583119499999999
0.10593549000000001
0.10593549000000001
0.10599537
0.10602964000000001
0.10621095500000001
0.10625357
0.10628118500000001
0.10630229000000001
0.10630229000000001
0.10630229000000001
0.10632767000000001
0.10646547500000002
0.106487045
0.10682380999999999
0.10684421999999999
0.106849205
0.106860855
0.10697200500000002
0.10710818500000002
0.10713261000000002
0.10713791000000002
0.10726331000000003
0.10726331000000003
0.10762105500000002
0.10771251500000004
0.10774773000000001
0.10778085500000004
0.10797852500000003
0.10802778000000003
0.10804279000000003
0.10804279000000003
0.10805803500000004
0.10805803500000004
0.10832604500000004
0.10832604500000004
0.10845616000000004
0.10864777000000005
0.10869067000000006
0.10878513500000006
0.10890967500000005
0.10905171500000005
0.10912449000000003
0.10912449000000003
0.10925136500000003
0.10925136500000003
0.10925136500000003
0.10941984500000004
0.10969998500000004
0.10974875000000005
0.10985183500000005
0.10994766000000004
0.10994766000000004
0.10994766000000004
0.11036500000000003
0.11039168000000003
0.11050579500000005
0.11050579500000005
0.11065222000000004
0.11072362000000004
0.11072362000000004
0.11072362000000004
0.11072362000000004
0.11084778000000005
0.11094496000000004
0.11097380500000004
0.11100819500000005
0.11100819500000005
0.11100819500000005
0.11110060500000005
0.11117670000000004
0.11117670000000004
0.11121617500000006
0.11121617500000006
0.11121617500000006
0.11121617500000006
0.11135762500000006
0.11135762500000006
0.11135762500000006
0.11141232000000005
0.11171691000000006
0.11180787500000006
0.11180787500000006
0.11180787500000006
0.11180787500000006
0.11182036000000005
0.11191504000000006
0.11191504000000006
0.11207342500000006
0.11207342500000006
0.11207342500000006
0.11207342500000006
0.11207342500000006
0.11207342500000006
0.11220589500000006
0.11220589500000006
0.11225604000000006
0.11225604000000006
0.11234556000000005
0.11234556000000005
0.11243106500000005
0.11259335500000005
0.11265487500000004
0.11265487500000004
0.11267925500000003
0.11267925500000003
0.11272046500000003
0.11276687500000003
0.11297118500000003
0.11297118500000003
0.11305514500000004
0.11305514500000004
0.11305514500000004
0.11313577500000004
0.11334316500000004
0.11334316500000004
0.11334316500000004
0.11334316500000004
0.11341839500000005
0.11341839500000005
0.11345829500000006
0.11355933000000004
0.11358109500000005
0.11358109500000005
0.11358109500000005
0.11358109500000005
0.11368163500000006
0.11368163500000006
0.11376055500000007
0.11391858500000006
0.11391858500000006
0.11391858500000006
0.11391858500000006
0.11391858500000006
0.11391858500000006
0.11391858500000006
0.11391858500000006
0.11391858500000006
0.11392412500000006
0.11402319500000006
0.11409917500000005
0.11412315500000006
0.11413061500000005
0.11413061500000005
0.11413061500000005
0.11413061500000005
0.11415140000000004
0.11417929000000003
0.11417929000000003
0.11417929000000003
0.11425162500000005
0.11437381500000003
0.11442779000000006
0.11442779000000006
0.11463211000000005
0.11463211000000005
0.11480836000000005
0.11500344500000005
0.11500344500000005
0.11511480500000006
0.11511480500000006
0.11511480500000006
0.11526859500000006
0.11531415000000007
0.11531415000000007
0.11541608000000006
0.11577008500000006
0.11583393500000005
0.11586991000000006
0.11616872500000007
0.11651971000000005
0.11651971000000005
0.11661203000000006
0.11661203000000006
0.11683251500000007
0.11694424500000007
0.11700230000000006
0.11700738000000006
0.11700738000000006
0.11700738000000006
0.11716487000000006
0.11746700000000007
0.11758708500000008
0.11783584500000008
0.11784658000000008
0.11784658000000008
0.11790183000000007
0.11794310500000008
0.11809377500000008
0.11837346500000008
0.11845581500000009
0.11861580500000007
0.11870561500000008
0.11879073000000008
0.11887012000000008
0.11887012000000008
0.11887012000000008
0.11887762000000007
0.11925733000000006
0.11937673500000007
0.11944179000000008
0.11944179000000008
0.11945085000000008
0.11953444000000008
0.11971452000000007
0.11982423500000008
0.11991505500000008
0.12000272000000008
0.12009648000000009
0.12009648000000009
0.12009648000000009
0.12009648000000009
0.12021755500000009
0.12021755500000009
0.1203727800000001
0.12046656500000012
0.1205179850000001
0.12053561000000011
0.12053561000000011
0.12057279000000012
0.12057279000000012
0.12057279000000012
0.12073991000000012
0.12073991000000012
0.12112338000000011
0.12119983500000012
0.12123375000000011
0.12139632000000013
0.12145958500000013
0.12145958500000013
0.12157255000000014
0.12157255000000014
0.12157255000000014
0.12163918000000012
0.12163918000000012
0.12172168000000012
0.12172168000000012
0.12172168000000012
0.12178023000000011
0.12178023000000011
0.12184506500000011
0.12184506500000011
0.12190777000000012
0.12194440500000012
0.12197302000000011
0.12200838500000012
0.12200838500000012
0.12212259500000011
0.12220461000000012
0.12220461000000012
0.12222050500000012
0.12222050500000012
0.12222050500000012
0.12222050500000012
0.12222050500000012
0.1222743200000001
0.1222743200000001
0.1224388800000001
0.12257023500000011
0.12263056000000011
0.12263056000000011
0.1227004000000001
0.1227004000000001
0.1227560800000001
0.1227560800000001
0.1227560800000001
0.12288568000000011
0.12296726500000012
0.1230683250000001
0.12316044500000009
0.12316044500000009
0.12316044500000009
0.1232018750000001
0.1233136300000001
0.1233418400000001
0.1233418400000001
0.1233418400000001
0.1234253800000001
0.1234253800000001
0.1234253800000001
0.1235841000000001
0.1236442650000001
0.1236442650000001
0.1236442650000001
0.1238780850000001
0.12390842000000009
0.12395404000000008
0.1240731900000001
0.12409402000000008
0.12424807000000009
0.12424807000000009
0.12434206000000007
0.12435172000000007
0.12435172000000007
0.12439428500000006
0.12448108500000006
0.12449922000000006
0.12449922000000006
0.12449922000000006
0.12449922000000006
0.12452773500000007
0.12455178500000007
0.12463569500000007
0.12465275500000007
0.12500848500000009
0.12500848500000009
0.12500848500000009
0.12500848500000009
0.12511477000000007
0.1251595000000001
0.1251595000000001
0.1251595000000001
0.12517285000000006
0.12537178000000007
0.12546909000000006
0.1254815350000001
0.1255681500000001
0.1255681500000001
0.1255938550000001
0.1256599550000001
0.1257006200000001
0.1263221750000001
0.12633347000000011
0.12633347000000011
0.1266009300000001
0.1266373300000001
0.1267872550000001
0.1269058450000001
0.1269058450000001
0.1270587350000001
0.1270587350000001
0.1275755600000001
0.1275755600000001
0.1275755600000001
0.1276216500000001
0.1276216500000001
0.12778234000000008
0.12782700500000008
0.12792756500000008
0.12792756500000008
0.12792756500000008
0.1279541750000001
0.1279541750000001
0.1279863950000001
0.1279863950000001
0.1280554200000001
0.12808126000000006
0.12889460000000014
0.12894485000000014
0.12910480500000013
0.12924509500000014
0.12955505500000009
0.12955505500000009
0.1297052850000001
0.1298123250000001
0.1298123250000001
0.1299111800000001
0.1299111800000001
0.1299111800000001
0.1299726200000001
0.1299726200000001
0.1299726200000001
0.12999288500000009
0.12999288500000009
0.13002242000000008
0.13003782000000014
0.1301222300000001
0.13020661500000008
0.1302923600000001
0.13030613500000013
0.13041510500000011
0.13041510500000011
0.1304295800000001
0.1305403850000001
0.1305492700000001
0.1305492700000001
0.1305492700000001
0.13062508500000009
0.1307445950000001
0.13088637500000008
0.13110843500000008
0.13145882000000006
0.13152851000000007
0.1316212050000001
0.1316212050000001
0.1316212050000001
0.1316212050000001
0.13163251000000012
0.1316361950000001
0.1316361950000001
0.1316971050000001
0.1316971050000001
0.1317122300000001
0.13180554500000008
0.13180554500000008
0.13180554500000008
0.13180554500000008
0.13180554500000008
0.13180554500000008
0.13180554500000008
0.13183412500000008
0.13193636500000006
0.13193636500000006
0.13193636500000006
0.13193636500000006
0.13201517000000007
0.13201517000000007
0.13201517000000007
0.13208400000000006
0.13216755500000005
0.13220313500000005
0.13222438500000006
0.13224162000000006
0.13224162000000006
0.13224162000000006
0.13224162000000006
0.1323170800000001
0.1323170800000001
0.1324740250000001
0.1327376500000001
0.13276913000000007
0.1329544250000001
0.1330948800000001
0.1334097850000001
0.13351445000000006
0.13361233000000003
0.13367729500000006
0.13367729500000006
0.13370453000000004
0.13370453000000004
0.13373788000000006
0.13390182500000006
0.13403137500000006
0.13408349000000003
0.13428923000000004
0.13453391500000003
0.13453391500000003
0.13462472000000006
0.13469332000000006
0.13472668000000004
0.13476109500000008
0.13484408000000006
0.13487160500000003
0.13487160500000003
0.13515056000000006
0.13516182500000007
0.13524948500000009
0.13530660500000008
0.13543782000000007
0.13543782000000007
0.13548255000000006
0.13548255000000006
0.13548255000000006
0.13586862000000005
0.13594563500000004
0.13606304500000005
0.13606304500000005
0.13609681500000004
0.13623574000000005
0.13623574000000005
0.13623574000000005
0.13623574000000005
0.13628875000000004
0.13628875000000004
0.13633377500000002
0.13633377500000002
0.13646711000000006
0.13646711000000006
0.13662475000000007
0.13664171500000005
0.13676172000000006
0.13676172000000006
0.13678502500000006
0.13684011500000007
0.13688134000000005
0.13688134000000005
0.13688488000000004
0.13688488000000004
0.13693214000000004
0.13693214000000004
0.13696872500000004
0.13696872500000004
0.13704621000000003
0.13704621000000003
0.13710621000000003
0.13711779500000004
0.13711779500000004
0.13711779500000004
0.13716316500000003
0.137187985
0.137456175
0.13754397000000004
0.13777811500000003
0.13785804500000004
0.13790022000000002
0.13792520500000002
0.13792520500000002
0.13792520500000002
0.13792520500000002
0.13792520500000002
0.13815400000000003
0.138289835
0.138303695
0.138391315
0.13849409499999998
0.13851325
0.13854113
0.13859530999999997
0.13868729
0.13868729
0.13868729
0.13883953
0.13883953
0.13896167
0.13898541
0.13905062999999998
0.13905062999999998
0.139098475
0.13930614
0.13952476000000003
0.13952476000000003
0.13961255500000003
0.13961255500000003
0.139685475
0.139730605
0.13973490000000002
0.139797425
0.14000518000000003
0.14000518000000003
0.14008771
0.14008771
0.14008771
0.14017964500000002
0.14022820000000003
0.14033235500000002
0.140514745
0.140588345
0.14070034500000003
0.14100004000000002
0.14100004000000002
0.14100004000000002
0.141065605
0.141065605
0.141099305
0.14169973000000002
0.14179359000000002
0.14196754500000003
0.142050685
0.14208902
0.142187
0.142187
0.14225194000000002
0.14225194000000002
0.142391485
0.14246798000000002
0.14246798000000002
0.14249408500000002
0.14263987500000003
0.142726225
0.142783585
0.142783585
0.14287242999999997
0.14300160499999998
0.14300160499999998
0.14300160499999998
0.14310737499999998
0.14325138999999998
0.14325138999999998
0.14342103999999997
0.143546915
0.143546915
0.14361717999999998
0.143739255
0.14386332000000002
0.14388129
0.14388129
0.14388129
0.14395442000000003
0.14398836000000004
0.14410084000000004
0.14410084000000004
0.14412452
0.14413151500000002
0.14413151500000002
0.14413151500000002
0.144305545
0.14436309
0.14438357500000001
0.14440224000000002
0.14453834000000002
0.14458636
0.14460937999999998
0.144631085
0.144681125
0.144681125
0.144840805
0.144940985
0.14499357
0.14506656999999995
0.14524347499999996
0.14524347499999996
0.14524347499999996
0.14538247499999998
0.14538247499999998
0.14548430499999998
0.14565995999999992
0.14565995999999992
0.14584821999999995
0.14592727999999994
0.14600205999999993
0.14626691999999994
0.14626691999999994
0.14629965499999995
0.14642292999999995
0.14642292999999995
0.14658867999999994
0.14658867999999994
0.14660382499999994
0.14660382499999994
0.14683294499999994
0.14692413499999993
0.14696732499999993
0.14709210999999994
0.14709210999999994
0.1471745849999999
0.14751103499999993
0.14758925499999995
0.14764618499999999
0.14769896999999998
0.14780022999999998
0.14799497
0.148045765
0.148128165
0.148297855
0.148297855
0.148297855
0.148297855
0.14841439499999998
0.14841439499999998
0.14841439499999998
0.148465185
0.14856981
0.14856981
0.14862926999999995
0.14871421499999996
0.14887940499999996
0.14887940499999996
0.14894634999999998
0.14897125999999997
0.14900918999999996
0.14910973499999997
0.14920550999999999
0.14925921499999997
0.14934552999999998
0.14937645499999996
0.14937645499999996
0.14937645499999996
0.14937645499999996
0.14941492499999998
0.14953408499999998
0.15008435499999997
0.15010758499999996
0.15011724499999995
0.15011724499999995
0.15011724499999995
0.15016540999999994
0.15023854999999997
0.15055953999999996
0.15070851999999996
0.15072490999999996
0.15073493999999996
0.15077130999999996
0.150815845
0.150815845
0.150859455
0.15105394499999997
0.15114888499999998
0.15114888499999998
0.15114888499999998
0.15131589499999998
0.15144031
0.15144031
0.15154419
0.15154419
0.15167285499999997
0.15169798999999998
0.15191416
0.151927195
0.151971225
0.15208866499999996
0.15208866499999996
0.152186285
0.152186285
0.152186285
0.152300455
0.152322565
0.152322565
0.152415835
0.152415835
0.152415835
0.15275134999999998
0.15284406499999997
0.15291607999999995
0.15291607999999995
0.15302835999999997
0.15311945999999999
0.153260125
0.15345714
0.15345714
0.15355345
0.15355345
0.15362474
0.1536823
0.1536823
0.153694705
0.15372812
0.15380853
0.15380853
0.15392727499999997
0.15392727499999997
0.15392727499999997
0.15407114
0.15420237999999997
0.15420237999999997
0.15420237999999997
0.154264775
0.15483351
0.15507935
0.155130725
0.15515743999999998
0.15523985499999998
0.15533593499999998
0.15533593499999998
0.15533593499999998
0.15543266999999997
0.15543266999999997
0.15556587999999996
0.15556587999999996
0.15560652999999997
0.15560652999999997
0.15573429999999996
0.15574526499999997
0.15588773999999994
0.15592611999999995
0.15593564499999993
0.15600094999999994
0.15610330999999997
0.15610330999999997
0.15617579499999998
0.15617584999999998
0.15624130999999994
0.15624130999999994
0.15624130999999994
0.15632620999999994
0.15638070999999998
0.15651330499999996
0.15655704499999998
0.15668338
0.15668338
0.15670695499999998
0.15670695499999998
0.156769765
0.156769765
0.156889015
0.15694672499999998
0.15701692
0.1570503
0.1570514
0.1570514
0.1570514
0.157251115
0.15726718
0.15726718
0.157341455
0.157341455
0.15761147
0.15763656
0.15776414000000002
0.15776414000000002
0.15803594
0.15803594
0.15809441000000002
0.15809441000000002
0.15813104500000003
0.15813104500000003
0.158217295
0.15833730000000001
0.15833730000000001
0.15839402000000005
0.15851178500000007
0.15858225000000004
0.15860736500000006
0.15862926500000002
0.15920931000000002
0.15935089500000005
0.15951991000000001
0.15969865
0.15969865
0.15969865
0.15969865
0.15969865
0.15972287
0.15986928
0.15986928
0.15986928
0.159894425
0.159894425
0.16006135
0.16006135
0.16009283000000002
0.160101785
0.16021375
0.16031321999999998
0.16031321999999998
0.16039834999999997
0.16039834999999997
0.16039834999999997
0.16039834999999997
0.16044674999999997
0.16055311499999997
0.16055311499999997
0.16055311499999997
0.16065547999999996
0.16075561999999996
0.16075561999999996
0.16075561999999996
0.16083737999999997
0.16090789499999997
0.16094018499999996
0.16112709499999994
0.16127396999999996
0.16163085499999996
0.16166142999999997
0.16166142999999997
0.16200457999999998
0.16206697999999997
0.16217801999999998
0.16220410999999998
0.16220410999999998
0.16233875999999997
0.16233875999999997
0.16233875999999997
0.16233875999999997
0.16238329999999995
0.16241520999999998
0.16249276999999998
0.16254027
0.16267386
0.162697125
0.162697125
0.162705615
0.162705615
0.16273055499999997
0.16273055499999997
0.16285165999999998
0.16303514999999996
0.16303514999999996
0.16324441999999997
0.16324441999999997
0.163488535
0.163488535
0.163597085
0.163688585
0.16383230499999998
0.16385621999999997
0.16385621999999997
0.16385621999999997
0.16386788
0.163899585
0.163899585
0.16392964999999998
0.16400965999999997
0.16400965999999997
0.164089985
0.16418265499999998
0.16418265499999998
0.16424278999999997
0.16432439999999998
0.16455048999999997
0.16474574499999997
0.16476655499999998
0.16480873499999998
0.16480873499999998
0.16480873499999998
0.165141065
0.16519116499999997
0.16535663499999997
0.16535663499999997
0.16535663499999997
0.16536659499999998
0.1654819
0.16553362
0.16556914
0.16589912
0.16592999500000002
0.16614668500000002
0.16619496000000003
0.1664062400000001
0.1666174350000001
0.1666174350000001
0.16693876500000007
0.16701838500000007
0.16721473500000011
0.1672733600000001
0.1673391700000001
0.16739654000000007
0.16766262500000007
0.16779385000000008
0.1680304400000001
0.16808438500000009
0.1681661650000001
0.1681661650000001
0.1681661650000001
0.16819238000000006
0.16819238000000006
0.16829931000000004
0.16829931000000004
0.16833916000000004
0.16840593000000006
0.16850735000000008
0.16851996000000008
0.16853230000000008
0.16858243500000006
0.16890717000000005
0.16890717000000005
0.16901642000000003
0.16902840000000005
0.16923941500000006
0.16924920500000007
0.16924920500000007
0.16945303500000006
0.16963283000000007
0.16972710500000007
0.1697743750000001
0.16978378500000008
0.16978378500000008
0.16978378500000008
0.16989614500000008
0.17003968500000005
0.17003968500000005
0.17003968500000005
0.17019313000000003
0.170282295
0.17031291
0.17031291
0.17031291
0.17032587500000002
0.17048409500000003
0.17048409500000003
0.17050418500000003
0.17055469
0.17065573500000003
0.17065573500000003
0.17070118000000004
0.17074718000000003
0.17083554500000006
0.17083554500000006
0.17083554500000006
0.17109966000000007
0.17112083000000006
0.17138756500000005
0.17138756500000005
0.17141355500000002
0.17160091000000002
0.17170989000000003
0.1717692
0.1717692
0.1717692
0.1717692
0.17181573500000002
0.17181573500000002
0.17193649
0.172016155
0.17235992999999997
0.17242401499999993
0.17244191999999994
0.17244191999999994
0.17246897999999994
0.17248201999999996
0.17248201999999996
0.17256852999999994
0.17256901999999996
0.17256901999999996
0.17262685
0.17262685
0.17277624999999996
0.172847225
0.17289696499999996
0.17301414999999998
0.17321274999999997
0.17330631999999996
0.17337454999999996
0.17359938
0.1736599
0.1736599
0.1736599
0.173876625
0.17401915
0.17414799000000003
0.174220235
0.174492515
0.174492515
0.174492515
0.174492515
0.174586165
0.17468900999999998
0.17468900999999998
0.17476154999999996
0.17489372499999997
0.174968815
0.174968815
0.17505594
0.1751247
0.1751247
0.175160895
0.175160895
0.17556886000000002
0.17595607500000005
0.17595607500000005
0.1760604550000001
0.17622543000000007
0.17622543000000007
0.17622543000000007
0.17622543000000007
0.17634045000000007
0.17640461500000007
0.17640461500000007
0.17640461500000007
0.17640461500000007
0.17640461500000007
0.17654642000000006
0.17654642000000006
0.17660449500000008
0.17665106500000008
0.17665106500000008
0.1766955950000001
0.17673390000000005
0.17679461500000007
0.17682615000000007
0.17698340000000007
0.17698340000000007
0.17698340000000007
0.17704602500000008
0.17743081500000005
0.17757800500000007
0.17774436000000007
0.17774436000000007
0.17777008000000005
0.17784645500000007
0.17819516000000007
0.17830400000000007
0.17832238000000009
0.1784800550000001
0.1785783250000001
0.1785987900000001
0.1786103250000001
0.17871379500000012
0.17880318500000011
0.17885713000000011
0.17885713000000011
0.17885713000000011
0.17896747500000015
0.17896747500000015
0.17918073000000015
0.17919600000000013
0.17921788500000016
0.17921788500000016
0.17959538500000016
0.17985084500000018
0.17985084500000018
0.17986861500000015
0.18004746000000013
0.18013193000000016
0.18041430500000014
0.18041430500000014
0.18041430500000014
0.18043525000000013
0.1805400450000001
0.1805400450000001
0.1805400450000001
0.18067969000000014
0.18067969000000014
0.18086250000000012
0.18086340000000012
0.18108580000000013
0.18116102500000011
0.18116102500000011
0.1811715900000001
0.1812392400000001
0.1813337850000001
0.1814334150000001
0.1814708350000001
0.1814708350000001
0.1815037700000001
0.18171165000000009
0.18177696000000007
0.18216905000000008
0.18222133000000007
0.18225677500000007
0.18225677500000007
0.18245944500000008
0.18245944500000008
0.1825558800000001
0.18261447000000008
0.18264647000000012
0.18264647000000012
0.1827551100000001
0.18284604500000012
0.1828972900000001
0.1828972900000001
0.18291132500000012
0.1829433800000001
0.18304604000000013
0.18304604000000013
0.18304604000000013
0.18309097000000013
0.18314119000000015
0.18318805000000016
0.18328574500000017
0.18337997000000011
0.18337997000000011
0.18337997000000011
0.18358367500000014
0.18358367500000014
0.18368885000000018
0.18368885000000018
0.18370363500000017
0.18371888000000017
0.18371888000000017
0.18381432000000017
0.18381432000000017
0.18384684000000018
0.18385734500000017
0.18414166000000018
0.18414166000000018
0.18418138000000017
0.18418138000000017
0.18424395000000018
0.18424395000000018
0.1844788100000002
0.18457585500000018
0.18457585500000018
0.18458775000000016
0.18458775000000016
0.18458775000000016
0.1846446350000002
0.1846768900000002
0.18487227000000023
0.1853922300000002
0.18540485500000023
0.1854591500000002
0.18554747000000024
0.18560366000000023
0.18574428500000023
0.18574428500000023
0.1858685250000002
0.1859548800000002
0.1861492000000002
0.1865362550000002
0.1865362550000002
0.1865362550000002
0.18663466000000023
0.18663466000000023
0.18680220000000022
0.18687444500000022
0.18692167500000026
0.18699647500000027
0.18719297000000024
0.1872119450000002
0.18733260500000024
0.18733260500000024
0.18733260500000024
0.18743993500000025
0.18755361500000026
0.18755361500000026
0.18771710000000025
0.18775069500000025
0.18803630500000024
0.1882711950000002
0.1882948050000002
0.1884235800000002
0.18845938000000023
0.18848343500000025
0.18851922000000024
0.18857598000000025
0.18857598000000025
0.18857598000000025
0.18857598000000025
0.18857598000000025
0.18857598000000025
0.18863798000000026
0.18874135500000025
0.18874135500000025
0.1889197650000003
0.1889438600000003
0.18894732000000028
0.1893892500000003
0.1893892500000003
0.1893892500000003
0.1893892500000003
0.18952991500000027
0.1895711150000003
0.18964598000000027
0.18982099000000024
0.18982099000000024
0.18982099000000024
0.18982099000000024
0.18992108500000024
0.1900287650000002
0.19022449000000022
0.19024997000000024
0.19032523500000026
0.19032523500000026
0.19032523500000026
0.19055124000000023
0.19073787000000023
0.19079393000000022
0.19084251000000022
0.1910748600000002
0.19118753000000022
0.19139866000000022
0.19152295500000022
0.19152295500000022
0.19162133500000023
0.19162133500000023
0.19169067500000023
0.19169067500000023
0.1917511000000002
0.1917915250000002
0.1917915250000002
0.19201611000000018
0.19201611000000018
0.1920341250000002
0.1920341250000002
0.1921720300000002
0.19231248500000017
0.19245960500000017
0.1925943050000002
0.1928746550000002
0.1931996350000002
0.1931996350000002
0.1932518050000002
0.1932793850000002
0.1932793850000002
0.1932904950000002
0.19334841000000016
0.19351588500000017
0.19358677500000018
0.19395838000000018
0.19407556500000017
0.19410380500000018
0.1942585500000002
0.1942585500000002
0.1943385300000002
0.1943385300000002
0.1944469450000002
0.1945229450000002
0.1946712100000002
0.1946712100000002
0.1946712100000002
0.1947038250000002
0.1947038250000002
0.1947461400000002
0.1948648500000002
0.1948648500000002
0.19490423500000018
0.19506609500000016
0.19511913000000017
0.19525024500000016
0.19525024500000016
0.19531030500000018
0.19540687500000017
0.19546193500000017
0.19546193500000017
0.19556409000000016
0.19559726500000016
0.19583909500000016
0.19595941500000014
0.19607080000000016
0.19607080000000016
0.19610530000000018
0.19620109000000016
0.19643863500000017
0.19653150000000016
0.19657669000000016
0.19663469000000014
0.19707765000000016
0.19710159500000016
0.19723117500000012
0.19723117500000012
0.19726655500000012
0.1973127400000001
0.1974677950000001
0.1975534350000001
0.19777898500000016
0.19793876500000016
0.19803609000000014
0.19816088500000015
0.19817612000000015
0.19829793000000015
0.19833809000000016
0.19833809000000016
0.19844196500000016
0.19848537500000016
0.19852047500000014
0.19852047500000014
0.19852047500000014
0.19863767000000015
0.19871625000000015
0.19911144000000017
0.19921969500000017
0.1993873850000002
0.1994874600000002
0.1995473300000002
0.1997451250000002
0.1998745900000002
0.19999432000000023
0.19999432000000023
0.20008646000000022
0.20008646000000022
0.20012326000000022
0.2001699600000002
0.2006780750000002
0.20069082000000021
0.20069082000000021
0.20069082000000021
0.2009430950000002
0.2010562650000002
0.2010665300000002
0.20109670500000018
0.20109670500000018
0.20109670500000018
0.20109670500000018
0.20109670500000018
0.20130425500000018
0.2013149100000002
0.2014319050000002
0.2015049000000002
0.2015049000000002
0.2015049000000002
0.2015049000000002
0.20155599000000024
0.20157139500000024
0.20168920500000023
0.20181577500000022
0.20192152000000024
0.2020115000000002
0.2020115000000002
0.20205961000000022
0.2020724000000002
0.2020724000000002
0.2021193500000002
0.2021394900000002
0.2025325700000002
0.2025325700000002
0.2026432550000002
0.20266958000000015
0.20276250000000015
0.20283790000000015
0.20283790000000015
0.20283790000000015
0.20283790000000015
0.20292403500000014
0.20295213000000015
0.20305629000000017
0.20312596500000019
0.2031746700000002
0.2031917050000002
0.2031917050000002
0.2032061500000002
0.2033286100000002
0.2033468750000002
0.20338915500000018
0.20338915500000018
0.20342396000000018
0.20342396000000018
0.2036457850000002
0.2038119850000002
0.2038119850000002
0.2038119850000002
0.2039302650000002
0.20394192500000016
0.20423879000000017
0.20427886500000017
0.20434794000000017
0.20449339000000016
0.20449339000000016
0.20449339000000016
0.20462678000000017
0.20468463000000017
0.20468463000000017
0.20484705500000017
0.20492359500000015
0.20504640500000013
0.20507690500000014
0.20517345500000014
0.20523871500000013
0.20554126000000014
0.20556492000000015
0.20563664500000012
0.20566949500000012
0.20585483500000012
0.20592878500000014
0.20594307000000014
0.20624642500000018
0.20628403000000017
0.20628403000000017
0.20628403000000017
0.20643392000000016
0.20652901500000015
0.20666322000000018
0.20675810000000017
0.20677085500000014
0.20679664000000014
0.20682074000000014
0.20682074000000014
0.20682074000000014
0.20693435500000013
0.20703016000000013
0.20705411000000015
0.20743090500000014
0.20761285000000013
0.20777863000000013
0.20804336500000012
0.20806873500000012
0.20809763500000011
0.20817144500000012
0.20830113500000014
0.20839514500000011
0.20839514500000011
0.20841742000000013
0.20848139500000012
0.20848139500000012
0.20856114000000014
0.20870237000000014
0.20870237000000014
0.20878370000000016
0.20878370000000016
0.20884116500000013
0.2089027450000001
0.20911218500000012
0.20923079000000014
0.20923079000000014
0.20923079000000014
0.20923079000000014
0.20923079000000014
0.20923079000000014
0.20927159500000012
0.20927159500000012
0.2093058750000001
0.20944332000000013
0.2094543900000001
0.2095857500000001
0.2095857500000001
0.2095857500000001
0.2096603600000001
0.20968643500000014
0.20975699500000014
0.20979990500000015
0.20979990500000015
0.20979990500000015
0.20979990500000015
0.20981202500000012
0.2101094550000001
0.2101094550000001
0.21019954500000013
0.21028261000000012
0.21039498000000012
0.21052619000000014
0.2106524900000001
0.21073389000000012
0.2108365150000001
0.2108365150000001
0.2111706150000001
0.21120310500000009
0.21120310500000009
0.21131352500000009
0.21136554500000007
0.21141362500000008
0.21154597500000008
0.2116471850000001
0.21196657000000008
0.21215539000000005
0.21215539000000005
0.21235927500000004
0.21235927500000004
0.21248746000000004
0.21251212500000005
0.21257327000000006
0.21261131500000008
0.21261760500000007
0.2127646900000001
0.21298333500000008
0.21304536000000007
0.21304536000000007
0.21320127000000008
0.21323859000000006
0.21326583500000007
0.21341199500000008
0.21344907000000007
0.21362996500000006
0.21362996500000006
0.21362996500000006
0.21379324000000005
0.21414519000000004
0.21424996500000007
0.21424996500000007
0.21438653000000005
0.21442836500000004
0.21442836500000004
0.21442836500000004
0.21443259500000006
0.21443259500000006
0.21449765000000007
0.21449765000000007
0.21449765000000007
0.21452641000000006
0.21452641000000006
0.21463205000000005
0.21464732000000006
0.21464732000000006
0.21478245000000007
0.21482702000000006
0.21486460000000004
0.21525722000000005
0.21525722000000005
0.21528790500000006
0.21536106000000008
0.21540052000000007
0.21541390500000004
0.21543373000000005
0.21546072000000008
0.21546072000000008
0.21555243000000004
0.21572978500000006
0.21620823500000005
0.21620823500000005
0.21631517500000005
0.2163811250000001
0.21648472500000007
0.21657398000000008
0.2166973500000001
0.2167020000000001
0.2167020000000001
0.2167699000000001
0.2170161950000001
0.2170161950000001
0.2170161950000001
0.2171407100000001
0.21730777500000012
0.2175581450000001
0.21784264500000006
0.21785543000000007
0.21790813500000009
0.21790813500000009
0.2179176950000001
0.21801947500000007
0.2183370300000001
0.2183370300000001
0.2183370300000001
0.2183370300000001
0.21847467500000012
0.2185270750000001
0.2185270750000001
0.2185418300000001
0.2185418300000001
0.21859835500000008
0.2186641950000001
0.21870218000000008
0.2187509900000001
0.2187509900000001
0.2188831300000001
0.21891825500000006
0.21895595500000006
0.21900737000000006
0.21906157000000007
0.21906157000000007
0.21907654000000007
0.21914608000000008
0.21919603500000007
0.2192716900000001
0.2192716900000001
0.2192716900000001
0.2193892350000001
0.21940013500000008
0.21949103500000008
0.2194920550000001
0.2194920550000001
0.2194920550000001
0.2197885850000001
0.2197885850000001
0.2199129100000001
0.2199129100000001
0.2200023950000001
0.2200023950000001
0.2201225050000001
0.2201225050000001
0.22021095000000004
0.22021095000000004
0.22025612500000005
0.22026930500000005
0.22038294000000005
0.22050572500000007
0.2205340850000001
0.22056643500000006
0.2207982950000001
0.2209692400000001
0.22105331000000009
0.22105331000000009
0.2210633100000001
0.2211664900000001
0.2212141800000001
0.22125411500000008
0.22125411500000008
0.22125411500000008
0.2213811900000001
0.2217897950000001
0.22180686000000008
0.22196617000000007
0.22220987500000006
0.22220987500000006
0.22220987500000006
0.22235176500000006
0.22244261500000004
0.22244261500000004
0.22256254500000006
0.22256254500000006
0.22266049000000007
0.22274452500000005
0.22311750500000005
0.22311750500000005
0.22311750500000005
0.22311750500000005
0.22322564500000006
0.22324675000000005
0.22324675000000005
0.22336144000000005
0.22339447000000004
0.22343791500000004
0.22343791500000004
0.22347318500000002
0.22347318500000002
0.22348653500000004
0.22352158000000003
0.22364318500000005
0.22364318500000005
0.22368714000000003
0.22373052000000004
0.22373052000000004
0.22384281
0.22384281
0.22397071500000001
0.22407856
0.22449818000000002
0.224583895
0.22461930500000002
0.22461930500000002
0.22500894500000004
0.22500894500000004
0.22500894500000004
0.22501954500000004
0.225459095
0.22563141
0.22611401
0.22656137999999998
0.22656137999999998
0.226629575
0.226629575
0.22672125999999998
0.22672125999999998
0.22672125999999998
0.22691026499999997
0.22697207999999996
0.22708762
0.22715379500000002
0.22725122500000003
0.227324455
0.227607935
0.22764455499999997
0.22764455499999997
0.22770477
0.22776377
0.227900325
0.22822649499999997
0.22837126499999996
0.22842232999999995
0.22842232999999995
0.22862955999999998
0.22870987999999995
0.22883038
0.22894302999999996
0.228965235
0.229091275
0.229091275
0.229126385
0.22915548499999996
0.22915548499999996
0.22920417999999998
0.22920886999999998
0.22942381
0.22942381
0.22942381
0.229446935
0.229446935
0.22958033
0.22964590000000004
0.22964590000000004
0.22964590000000004
0.22965446500000006
0.22968870000000002
0.22977766
0.22989451
0.23000622999999998
0.23000622999999998
0.23012787499999998
0.2301554
0.2301554
0.2303436
0.230484635
0.23057930999999998
0.23086725
0.23086725
0.23094258999999998
0.23107025499999995
0.23108662499999993
0.23112659999999996
0.23124682999999996
0.23124682999999996
0.23141707999999997
0.23143835999999995
0.23150032499999995
0.23171505499999998
0.23173663999999997
0.23188226499999995
0.23188226499999995
0.23188226499999995
0.23198355999999995
0.23207185499999994
0.23207185499999994
0.23216454499999994
0.23221167999999992
0.2323610499999999
0.2324425049999999
0.23265660499999988
0.2326689499999999
0.2327975799999999
0.23284975999999988
0.23290551499999987
0.23293005999999986
0.23293005999999986
0.23293005999999986
0.23319894499999988
0.23319894499999988
0.23332187999999984
0.23339214499999986
0.23339214499999986
0.2334982099999998
0.23354904499999982
0.2336565949999998
0.23377042499999987
0.23385860499999983
0.23385860499999983
0.23406721499999983
0.23415172999999984
0.23420610499999983
0.23423108999999984
0.23423108999999984
0.23428345999999983
0.23428345999999983
0.23428345999999983
0.23439964499999985
0.23449352499999987
0.23456383499999986
0.23461052499999988
0.23465339499999988
0.23488399999999984
0.23495058999999988
0.23498297999999987
0.23508749499999984
0.23523028999999984
0.23523028999999984
0.23533793499999983
0.23540987999999982
0.2356085599999998
0.23588247999999984
0.23597670499999984
0.23605337499999982
0.23605337499999982
0.23605337499999982
0.23605337499999982
0.23625207499999984
0.23638989999999988
0.23639992499999987
0.2364767949999999
0.2364767949999999
0.2364767949999999
0.23701890999999992
0.2371348449999999
0.2372661149999999
0.2372940749999999
0.23734730999999992
0.23755549499999995
0.23756697499999996
0.23771580999999992
0.23771580999999992
0.2378368049999999
0.23806313999999992
0.23806313999999992
0.23806313999999992
0.23806313999999992
0.23806731999999992
0.2380946599999999
0.23816466499999994
0.23816466499999994
0.23838512499999986
0.23848065499999987
0.23854301499999989
0.2387490649999999
0.23890776499999994
0.23900523499999993
0.2390927499999999
0.23924399499999988
0.23941294999999985
0.23941294999999985
0.23943503999999985
0.23949405999999981
0.2397181299999998
0.2398752349999998
0.2398752349999998
0.2399921299999998
0.2399921299999998
0.24035468999999982
0.24043030499999984
0.24043030499999984
0.2404496299999998
0.2404764299999998
0.24049073499999982
0.24049073499999982
0.24056655499999982
0.24062722499999978
0.2407948199999998
0.24085794999999982
0.24088440999999983
0.24088440999999983
0.2409958199999998
0.24102782999999983
0.24102782999999983
0.24102782999999983
0.24111058499999985
0.24111058499999985
0.24114818499999985
0.24118832999999984
0.24135072499999985
0.24157861999999983
0.24159045999999984
0.24164383999999983
0.24173242999999986
0.24177583999999985
0.24192126999999986
0.24231642999999983
0.24231642999999983
0.24238363499999982
0.24238363499999982
0.24247750499999984
0.24247750499999984
0.24256805499999984
0.24262235499999985
0.24271778499999985
0.24319060999999986
0.24331215999999986
0.24346610999999987
0.24361625499999984
0.2437159799999998
0.2437983349999998
0.24382093499999982
0.24382093499999982
0.24382093499999982
0.24390323999999977
0.24390323999999977
0.24390323999999977
0.24393174499999978
0.24393174499999978
0.2440421199999998
0.2440421199999998
0.24417399499999984
0.24428035499999984
0.2443054699999998
0.24450127999999982
0.2445453849999998
0.24482017999999986
0.24521242499999982
0.2452792849999998
0.2452965299999998
0.24530837999999977
0.24539222499999977
0.24539222499999977
0.24546983999999977
0.2458491299999998
0.2458491299999998
0.24592402999999977
0.24601566499999974
0.24613272999999977
0.2463001199999998
0.2463987049999998
0.24649561499999978
0.24658625499999978
0.2466809599999998
0.24685473499999977
0.24685473499999977
0.24685473499999977
0.24685473499999977
0.24696498999999977
0.24696498999999977
0.24703095999999977
0.24732275999999978
0.24741414999999978
0.2475512799999998
0.24762486999999975
0.24772004499999975
0.24803582499999974
0.24806369999999972
0.24826509999999974
0.24846944999999976
0.24854394999999976
0.2486583599999998
0.24877210499999977
0.24899940499999978
0.2490795549999998
0.24923221999999975
0.24931989999999976
0.24950370999999977
0.24958574499999978
0.24958574499999978
0.24958574499999978
0.24960673999999974
0.24969391999999974
0.24969391999999974
0.24976350999999974
0.24978836999999976
0.24989947999999976
0.24998705999999976
0.25011862499999976
0.25011862499999976
0.2501931449999998
0.2502023649999998
0.2502812649999998
0.2503834749999998
0.2504669299999998
0.25052419999999975
0.2505731549999998
0.2506563599999998
0.2508181349999998
0.2508620549999998
0.25097465499999977
0.25100501499999983
0.2510279199999998
0.2511708849999998
0.2511884649999998
0.2512015049999998
0.2512015049999998
0.2512015049999998
0.2512291649999998
0.2512998849999998
0.25137968499999974
0.2514964099999998
0.2514964099999998
0.2514964099999998
0.2516084349999998
0.2516443299999998
0.2518533499999998
0.2518760749999998
0.2519845049999998
0.2521223649999998
0.25217445499999974
0.2523173649999998
0.2524817449999998
0.25254189499999974
0.25301425499999974
0.2534981449999998
0.2535104699999998
0.2537397849999997
0.25392092499999974
0.25398517999999976
0.2540834199999998
0.25411463499999976
0.25414225999999973
0.25418515999999974
0.2542515399999998
0.25438414999999975
0.25444191499999974
0.2545597999999998
0.2545597999999998
0.2545597999999998
0.2545597999999998
0.25471697999999976
0.25471697999999976
0.25477291999999974
0.25478370499999975
0.2549500599999998
0.2552121749999998
0.2552121749999998
0.2552121749999998
0.2553068399999998
0.2554421599999998
0.2554421599999998
0.2554816649999998
0.2555898349999998
0.2556126149999998
0.2557120299999998
0.2557250749999998
0.2558110249999998
0.25586048999999983
0.25587034499999983
0.25603472499999985
0.2560475799999999
0.2560974799999998
0.2561182249999998
0.25614195999999984
0.25614195999999984
0.25614195999999984
0.25614195999999984
0.25614195999999984
0.2564299199999998
0.2564411099999998
0.2565270899999998
0.25660679499999983
0.2566418599999998
0.2567329449999998
0.2567329449999998
0.2567705599999998
0.2568021899999997
0.2568021899999997
0.25688036999999975
0.25688036999999975
0.25714014999999973
0.2571698149999997
0.2574507949999997
0.25761632499999965
0.25761632499999965
0.2577463549999996
0.2578564649999996
0.2580747699999996
0.25811939499999964
0.25811939499999964
0.25811939499999964
0.25811939499999964
0.25838258499999966
0.25844813499999963
0.25856215499999974
0.25857977999999976
0.25868034999999967
0.2587425999999997
0.2588609449999998
0.2588609449999998
0.25887175999999973
0.2590816699999997
0.25910769999999966
0.2592542199999997
0.2592542199999997
0.2596227749999997
0.2596647349999997
0.25981243499999973
0.25981243499999973
0.2598363449999997
0.25992456499999966
0.2601281649999997
0.26013597999999966
0.2601596049999997
0.26029471999999965
0.26030908499999966
0.26065282999999967
0.2606675149999997
0.2606759249999997
0.26083523499999967
0.26083523499999967
0.26083523499999967
0.2609463649999997
0.2609463649999997
0.26099330999999965
0.26110336499999964
0.26125965999999967
0.26125965999999967
0.26125965999999967
0.26125965999999967
0.26125965999999967
0.2613084499999996
0.2613621099999996
0.26139685999999956
0.26141174499999953
0.2616966099999995
0.2617070599999995
0.2618125549999995
0.26182282499999954
0.2618446899999995
0.2618703349999995
0.2618961149999995
0.2618961149999995
0.2620349849999995
0.26223775499999946
0.26223775499999946
0.26228515499999944
0.26228515499999944
0.2623622849999995
0.2624966649999996
0.2624966649999996
0.2624966649999996
0.2624966649999996
0.26267970999999957
0.26283088999999954
0.26283088999999954
0.2629119149999995
0.2629119149999995
0.26301699999999956
0.26301699999999956
0.26311969999999957
0.26311969999999957
0.26328370999999956
0.26340802999999957
0.26345745999999953
0.2636818849999995
0.2637719449999995
0.2638644999999995
0.2638644999999995
0.2638644999999995
0.2642158149999996
0.26444859999999953
0.2646670699999995
0.2648776949999995
0.26495331499999947
0.2650171299999995
0.2651588099999995
0.2652286799999995
0.2652286799999995
0.26523909499999954
0.26523909499999954
0.2652680949999995
0.2652860549999995
0.2654754749999995
0.2655010349999995
0.2656269199999995
0.2659505449999995
0.2659505449999995
0.26604301999999946
0.26608717499999945
0.2661792149999994
0.2661792149999994
0.2663158299999994
0.26634149999999945
0.26639386499999945
0.26639386499999945
0.26639386499999945
0.26640625999999945
0.26640625999999945
0.26642710999999947
0.26657433499999944
0.2667873199999995
0.26697975499999954
0.2670221149999995
0.2674052649999995
0.2677335799999995
0.2678505299999995
0.2678505299999995
0.2680140699999995
0.2680140699999995
0.2681051449999995
0.2686943399999994
0.26878253499999943
0.2688169549999994
0.2689353849999994
0.2691487999999994
0.26917085499999943
0.2691849049999994
0.2692435949999994
0.2692927599999994
0.2694737049999994
0.26976706499999936
0.26984530999999934
0.26988564999999937
0.2699021649999994
0.2699905949999994
0.2701634349999994
0.2702183299999994
0.2702818249999994
0.2702818249999994
0.27036390999999943
0.27043928999999944
0.27043928999999944
0.2708916649999995
0.27092671499999943
0.27126916999999945
0.2715403599999994
0.27163225999999946
0.27179046999999945
0.27180355999999944
0.27189370499999943
0.27205808499999945
0.2721675399999995
0.2722358899999995
0.27243016999999947
0.2724947549999995
0.2726368699999995
0.2727073449999995
0.2729606949999994
0.2730370449999994
0.27319527999999954
0.27329693999999954
0.27345818999999955
0.2736403699999996
0.2737117599999996
0.27394890999999955
0.27406409499999956
0.2740940249999996
0.27429212499999955
0.2744676549999996
0.2745728199999996
0.2746850049999996
0.27470707999999955
0.2747966249999996
0.27486022999999954
0.2748722699999996
0.2749892499999996
0.2749892499999996
0.2751706999999996
0.2751706999999996
0.2751706999999996
0.2752387899999996
0.2753031949999996
0.2753239199999996
0.27549076499999964
0.2755140249999996
0.2757698599999996
0.2757698599999996
0.2758024549999996
0.2758024549999996
0.2758347799999996
0.27586900499999956
0.27586900499999956
0.2759475049999996
0.2759475049999996
0.2759612449999996
0.2760517349999996
0.2760517349999996
0.27620003999999954
0.27620003999999954
0.2762688099999996
0.2762688099999996
0.2765134299999995
0.27659426999999953
0.27664400999999955
0.27664400999999955
0.2767185799999995
0.2767925649999995
0.2768170149999995
0.27694040999999947
0.2770677499999995
0.2770677499999995
0.2771841399999995
0.2773236149999995
0.2773577399999995
0.2774773299999995
0.2775296349999995
0.2776934449999995
0.27793559999999945
0.27797409999999945
0.27797409999999945
0.27816370999999945
0.27816370999999945
0.27816370999999945
0.2782117499999995
0.27830631499999947
0.2784937849999995
0.27850470499999946
0.27869818999999946
0.27869818999999946
0.27877481499999945
0.2792668349999995
0.2796102499999995
0.2796555499999995
0.2796555499999995
0.27967553499999953
0.27971897499999954
0.27980362499999956
0.2798985049999996
0.28021502999999953
0.2803840249999996
0.28047380499999963
0.2806188049999997
0.28084626499999965
0.2809502399999997
0.28106261999999965
0.28106261999999965
0.2815181199999996
0.2815181199999996
0.28174573999999963
0.2817685749999996
0.2819706349999997
0.2819896049999997
0.2820477499999997
0.2821422299999997
0.2821529349999997
0.28233466999999973
0.28233466999999973
0.28233466999999973
0.28239577499999974
0.28259954999999976
0.28259954999999976
0.2829059949999997
0.2831215749999997
0.2832578349999997
0.2832970249999997
0.2834161699999997
0.28346367499999964
0.2835225749999996
0.28364264499999964
0.28364264499999964
0.28364264499999964
0.28386683499999965
0.2839837899999996
0.28407001499999956
0.2842298699999996
0.2842298699999996
0.2842324399999996
0.2843100199999996
0.28446138999999965
0.28481011999999967
0.28485675999999965
0.28495762499999966
0.28510029499999967
0.28534788999999966
0.28534788999999966
0.28534788999999966
0.2853894249999997
0.2854171399999997
0.2854171399999997
0.2854702249999997
0.2854702249999997
0.28560154999999965
0.28580919999999965
0.28580919999999965
0.2862653149999996
0.2862653149999996
0.2863509349999996
0.2864077349999996
0.2866080999999996
0.28671999999999964
0.28677841999999965
0.28677841999999965
0.28685446999999964
0.2869624899999997
0.2869624899999997
0.2870935999999996
0.28718889999999964
0.28730610999999967
0.28736279999999964
0.28737613499999964
0.28759458999999965
0.2878584199999996
0.2880825349999996
0.28813989499999965
0.28835312499999965
0.2886294249999996
0.2886677499999996
0.2887214049999996
0.28883262999999965
0.28883262999999965
0.28901553499999966
0.28903277999999966
0.28904791499999966
0.28904791499999966
0.28904791499999966
0.2891628199999996
0.2891628199999996
0.2892583699999996
0.2895453899999997
0.2898199699999996
0.2898932399999996
0.2899602849999996
0.29001603999999964
0.2902474099999996
0.2905664799999996
0.2905664799999996
0.2905664799999996
0.29081970499999965
0.2909814549999997
0.29101669499999966
0.2911069949999997
0.2911069949999997
0.2911069949999997
0.29141560499999974
0.29156174999999973
0.2916225199999997
0.2916730099999997
0.29215558499999966
0.2922701199999997
0.29233951999999963
0.2924194099999996
0.29257227999999963
0.29257227999999963
0.29262463499999963
0.2926749949999996
0.2927908099999996
0.29293310999999966
0.2932325549999996
0.2933465649999996
0.2933465649999996
0.2933465649999996
0.29348818999999965
0.2936366299999996
0.2936366299999996
0.29383639499999964
0.2938746599999996
0.2939658699999996
0.29409289499999963
0.29415628999999965
0.29428593999999964
0.2943266149999997
0.2943444149999997
0.2944477999999997
0.2944477999999997
0.29448954999999966
0.29448954999999966
0.2948028199999997
0.2948484599999997
0.2949309399999997
0.2951032649999997
0.2951504949999997
0.2951504949999997
0.2951633549999997
0.29534512499999965
0.2954554949999996
0.2954554949999996
0.2955333749999997
0.2956489899999997
0.2956943299999997
0.2957730649999997
0.29588990999999976
0.2959168599999998
0.29602564999999975
0.29602564999999975
0.2960903299999998
0.29611114999999977
0.2961398849999998
0.2961533349999998
0.2963181849999998
0.2965664749999997
0.29682966499999974
0.2968674549999998
0.2968847999999998
0.29729214999999976
0.2973964899999998
0.29755042999999975
0.2978715399999998
0.2978715399999998
0.2979065899999998
0.2979065899999998
0.2979065899999998
0.2980279749999998
0.2983645349999998
0.2983645349999998
0.2984775699999998
0.2986579499999998
0.29916206499999975
0.29935920499999974
0.29935920499999974
0.2994146049999998
0.2995004749999998
0.2995732449999998
0.2996719299999998
0.2999441349999998
0.30012719499999985
0.30014060499999984
0.30014060499999984
0.3001804599999998
0.3002970949999998
0.3004253949999998
0.3004253949999998
0.30048904999999987
0.30077342499999987
0.30077342499999987
0.3008571349999999
0.30088894999999993
0.30094814499999994
0.30094814499999994
0.30113231499999993
0.30113231499999993
0.30116993499999994
0.301346055
0.30143078999999995
0.3015543299999999
0.30163483999999996
0.30163483999999996
0.30178814499999995
0.30197612
0.30207757
0.30215503
0.30215503
0.302226875
0.302496155
0.302496155
0.30267554499999993
0.30274388499999993
0.3027911699999999
0.30281041499999994
0.30282845999999997
0.30291548499999993
0.3031668199999999
0.3032940449999999
0.3034138699999999
0.3035422199999999
0.30409566499999996
0.30411285
0.30411285
0.30411285
0.304174925
0.30426081499999996
0.30435591999999995
0.3044561
0.30447984
0.30453030999999997
0.30486672000000004
0.30503968000000004
0.3051482300000001
0.305298625
0.30544017500000004
0.30552575000000004
0.305568655
0.305632245
0.30573671
0.30592394
0.30610184
0.30631419000000004
0.30644984000000003
0.30655345500000003
0.30676345000000005
0.30678426999999997
0.306814815
0.30688518500000006
0.3073291800000001
0.3073291800000001
0.30755121
0.30755121
0.30770818000000005
0.307829815
0.30789214499999995
0.30789214499999995
0.30792434500000004
0.308028015
0.30841085
0.30859719
0.30861017
0.308699445
0.30922008
0.30933107
0.30953717000000003
0.30956342000000003
0.30972797999999996
0.30977407999999995
0.30977407999999995
0.30977407999999995
0.30993906499999996
0.30993906499999996
0.310088155
0.31011657
0.31022981499999996
0.31030611499999994
0.31030611499999994
0.31039660999999996
0.31047739999999996
0.31048885499999995
0.31048885499999995
0.31048885499999995
0.31059524499999996
0.31062015
0.3107011
0.310794325
0.310794325
0.31137587499999997
0.31161853999999994
0.31162355499999994
0.31172685499999997
0.31177877499999995
0.31180384499999997
0.31187229999999994
0.311895975
0.311895975
0.31195607
0.31222518
0.31296536999999996
0.31296536999999996
0.313077505
0.313169575
0.313169575
0.31326781499999995
0.31328230499999987
0.3133261599999999
0.3133513149999999
0.3133513149999999
0.3133513149999999
0.31360800499999986
0.31360800499999986
0.3136194999999999
0.3137398399999999
0.31386104999999986
0.31386104999999986
0.31386104999999986
0.31386104999999986
0.31387914499999986
0.3140315049999999
0.3141211199999999
0.3141647799999999
0.31420044999999985
0.31426350999999986
0.3142983849999999
0.3143183049999999
0.3144316549999999
0.3144872499999999
0.3145293999999999
0.3146302849999999
0.3146302849999999
0.31474833999999985
0.3147757149999999
0.3147757149999999
0.31488226499999983
0.31498116999999987
0.31498116999999987
0.3151354549999998
0.3151515099999998
0.3152978499999998
0.3152978499999998
0.3152978499999998
0.3157549149999998
0.3157680899999998
0.3158048199999998
0.3158048199999998
0.3158048199999998
0.3158048199999998
0.3159401899999998
0.31606743999999987
0.31633001499999985
0.31633001499999985
0.31643471999999984
0.31643471999999984
0.3165331299999999
0.3165331299999999
0.3167136849999998
0.3167536549999998
0.3169054699999998
0.31713702499999974
0.3172264499999997
0.31734120499999974
0.3173583149999997
0.31742252499999973
0.3175014999999997
0.3176178999999998
0.3176178999999998
0.3178044349999998
0.3178864849999998
0.3181666999999998
0.3182442799999998
0.3182442799999998
0.31830362999999984
0.31830362999999984
0.31843493999999983
0.31852525499999984
0.3187647049999998
0.3187647049999998
0.31915201499999984
0.3192761249999998
0.3193463649999998
0.31952724499999985
0.31957885999999985
0.3196693549999998
0.31980247999999983
0.31989102999999985
0.31993673999999983
0.3199464249999998
0.3200379049999998
0.3201126499999998
0.3201897949999998
0.32026453499999974
0.32037181999999975
0.32085072999999975
0.32085072999999975
0.3209632499999998
0.3210352099999998
0.3211918199999998
0.32127972499999974
0.3213283749999998
0.3213985199999998
0.32162887999999973
0.32173174999999976
0.3218881649999998
0.3219452849999998
0.3222595549999998
0.32251261499999984
0.32254725999999984
0.3225629749999998
0.3226943149999998
0.3228262799999998
0.3229133299999998
0.3230218149999998
0.32324362999999984
0.32337775999999985
0.32337775999999985
0.32337775999999985
0.3233996049999998
0.32352727499999984
0.3236273249999998
0.3236273249999998
0.32367674999999985
0.3237276199999999
0.3237575049999999
0.3238642599999999
0.3238642599999999
0.3238642599999999
0.32409546499999986
0.3241842749999999
0.3243776949999999
0.3243776949999999
0.3243892049999999
0.3245071299999999
0.3246307049999999
0.324826515
0.324878705
0.32488946999999996
0.32500835999999994
0.32511234999999994
0.32519735999999994
0.32532668499999995
0.32532668499999995
0.3253699299999999
0.3254394949999999
0.32549649999999986
0.32549649999999986
0.32549649999999986
0.32550734999999986
0.32558222999999986
0.32560837999999986
0.32565626499999983
0.3258200999999999
0.3258318999999999
0.32586938999999987
0.3259509849999999
0.3261362749999999
0.3261362749999999
0.3261463599999999
0.3261734149999999
0.32646022999999985
0.3266123899999998
0.3266123899999998
0.3267369249999998
0.32696195999999983
0.3270153049999998
0.3270153049999998
0.32719058999999984
0.3272782199999998
0.32735810499999984
0.3274071149999998
0.32753182999999986
0.3275861399999998
0.3275861399999998
0.32778465999999984
0.32778465999999984
0.3278071499999998
0.3279065349999998
0.32797875499999973
0.32806864999999974
0.32814972999999975
0.32817540499999975
0.32856664999999974
0.3286498899999997
0.32877621499999976
0.32884176499999973
0.32903616999999974
0.32940939999999974
0.32960674999999967
0.32992538999999965
0.3300487799999996
0.3300487799999996
0.3301311899999997
0.3301311899999997
0.33017452499999966
0.3303081149999997
0.3307218599999997
0.3307218599999997
0.33074136499999973
0.3308743499999997
0.3309376349999998
0.3309376349999998
0.3310386649999998
0.33108044499999983
0.33117229499999984
0.3312668799999998
0.33129789499999984
0.3314549549999999
0.33163736499999985
0.3317505899999999
0.3317505899999999
0.3317505899999999
0.3319195249999999
0.3320540649999999
0.3323066549999999
0.33237160499999996
0.3324511549999999
0.3324511549999999
0.33249667999999993
0.33259177999999995
0.33259177999999995
0.33265606
0.33265606
0.33265606
0.33292506499999996
0.33315837499999995
0.33322394
0.33325084
0.33342764999999996
0.3335428899999999
0.33364279499999994
0.33380186999999995
0.33400852999999997
0.33414375999999996
0.33414375999999996
0.3343270799999999
0.3343270799999999
0.3344040149999999
0.3344409449999999
0.3344409449999999
0.3344409449999999
0.3345605399999999
0.3346057249999999
0.3346660399999999
