0
0
0
0
0
0
0
0
0
0
0
0
0
0
0
0
0
0
0
0
0
0
0
0
0
0
0
0
0
0
0
0
0
0
0
0
0
0
0
0
0
0
0
0
0
0
0
0
0
0
0
0
0
0
0
0
0
0
0
0
0
0
0
0
0
0
0
0
0
0
0
0
0
0
0
0
0
0
0
0
0
0
0
0
0
0
0
0
0
0
0
0
0
0
0
0
0
0
0
0
0
0
0
0
0
0
0
0
0
0
0
0
0
0
0
0
0
0
0
0
0
0
0
0
0
0
0
0
0
0
0
0
0
0
0
0
0
0
0
0
0
0
0
0
0
0
0
0
0
0
0
0
0
0
0
0
0
0
0
0
0
0
0
0
0
0
0
0
0
0
0
0
0
0
0
0
0
0
0
0
0
0
0
0
0
0
0
0
0
0
0
0
0
0
0
0
0
0
0
0
0
0
0
0
0
0
0
0
0
0
0
0
0
0
0
0
0
0
0
0
0
0
0
0
0
0
0
0
0
0
0
0
0
0
0
0
0
0
0
0
0
0
0
0
0
0
0
0
0
0
0
0
0
0
0
0
0
0
0
0
0
0
0
0
0
0
0
0
0
0
0
0
0
0
0
0
0
0
0
0
0
0
0
0
0
0
0
0
0
0
0
0
0
0
0
0
0
0
0
0
4.009504344815638e-05
4.009504344815638e-05
4.009504344815638e-05
4.009504344815638e-05
4.009504344815638e-05
4.009504344815638e-05
4.014503844865634e-05
4.014503844865634e-05
4.014503844865634e-05
4.014503844865634e-05
4.014503844865634e-05
4.014503844865634e-05
4.014503844865634e-05
4.014503844865634e-05
4.014503844865634e-05
4.014503844865634e-05
4.014503844865634e-05
4.014503844865634e-05
4.014503844865634e-05
4.014503844865634e-05
4.014503844865634e-05
4.014503844865634e-05
4.014503844865634e-05
4.014503844865634e-05
4.014503844865634e-05
4.014503844865634e-05
4.014503844865634e-05
4.014503844865634e-05
4.014503844865634e-05
4.014503844865634e-05
4.014503844865634e-05
4.014503844865634e-05
4.014503844865634e-05
4.014503844865634e-05
4.014503844865634e-05
4.014503844865634e-05
4.014503844865634e-05
4.014503844865634e-05
4.014503844865634e-05
4.014503844865634e-05
4.014503844865634e-05
4.255833396540012e-05
5.071796567533235e-05
5.071796567533235e-05
5.071796567533235e-05
5.071796567533235e-05
5.071796567533235e-05
5.071796567533235e-05
5.071796567533235e-05
5.071796567533235e-05
5.071796567533235e-05
5.071796567533235e-05
7.598784974623804e-05
7.598784974623804e-05
7.598784974623804e-05
7.598784974623804e-05
7.598784974623804e-05
7.598784974623804e-05
7.598784974623804e-05
7.598784974623804e-05
7.598784974623804e-05
7.598784974623804e-05
7.598784974623804e-05
7.598784974623804e-05
7.598784974623804e-05
7.598784974623804e-05
7.598784974623804e-05
7.598784974623804e-05
7.598784974623804e-05
7.598784974623804e-05
7.598784974623804e-05
7.598784974623804e-05
7.598784974623804e-05
7.598784974623804e-05
7.598784974623804e-05
7.598784974623804e-05
7.598784974623804e-05
7.598784974623804e-05
7.598784974623804e-05
7.598784974623804e-05
7.598784974623804e-05
7.598784974623804e-05
7.598784974623804e-05
7.598784974623804e-05
7.598784974623804e-05
7.598784974623804e-05
7.598784974623804e-05
7.598784974623804e-05
7.598784974623804e-05
7.598784974623804e-05
7.598784974623804e-05
7.598784974623804e-05
7.598784974623804e-05
7.598784974623804e-05
7.598784974623804e-05
7.598784974623804e-05
7.826245480113716e-05
7.826245480113716e-05
7.826245480113716e-05
7.826245480113716e-05
7.826245480113716e-05
0.00010362738879988731
0.00010362738879988731
0.00010362738879988731
0.00010362738879988731
0.00010362738879988731
0.00010362738879988731
0.00010362738879988731
0.00010362738879988731
0.00010362738879988731
0.00010362738879988731
0.00010362738879988731
0.00010362738879988731
0.00010362738879988731
0.00011709674932552131
0.00011709674932552131
0.00011709674932552131
0.00020734271670190082
0.00020734271670190082
0.00020734271670190082
0.00020734271670190082
0.00020734271670190082
0.00020734271670190082
0.00020734271670190082
0.00020734271670190082
0.00020734271670190082
0.00020734271670190082
0.00020734271670190082
0.00020734271670190082
0.00020734271670190082
0.00020734271670190082
0.00020734271670190082
0.00020734271670190082
0.00020734271670190082
0.00020734271670190082
0.00020734271670190082
0.00020734271670190082
0.00020734271670190082
0.00020734271670190082
0.00020734271670190082
0.00020734271670190082
0.00020734271670190082
0.00020734271670190082
0.00020734271670190082
0.00020734271670190082
0.00020734271670190082
0.00020734271670190082
0.00020734271670190082
0.00020734271670190082
0.00020734271670190082
0.00022277146534510132
0.00022277146534510132
0.00025045356675422155
0.00030140373891717273
0.000307400932981235
0.000307400932981235
0.000307400932981235
0.000307400932981235
0.000307400932981235
0.000307400932981235
0.000307400932981235
0.000307400932981235
0.000307400932981235
0.000307400932981235
0.000307400932981235
0.000307400932981235
0.000307400932981235
0.000307400932981235
0.000307400932981235
0.000307400932981235
0.000307400932981235
0.000307400932981235
0.000307400932981235
0.000307400932981235
0.00030934831870306267
0.00030934831870306267
0.00031572104678354365
0.00031572104678354365
0.00031572104678354365
0.00031572104678354365
0.00031572104678354365
0.00031572104678354365
0.00031572104678354365
0.00031572104678354365
0.0003379333947276234
0.0003379333947276234
0.0003379333947276234
0.0003379333947276234
0.0003379333947276234
0.0003379333947276234
0.0003379333947276234
0.0003379333947276234
0.0003379333947276234
0.0003379333947276234
0.0003379333947276234
0.0003379333947276234
0.0003379333947276234
0.0003379333947276234
0.0003379333947276234
0.0003379333947276234
0.0003379333947276234
0.0003379333947276234
0.0003379333947276234
0.0003379333947276234
0.0003379333947276234
0.0003379333947276234
0.0003379333947276234
0.0003379333947276234
0.0003379333947276234
0.0003379333947276234
0.0003379333947276234
0.0003379333947276234
0.0003379333947276234
0.0003379333947276234
0.0003379333947276234
0.0003379333947276234
0.0003379333947276234
0.0003379333947276234
0.0003379333947276234
0.00035115478973895685
0.00035115478973895685
0.00035115478973895685
0.00035115478973895685
0.00035115478973895685
0.00035115478973895685
0.0003614436213860514
0.00039599749719856816
0.00039699550119058413
0.0004065830643311854
0.0004065830643311854
0.0004065830643311854
0.0004065830643311854
0.0004065830643311854
0.0004065830643311854
0.0004065830643311854
0.0004065830643311854
0.00040832696069391584
0.00040832696069391584
0.00040832696069391584
0.00040832696069391584
0.00040832696069391584
0.00040832696069391584
0.00040832696069391584
0.000419714702240096
0.000419714702240096
0.00044894115105562494
0.00044894115105562494
0.00046836455937964994
0.00046836455937964994
0.00046836455937964994
0.00046836455937964994
0.00046836455937964994
0.00046836455937964994
0.00046836455937964994
0.00046836455937964994
0.00046836455937964994
0.0005230462243967989
0.000785064158637095
0.000785064158637095
0.000799316674564075
0.000799316674564075
0.000803756890231693
0.000803756890231693
0.000803756890231693
0.000803756890231693
0.000803756890231693
0.000817214081863893
0.0008247099940799644
0.0008247099940799644
0.0008247099940799644
0.0008306827830611814
0.0008306827830611814
0.0008813236180873408
0.0008813236180873408
0.0008813236180873408
0.0008813236180873408
0.0008813236180873408
0.0008813236180873408
0.0008813236180873408
0.0008813236180873408
0.0008813236180873408
0.0008813236180873408
0.0008839466906578958
0.0008839466906578958
0.0009161612187314772
0.0010036977928124602
0.0010036977928124602
0.0010036977928124602
0.0010036977928124602
0.0010036977928124602
0.0010036977928124602
0.0010128485686594954
0.0010233529223090646
0.0010233529223090646
0.0010233529223090646
0.0010353525562461921
0.0010694230642508582
0.0010694230642508582
0.0010694230642508582
0.0010694230642508582
0.0010694230642508582
0.0010694230642508582
0.0010694230642508582
0.0010694230642508582
0.0010694230642508582
0.0010694230642508582
0.0010694230642508582
0.0010694230642508582
0.0010694230642508582
0.0010694230642508582
0.0010694230642508582
0.0010694230642508582
0.0011052035296593692
0.0011052035296593692
0.0011052035296593692
0.0011052035296593692
0.0011052035296593692
0.0011052035296593692
0.0011052035296593692
0.0011052035296593692
0.0011052035296593692
0.0011052035296593692
0.0011052035296593692
0.0011052035296593692
0.0011052035296593692
0.0011157879180240923
0.0011471684736613257
0.0011471684736613257
0.0011471684736613257
0.0011471684736613257
0.0011471684736613257
0.0011471684736613257
0.0011471684736613257
0.0011471684736613257
0.0011668385140175337
0.0011668385140175337
0.0011882871846019404
0.0011882871846019404
0.0011882871846019404
0.0012046057773520836
0.0012046057773520836
0.0012046057773520836
0.0012157399153791975
0.0012157399153791975
0.0012157399153791975
0.0012157399153791975
0.0012157399153791975
0.001216553589091047
0.001216553589091047
0.001270809553146248
0.001270809553146248
0.0012806820452978753
0.0012806820452978753
0.0012806820452978753
0.0012806820452978753
0.0012806820452978753
0.0012806820452978753
0.0012956367027855895
0.0012956367027855895
0.0013956093277291037
0.0013956093277291037
0.001404102564596043
0.001404102564596043
0.0014243494644253475
0.0014480616585315304
0.0014480616585315304
0.0014480616585315304
0.0014480616585315304
0.0014617276443305773
0.0014736492401195968
0.001487722540216324
0.0015062125248080035
0.0015062125248080035
0.0015062125248080035
0.0015062125248080035
0.0015062125248080035
0.0015062125248080035
0.0015062125248080035
0.0015062125248080035
0.0015062125248080035
0.0015218819572024643
0.0015218819572024643
0.0015343672098813578
0.0015343672098813578
0.0015343672098813578
0.0015343672098813578
0.0015486266842482648
0.0015486266842482648
0.0015657738668449026
0.0015657738668449026
0.0015657738668449026
0.0015657738668449026
0.0015657738668449026
0.0015883527695540662
0.0015883527695540662
0.0015883527695540662
0.001622027280298821
0.001622027280298821
0.001622027280298821
0.001622027280298821
0.001622027280298821
0.001622027280298821
0.001622027280298821
0.001622027280298821
0.0016359614407696964
0.0016359614407696964
0.0016359614407696964
0.0016359614407696964
0.0016359614407696964
0.0016359614407696964
0.0016359614407696964
0.0016359614407696964
0.0016359614407696964
0.0016359614407696964
0.0016359614407696964
0.0016359614407696964
0.0016484862551124015
0.0016484862551124015
0.001665465391570972
0.0016694877700812534
0.0016837415295127315
0.0016837415295127315
0.0016837415295127315
0.0016837415295127315
0.0016837415295127315
0.0016837415295127315
0.0016837415295127315
0.0016837415295127315
0.0016837415295127315
0.0017349085739540217
0.0017349085739540217
0.0017349085739540217
0.0017349085739540217
0.0017349085739540217
0.0017349085739540217
0.0017349085739540217
0.0017349085739540217
0.0017349085739540217
0.0017349085739540217
0.0017349085739540217
0.0017406322932841784
0.0017406322932841784
0.0017406322932841784
0.0017406322932841784
0.0017406322932841784
0.0017546460179799152
0.0017546460179799152
0.0017546460179799152
0.0017546460179799152
0.0017546460179799152
0.0017546460179799152
0.0017546460179799152
0.0017546460179799152
0.0017546460179799152
0.0017546460179799152
0.0017546460179799152
0.0017546460179799152
0.0017546460179799152
0.0017546460179799152
0.0017546460179799152
0.0017546460179799152
0.0017546460179799152
0.0017546460179799152
0.0017546460179799152
0.0017546460179799152
0.0017821138722645242
0.0018017660038403978
0.0018017660038403978
0.0019092018492503126
0.0019092018492503126
0.0019092018492503126
0.0019092018492503126
0.0019092018492503126
0.0019092018492503126
0.0019092018492503126
0.0019092018492503126
0.0019092018492503126
0.0019092018492503126
0.0019092018492503126
0.0019092018492503126
0.001952339481294081
0.001952339481294081
0.0019524194684961286
0.0019524194684961286
0.0019524194684961286
0.0019524194684961286
0.0019524194684961286
0.0019524194684961286
0.0019524194684961286
0.0019524194684961286
0.0019524194684961286
0.0019524194684961286
0.0019524194684961286
0.001984188409326356
0.001984188409326356
0.001984188409326356
0.001984188409326356
0.001984188409326356
0.001984188409326356
0.001984188409326356
0.001984188409326356
0.001993539808132913
0.001993539808132913
0.001993539808132913
0.002034172028683664
0.002034172028683664
0.002123558675912271
0.002123558675912271
0.0021266198192691917
0.0021266198192691917
0.0021266198192691917
0.0021266198192691917
0.0021266198192691917
0.0021382772612198904
0.002145938059203269
0.002145938059203269
0.00215947508855675
0.00215947508855675
0.00215947508855675
0.00215947508855675
0.00215947508855675
0.00215947508855675
0.0021952714719078873
0.0021952714719078873
0.0021952714719078873
0.0021952714719078873
0.0022329653136139204
0.0022329653136139204
0.0022329653136139204
0.0022329653136139204
0.0022329653136139204
0.0022329653136139204
0.0022329653136139204
0.0022329653136139204
0.0022329653136139204
0.0022329653136139204
0.0022329653136139204
0.0022329653136139204
0.0022329653136139204
0.0022329653136139204
0.0022329653136139204
0.0022329653136139204
0.002254876312327598
0.002254876312327598
0.002254876312327598
0.002254876312327598
0.002265612626505031
0.0022728561467573226
0.0023221846164456672
0.0023446361544878554
0.00240289310554877
0.00240289310554877
0.0024385109884573594
0.0025099428181571946
0.0025099428181571946
0.0025099428181571946
0.0025099428181571946
0.0025099428181571946
0.0025099428181571946
0.0025099428181571946
0.0025099428181571946
0.0025519526671258274
0.002564368204716445
0.002564368204716445
0.0026365540874275705
0.0026365540874275705
0.0026365540874275705
0.0026365540874275705
0.0026365540874275705
0.0026365540874275705
0.0026456312506790507
0.0026456312506790507
0.0026456312506790507
0.0026456312506790507
0.0026456312506790507
0.0026456312506790507
0.0026456312506790507
0.00270503178572758
0.00270503178572758
0.00270503178572758
0.0027152843228324675
0.0027152843228324675
0.0027152843228324675
0.0027152843228324675
0.0027152843228324675
0.0027152843228324675
0.0027152843228324675
0.0027152843228324675
0.0027152843228324675
0.0027152843228324675
0.002738248490015928
0.002738248490015928
0.0027950443210286364
0.0027950443210286364
0.0027950443210286364
0.0027950443210286364
0.0028496023626417405
0.0028496023626417405
0.0028496023626417405
0.0028496023626417405
0.0028496023626417405
0.0028496023626417405
0.0028496023626417405
0.002855550744128638
0.002855550744128638
0.002855550744128638
0.0028813139523366795
0.0029009864960184675
0.0029009864960184675
0.0029009864960184675
0.0029009864960184675
0.0029009864960184675
0.0029009864960184675
0.002903652207803301
0.002903652207803301
0.002913092096757413
0.002913092096757413
0.002913092096757413
0.002953414747231002
0.002953414747231002
0.002953414747231002
0.002953414747231002
0.0029551834682713086
0.0029551834682713086
0.0029551834682713086
0.0029551834682713086
0.0029852329928111944
0.0029852329928111944
0.002995852548453751
0.002996162356372841
0.002996162356372841
0.002996162356372841
0.003048414879886412
0.003147812064469608
0.003147812064469608
0.003147812064469608
0.003147812064469608
0.003147812064469608
0.003147812064469608
0.003147812064469608
0.0031578769077306654
0.0031578769077306654
0.0031578769077306654
0.003169148159183314
0.003169148159183314
0.0031827344168693286
0.0031827344168693286
0.0031827344168693286
0.0031827344168693286
0.0031827344168693286
0.0031988899825318566
0.0031988899825318566
0.003245416451835556
0.003245416451835556
0.003245416451835556
0.003245416451835556
0.003245416451835556
0.003245416451835556
0.003245416451835556
0.003245416451835556
0.003245416451835556
0.0032524705082877256
0.0032524705082877256
0.0032661601450138843
0.0032749854206183273
0.0032749854206183273
0.0032749854206183273
0.003388873867005963
0.003388873867005963
0.003388873867005963
0.003388873867005963
0.003388873867005963
0.003388873867005963
0.0034307169932554743
0.00345252137564687
0.00345252137564687
0.00345252137564687
0.003493864593402601
0.003493864593402601
0.003493864593402601
0.003493864593402601
0.003493864593402601
0.0035471213890619926
0.00361463701286417
0.00361463701286417
0.0036443176836596157
0.0036443176836596157
0.0036443176836596157
0.003662751172804421
0.003662751172804421
0.0036819739283214573
0.0036819739283214573
0.0036819739283214573
0.0036819739283214573
0.0036819739283214573
0.0036982244436129285
0.0036982244436129285
0.0037446848062007857
0.0037636466553500076
0.0037636466553500076
0.0037636466553500076
0.003773247071451867
0.003787687609840198
0.003787687609840198
0.0038120344466497365
0.0038728740946277983
0.00388459237570836
0.003935536565457619
0.003935536565457619
0.003935536565457619
0.003945639733194234
0.003945639733194234
0.004030901836858722
0.004030901836858722
0.004069831402935059
0.004069831402935059
0.004069831402935059
0.004069831402935059
0.004069831402935059
0.004082777379696217
0.004082777379696217
0.004103289855961585
0.004136811713880052
0.004136811713880052
0.004136811713880052
0.004136811713880052
0.004136811713880052
0.004136811713880052
0.00418763810621015
0.004244671927772748
0.004252880079950566
0.004252880079950566
0.004252880079950566
0.004286774078661798
0.004290668507396232
0.004299475596292325
0.004299475596292325
0.004319256936952976
0.004319256936952976
0.004469917617819526
0.004550480550131565
0.004550480550131565
0.004580313768243498
0.004595418495890166
0.004595418495890166
0.004595418495890166
0.004657941797131609
0.004657941797131609
0.004657941797131609
0.004682395249217056
0.004682395249217056
0.004682395249217056
0.004682395249217056
0.004682395249217056
0.004682395249217056
0.004682395249217056
0.0047597137539954005
0.0047597137539954005
0.0047597137539954005
0.0047597137539954005
0.0047597137539954005
0.0047788314455054345
0.0047788314455054345
0.004799495613234629
0.004799495613234629
0.004799495613234629
0.004799495613234629
0.004808576903266618
0.0048655869972309305
0.004869008423603226
0.0048718571006835555
0.0048718571006835555
0.004875268663248732
0.004875268663248732
0.004889973118261835
0.004889973118261835
0.004889973118261835
0.004896756911175539
0.004896756911175539
0.004910795608296757
0.004910795608296757
0.004910795608296757
0.004910795608296757
0.004910795608296757
0.004910795608296757
0.004926674771735951
0.004947297578585292
0.004947297578585292
0.004947297578585292
0.004947297578585292
0.004947297578585292
0.004947297578585292
0.005018711046414741
0.005018711046414741
0.005018711046414741
0.005214271331312694
0.005214271331312694
0.005214271331312694
0.005214271331312694
0.005214271331312694
0.005230663547150431
0.005230663547150431
0.005245095262322613
0.005366415237589473
0.005377188345601841
0.005433308004116114
0.005433308004116114
0.005433308004116114
0.005433308004116114
0.005440934592181614
0.005440934592181614
0.005440934592181614
0.005449021214590928
0.005449021214590928
0.005481680593654914
0.005492451399639625
0.005492451399639625
0.005492451399639625
0.005492451399639625
0.005492451399639625
0.005492451399639625
0.005500514249529923
0.005500514249529923
0.005508564933748906
0.005520113364440724
0.00553088032984231
0.005544334720917872
0.005544334720917872
0.005544334720917872
0.005573578404531363
0.005573578404531363
0.005573578404531363
0.005573578404531363
0.005573578404531363
0.005573578404531363
0.005573578404531363
0.005577679488566393
0.005577679488566393
0.005577679488566393
0.0055932158532372035
0.005645098127812046
0.005645098127812046
0.005645098127812046
0.005693551586570023
0.005693551586570023
0.005704258532880379
0.005724572102340536
0.005772094792375851
0.005781251131664423
0.005781251131664423
0.0057957782415780845
0.0057957782415780845
0.00581156363766563
0.00581156363766563
0.006023586934998288
0.006023586934998288
0.006036739936335075
0.006038210597883507
0.006054805881787097
0.006054805881787097
0.006054805881787097
0.006074211579829638
0.006078676352230308
0.006078676352230308
0.006078676352230308
0.006118954489753732
0.006152745729733193
0.0062228151761529685
0.0062228151761529685
0.006237695382943471
0.006237695382943471
0.006237695382943471
0.006237695382943471
0.006269634190542893
0.0063287296852942414
0.0063287296852942414
0.006338357929130264
0.006338357929130264
0.006359328075547261
0.006359328075547261
0.0064232632103758385
0.0064232632103758385
0.0064232632103758385
0.006436474514075774
0.006436474514075774
0.006436474514075774
0.006436474514075774
0.006436474514075774
0.006436474514075774
0.006445951420248517
0.006518594842796822
0.006538552834979345
0.006538552834979345
0.006538552834979345
0.006546450972053906
0.006546450972053906
0.006546450972053906
0.006546450972053906
0.006546450972053906
0.006546450972053906
0.006546450972053906
0.006546450972053906
0.006546450972053906
0.006546450972053906
0.006546450972053906
0.006624565465333303
0.006669217197697263
0.006671774055448422
0.006671774055448422
0.006671774055448422
0.006692068943613268
0.006706481188194109
0.006706481188194109
0.0067805696201830344
0.0067805696201830344
0.0067805696201830344
0.0067805696201830344
0.0067805696201830344
0.006789663492315394
0.006836363610207145
0.006854424881243635
0.0068645108615210965
0.0068645108615210965
0.006875343723679215
0.006875343723679215
0.006875343723679215
0.006887268604997964
0.006887268604997964
0.006908909775820051
0.006908909775820051
0.006922059486093312
0.006922059486093312
0.006922059486093312
0.006922059486093312
0.006922059486093312
0.006922059486093312
0.006922059486093312
0.006934372189916329
0.006942323693616533
0.006942323693616533
0.007122123770034162
0.007122123770034162
0.007122123770034162
0.007134506869610891
0.007134506869610891
0.007134506869610891
0.007134506869610891
0.007134506869610891
0.007201683063937583
0.007304446229796264
0.007304446229796264
0.007304446229796264
0.007304446229796264
0.00730736410188709
0.007337662977742667
0.007337662977742667
0.007353893506163458
0.007353893506163458
0.007353893506163458
0.007353893506163458
0.007353893506163458
0.007353893506163458
0.007353893506163458
0.007369201694410023
0.007369201694410023
0.007369201694410023
0.007369201694410023
0.007369201694410023
0.007437816314639805
0.007437816314639805
0.007437816314639805
0.007437816314639805
0.007548069971248673
0.007548069971248673
0.007548069971248673
0.007548069971248673
0.007564417563061178
0.007564417563061178
0.007564417563061178
0.007564417563061178
0.007634553146201981
0.00774497666835593
0.00774497666835593
0.00774497666835593
0.007766537649205571
0.007766537649205571
0.007766537649205571
0.007766537649205571
0.007766537649205571
0.007812791984101718
0.007812791984101718
0.007812791984101718
0.007832511552651023
0.007933718049758148
0.007933718049758148
0.008333702725938131
0.008342774347931516
0.008359782477147039
0.008359782477147039
0.008376791756903748
0.0086661945162758
0.0086661945162758
0.008729883899233824
0.008729883899233824
0.008748651945432092
0.008748651945432092
0.008793886791544902
0.008793886791544902
0.008793886791544902
0.008793886791544902
0.008866507109595955
0.008866507109595955
0.00887182004863072
0.00887182004863072
0.008878997023323199
0.008942663574670332
0.008942663574670332
0.008942663574670332
0.008942663574670332
0.008942663574670332
0.008964456646430244
0.009001110658759085
0.009019653237078994
0.009019653237078994
0.009287524020541185
0.009287524020541185
0.009287524020541185
0.009287524020541185
0.009287524020541185
0.009312950761346661
0.009356696686869446
0.009373833501324438
0.009420961056601078
0.009473537821147687
0.009473537821147687
0.009497854740243509
0.009506307725061239
0.009506307725061239
0.009506307725061239
0.009536265348555097
0.009536265348555097
0.009536265348555097
0.009536265348555097
0.009546035626907532
0.009624219219403988
0.009624219219403988
0.009624219219403988
0.009624219219403988
0.009624219219403988
0.009696878988157881
0.009696878988157881
0.009761441310355055
0.009779070746884838
0.009779070746884838
0.009788202808407072
0.009798093219903083
0.009798093219903083
0.009798093219903083
0.009798093219903083
0.009798093219903083
0.009839875662287766
0.009839875662287766
0.009839875662287766
0.009839875662287766
0.009913777728297476
0.009918522275534941
0.009918522275534941
0.009949489896628212
0.009949489896628212
0.010012046435305464
0.010039258481886571
0.010039258481886571
0.010095409197771603
0.010111873585373748
0.01014970659122346
0.01014970659122346
0.01014970659122346
0.010196577739033628
0.010210121338506926
0.010243753607424456
0.010280001046429427
0.010280001046429427
0.010280001046429427
0.010281536317793624
0.010281536317793624
0.010294210199092397
0.010294210199092397
0.010294210199092397
0.010294210199092397
0.010294210199092397
0.010357030806234584
0.010357030806234584
0.010410277266202627
0.010423747299656077
0.010472276266153517
0.010472276266153517
0.010502289613774444
0.010502289613774444
0.010524746859223678
0.010547114974103565
0.010548391705670752
0.010573512799791752
0.010610640486151726
0.010610640486151726
0.010610640486151726
0.010610640486151726
0.010610640486151726
0.010627448421125433
0.01067270697478326
0.010678239462273637
0.010678239462273637
0.010678239462273637
0.01067870902088854
0.010690211058405013
0.010690211058405013
0.010690211058405013
0.010705371976496299
0.010729473212923817
0.010729473212923817
0.010729473212923817
0.010729473212923817
0.010792717786660735
0.01083162012180157
0.010834167081368588
0.010834167081368588
0.010834167081368588
0.010842500827341943
0.010842500827341943
0.010842500827341943
0.011026729862174124
0.011026729862174124
0.011082244342278853
0.011092516620819672
0.011106793107284721
0.011116691475488768
0.011116691475488768
0.011116691475488768
0.011155551384427156
0.011233232205113729
0.011242634782344656
0.011254963121920186
0.011254963121920186
0.011284380980093713
0.011284380980093713
0.011284380980093713
0.011384439517506046
0.011384439517506046
0.011384439517506046
0.011384439517506046
0.011384439517506046
0.011384439517506046
0.011421361795616713
0.011421361795616713
0.011421361795616713
0.011457202795376235
0.011467568356448337
0.011480055524375529
0.011489386385987062
0.011489386385987062
0.011563512424756006
0.011572321358960578
0.011572321358960578
0.011572321358960578
0.011572321358960578
0.011572321358960578
0.011580292230836195
0.011612903359933972
0.011612903359933972
0.011635010159426118
0.01164436873155073
0.011659162751819127
0.011700532989014564
0.011700532989014564
0.011700532989014564
0.01171882743851689
0.011726231160574368
0.011828304033814498
0.011828304033814498
0.011828304033814498
0.011873062302144287
0.011873062302144287
0.011884761872984626
0.01189392231498941
0.01189392231498941
0.01190439681082447
0.01190439681082447
0.01191262416715309
0.011968355735999596
0.011985341839655429
0.011999353575395668
0.011999353575395668
0.011999353575395668
0.012021742253893413
0.012075834173266466
0.01208687670167752
0.012095259435708633
0.012095259435708633
0.012110400393966575
0.012112853301134239
0.012137711177553707
0.012168465536845708
0.012168465536845708
0.012177398054352265
0.012218893612698432
0.012218893612698432
0.012218893612698432
0.012218893612698432
0.012218893612698432
0.012345103055542456
0.012345103055542456
0.012345103055542456
0.012485637293061734
0.012485637293061734
0.012553114094121208
0.012553114094121208
0.012553114094121208
0.012553114094121208
0.012553114094121208
0.012562744908834163
0.012562744908834163
0.012569346768545271
0.012569346768545271
0.01264765508559131
0.01264765508559131
0.01264765508559131
0.012928957215563119
0.013030405088604358
0.013030405088604358
0.013030405088604358
0.013030405088604358
0.013042737393145582
0.01310014843434406
0.01310014843434406
0.01318428198426434
0.01318428198426434
0.01318428198426434
0.01318428198426434
0.01318428198426434
0.013281950562155361
0.013281950562155361
0.013328663889793138
0.013365667180227931
0.013403509386899973
0.013452129581556697
0.013473351924527317
0.013473351924527317
0.013487306294563578
0.01355277670120082
0.013601014469217264
0.013601014469217264
0.013611859044972764
0.01371382876099551
0.01371382876099551
0.013850122967952468
0.013851295213176192
0.013929655604490063
0.013929655604490063
0.01413903549836912
0.01413903549836912
0.0141763924631261
0.0141763924631261
0.014220788496897842
0.014250940710004073
0.014250940710004073
0.014276924993843771
0.014276924993843771
0.014276924993843771
0.014310961026835923
0.014319234446815163
0.014319234446815163
0.014399247550860876
0.014399247550860876
0.0144200116839084
0.0144200116839084
0.0144200116839084
0.014431268627777437
0.014431268627777437
0.01445655707037134
0.01445655707037134
0.01445655707037134
0.01445655707037134
0.01445655707037134
0.014511736502313983
0.014567174609527472
0.014610881747064975
0.014736848745834438
0.014736848745834438
0.014764032053877474
0.014764032053877474
0.014764032053877474
0.014764032053877474
0.014841843077449257
0.014881143803801369
0.014881143803801369
0.01492017253768945
0.014929224409784113
0.01493781228799872
0.014960530855734436
0.014984044790782055
0.014984044790782055
0.015016468992592782
0.015035269917383414
0.015035269917383414
0.015035269917383414
0.015081366344490539
0.015137861947923346
0.015145894832503047
0.01517868871062204
0.015218490886094406
0.015218490886094406
0.015218490886094406
0.015271149773281393
0.015271149773281393
0.015302731116457404
0.015323178659951031
0.015347021027598858
0.015431834591737038
0.015431834591737038
0.01545480363242778
0.01545480363242778
0.015464043576453177
0.015464043576453177
0.015615676532003703
0.015615676532003703
0.015615676532003703
0.015652771262200812
0.015868219490096504
0.015868219490096504
0.015890465432438265
0.01592197622989556
0.015960417954007582
0.015960417954007582
0.01599011074592192
0.01599011074592192
0.01599011074592192
0.016053404544696556
0.016053404544696556
0.016122445473539696
0.016122445473539696
0.016122445473539696
0.016199216379543177
0.016363073414104375
0.01637221663161952
0.01637221663161952
0.01637221663161952
0.01641545118676557
0.016423178835612312
0.016489179471213186
0.016550666778300922
0.016550666778300922
0.016550666778300922
0.016610815014531516
0.016610815014531516
0.016642742331458082
0.016642742331458082
0.016665860651436784
0.016665860651436784
0.016665860651436784
0.016707157209402447
0.016801056292832336
0.01682389547934191
0.01686971513170653
0.01686971513170653
0.01695879834200269
0.01695879834200269
0.01695879834200269
0.01695879834200269
0.017032324990345897
0.017098996826755922
0.017098996826755922
0.017119836680351674
0.017119836680351674
0.017119836680351674
0.01712667984951325
0.017138053195191825
0.01714560731499406
0.01714560731499406
0.01714560731499406
0.01718924922773333
0.01718924922773333
0.017205908186261068
0.017343137763432347
0.017381887305001075
0.017381887305001075
0.017381887305001075
0.017381887305001075
0.017381887305001075
0.017381887305001075
0.017429635439502187
0.01749484517931925
0.01754000882166039
0.017552143069588213
0.017592279954895224
0.017592824361492034
0.017627832210971688
0.01766436251774468
0.017727412686728762
0.017727412686728762
0.017727412686728762
0.017727412686728762
0.01776046494443905
0.01778602067250445
0.01779861600478578
0.017815672999084257
0.017834859267572174
0.017834859267572174
0.017876615334761793
0.01791754800112425
0.01791754800112425
0.017958631807909093
0.017958631807909093
0.017986173655598306
0.017989989313191415
0.017989989313191415
0.018055492545198813
0.018055492545198813
0.01817942254891435
0.018286691323300498
0.018343388282391418
0.018383925993805523
0.018398516057956033
0.018398516057956033
0.018412049465475956
0.018412049465475956
0.0184644237919141
0.018883932034926977
0.018943004898264084
0.01896604177227124
0.019083035676719963
0.019083035676719963
0.019167604827099335
0.019208450467097113
0.019217503585180436
0.019217503585180436
0.019227210973637443
0.01925445745399315
0.01925445745399315
0.019285765947221048
0.019360640730839554
0.019396464280706172
0.019402162635643448
0.019479584306628682
0.019693776520155054
0.019693776520155054
0.019738970700674187
0.019738970700674187
0.01985244265828553
0.019945203598399807
0.019974014622875947
0.019999562280593085
0.02009275711010994
0.02009275711010994
0.02009275711010994
0.020156579104315214
0.020180621338957812
0.020180621338957812
0.020202462410871435
0.02022393411128026
0.020240508036331734
0.020240508036331734
0.02025159019249539
0.020314006388295593
0.020314006388295593
0.020314006388295593
0.02035296708541006
0.020379643423523622
0.02041517955416802
0.020469596856836577
0.020480147043675134
0.020480147043675134
0.020480147043675134
0.020480147043675134
0.020573983666037483
0.020573983666037483
0.020625727356228574
0.020635582999273885
0.020635582999273885
0.020635582999273885
0.020635582999273885
0.020635582999273885
0.020635582999273885
0.020664573503712723
0.02068873571166705
0.02070691143494598
0.020735339791127728
0.020797700696978783
0.020836661204745862
0.020862951228608956
0.020916894615198446
0.020943397966736003
0.020954476820258618
0.020967394479836327
0.021063836449536466
0.021082772712565687
0.021082772712565687
0.02114971009256318
0.021221554586483376
0.02127657441483162
0.021302351606710786
0.02132753771920723
0.021339293989377745
0.02137825689753799
0.021399733047909326
0.021399733047909326
0.021399733047909326
0.021409287383013745
0.021409287383013745
0.021605966504607506
0.021605966504607506
0.02170351674921031
0.021730665548076518
0.021730665548076518
0.021743967018879474
0.021758419201544796
0.02177115876368122
0.021801108083222588
0.02181967688455519
0.021957591102312962
0.02200647994165318
0.0220296647638809
0.022051169284567726
0.02210118245727349
0.02213566454281958
0.02214460239371307
0.022151977947477957
0.0225838723120503
0.02262674651484826
0.022759929816461084
0.02278027959646183
0.022838183932241036
0.022865661797889472
0.02289378904878668
0.022995726024736412
0.022995726024736412
0.022995726024736412
0.023025908122172395
0.023025908122172395
0.023025908122172395
0.023110023474362435
0.023110023474362435
0.023120933721464006
0.023135345220608314
0.023135345220608314
0.023152905862806206
0.02316106655135827
0.023235880648944936
0.023289165051535936
0.02331420357068586
0.023329614538005073
0.023424871841001234
0.023436323171615123
0.023495171773335766
0.023529433374862376
0.023529433374862376
0.023571423115693872
0.023580451643444814
0.023580451643444814
0.023591170657961166
0.023622692725958586
0.02365675585687527
0.02365675585687527
0.023787433327955507
0.02378913749968818
0.02378913749968818
0.023853991079615226
0.02390679564595285
0.024041091122939513
0.024070757378740665
0.024070757378740665
0.02407122693735557
0.024093818178109554
0.02414028284208085
0.02414028284208085
0.02414028284208085
0.024170144608213626
0.024280352413166277
0.024324856091761295
0.024375100893692714
0.024375100893692714
0.024384972087842537
0.024384972087842537
0.024505831293128378
0.02453295626898862
0.02453295626898862
0.024573128416331906
0.024583940853602628
0.024670754964106294
0.024670754964106294
0.024670754964106294
0.024885528218790965
0.024911802686367727
0.0249372360224872
0.024956489227527887
0.025072508922657933
0.025095076239344188
0.025147856708551092
0.025195335265470097
0.025257669167020387
0.025300747233404572
0.025300747233404572
0.02531201692561659
0.025355191071686996
0.025520589768392818
0.025586850715524165
0.025624024540008474
0.025624024540008474
0.025750160067098515
0.025759763692633064
0.02588624684270482
0.025932719243000356
0.025932719243000356
0.02596677743894991
0.02600266766057898
0.02600266766057898
0.02600266766057898
0.026082300448362492
0.02609965630611106
0.02609965630611106
0.02609965630611106
0.02609965630611106
0.026103294637144583
0.026103294637144583
0.026182911095077078
0.026182911095077078
0.0262384711160074
0.026362632005427586
0.026817280184809923
0.026817280184809923
0.026828521880646796
0.026841862026395512
0.026853070026942958
0.026853070026942958
0.026877500228361852
0.027052398798596323
0.027115794246545262
0.02712174750972396
0.02713490704833157
0.027168460934334383
0.027168460934334383
0.027168460934334383
0.027226992279956407
0.027251581126573696
0.027263663777493802
0.02741173004959056
0.027436503628477004
0.027436503628477004
0.027478248018873656
0.027478248018873656
0.02750174103398141
0.027512340722144275
0.027512340722144275
0.027512340722144275
0.027565813328738736
0.027699378435989467
0.027718977522356775
0.02778859563508237
0.027802261700541675
0.027932672329601758
0.027945140680594175
0.027945140680594175
0.027945140680594175
0.027945140680594175
0.028234789375547624
0.028237073889627998
0.02826710796890143
0.02830848587438714
0.02830848587438714
0.028525676218269753
0.028525676218269753
0.028546282561288695
0.028555547201054528
0.02858433316784116
0.028617087696816878
0.028617087696816878
0.02863684219067925
0.028655548704557065
0.028671263572639414
0.028671263572639414
0.028749687633642263
0.029028241055822624
0.02922511000733986
0.029250073630480197
0.029263324855522722
0.029284968330740457
0.029284968330740457
0.029284968330740457
0.029475635931141622
0.02952315428989629
0.02952315428989629
0.029592328775458043
0.029606149377419583
0.02963000969262512
0.02976507117322982
0.029847209362377735
0.029857942904563017
0.02989750250706061
0.029962849333001324
0.030012631350320642
0.030201169939076844
0.030229495817272616
0.030229495817272616
0.030321716930030284
0.030347163728712497
0.030414964651655385
0.030414964651655385
0.030414964651655385
0.030414964651655385
0.030414964651655385
0.03045883639675124
0.03045883639675124
0.03045883639675124
0.03047604597634934
0.03050191840878018
0.030542960628613884
0.030542960628613884
0.03059638922891113
0.0306157104922065
0.0306157104922065
0.03064278874279613
0.03064278874279613
0.030655749128419688
0.030655749128419688
0.030674109018607905
0.03068891940641689
0.031048812394953728
0.03133212361669256
0.03140261797703838
0.03147279861433835
0.031542990775768685
0.031542990775768685
0.031542990775768685
0.03162119196129397
0.03165967405557752
0.03165967405557752
0.03171471405350085
0.03174073461981409
0.03174073461981409
0.031793033551330285
0.031973889340671816
0.031973889340671816
0.03199678888689657
0.03200484205650999
0.032069893011113945
0.032069893011113945
0.0320708212845254
0.032155252223015636
0.032155252223015636
0.032155252223015636
0.03223271579892029
0.03240630885693341
0.03241643923729877
0.03245040156251186
0.032477896738970634
0.032786719139153056
0.032786719139153056
0.032812511317156665
0.03281488499471471
0.03302638487248013
0.03309802417459628
0.033191289798238384
0.03322676267681519
0.03334965522508572
0.03337089100265223
0.033548038253935084
0.03364669107797805
0.03364669107797805
0.03364669107797805
0.03373032922468504
0.03375046895999412
0.03376123717706867
0.03377848614750514
0.03380931099368577
0.03386995670060493
0.03386995670060493
0.03386995670060493
0.033915873585231494
0.03392447283454349
0.033980483230524584
0.03399580676374047
0.0340506167919903
0.0340506167919903
0.034150585607412805
0.03417824810063223
0.034191440584324176
0.034236104284096465
0.03429297929364459
0.03432665555338371
0.034400794808106684
0.034400794808106684
0.034452105842284995
0.034542609161386545
0.03456285707501434
0.03465385796684488
0.03465385796684488
0.034700545802601956
0.034714642438607134
0.03471535143183675
0.03478101243414262
0.03481836376272611
0.03485025137576523
0.03496226479224446
0.03496226479224446
0.03502239908467201
0.035066986430348
0.03515861200058139
0.03545744811417474
0.03550820090404173
0.03562249279066464
0.03562249279066464
0.03565588254693654
0.03567336747403667
0.03576743283253521
0.035862008966121614
0.03587900854697001
0.03594334094914187
0.035976612688599724
0.03598818830292888
0.03602565019948058
0.03602565019948058
0.03604263030406348
0.03606441095001641
0.03606441095001641
0.03606441095001641
0.03606441095001641
0.03620278786883003
0.03622345753568384
0.03655197707528491
0.03655197707528491
0.036565028216914514
0.036598241469991195
0.036639432204589976
0.036639432204589976
0.03665042976688292
0.03670762509446927
0.03673491523810677
0.03678222214819359
0.03692611219058887
0.03692611219058887
0.037154726923791945
0.03715800528659743
0.037222871671872645
0.03724040696307043
0.03727265919052576
0.03727265919052576
0.03733887557918938
0.037379221813511124
0.037379221813511124
0.03741849150002873
0.03749555661495745
0.03757850821475704
0.03757850821475704
0.03760198883330125
0.03763897949104649
0.0376493922869064
0.03766700427328376
0.0376951592649321
0.0376951592649321
0.0377140609863012
0.03806775023728793
0.03834962414279925
0.03837543024873341
0.03841559688897369
0.03847673168423309
0.03855518292255468
0.03855518292255468
0.038574759021738375
0.03858309066824427
0.03858309066824427
0.03860123983631102
0.03860123983631102
0.03860123983631102
0.03864907140198144
0.038728083056133705
0.038728083056133705
0.038728083056133705
0.03873416669849889
0.03874514149154101
0.03874514149154101
0.038757816937091225
0.03878727070402215
0.03878727070402215
0.03878727070402215
0.03879631006991415
0.03884963059511508
0.0389371277866172
0.03897232528186787
0.03904421032031645
0.03907547709880822
0.03921409110036974
0.03921409110036974
0.039329659538335296
0.03942547934990686
0.03951788251182998
0.03951788251182998
0.03951788251182998
0.039560358782196194
0.039566129337588546
0.03962267219690987
0.03963485850160096
0.0396480464888192
0.0397434702903301
0.0397434702903301
0.039754711888181755
0.03996387723726242
0.040036259747615814
0.04007876528766739
0.04027825006593438
0.040283957859089184
0.040309300335536036
0.040321133767433785
0.0403965938572233
0.0403965938572233
0.0403965938572233
0.040417409620467956
0.040418727832156054
0.040483972791489006
0.04054300845344885
0.04070824526889783
0.04074756125688354
0.04074756125688354
0.04078888679351632
0.04078888679351632
0.040817573860538546
0.04100642191996119
0.04104730696211451
0.041062833040605415
0.041138101652240674
0.04127626868158841
0.041331358305854354
0.041376476633315645
0.04141935100815928
0.04141935100815928
0.04145327532848729
0.04145327532848729
0.04151741870396487
0.04153251126920493
0.041577616375722104
0.0416159912867647
0.0417711674187292
0.04180261463394433
0.04181387866134387
0.04182551374234064
0.041831832857664494
0.041831832857664494
0.04184307958410303
0.04184779960232933
0.04188097639077963
0.04189625805792118
0.041905932187347596
0.04198848463279281
0.04205234057104797
0.04205234057104797
0.04205234057104797
0.042071738711532025
0.04208171116108934
0.04216822216983787
0.04216822216983787
0.04223730842373522
0.042249000335715756
0.042290927866137626
0.04229914475325922
0.042360746808689065
0.042360746808689065
0.04238005506573227
0.042409971440968204
0.04244530030991919
0.042490984838974864
0.042490984838974864
0.042490984838974864
0.042490984838974864
0.042550561854824594
0.04256364199381069
0.04256364199381069
0.042612726116910596
0.042666426990873654
0.04269152317531646
0.04279674222825077
0.042839042808613635
0.04291610968933302
0.04293620782931793
0.04296868124839902
0.043056370987714705
0.043073474924195575
0.043106041042718105
0.04313169951399432
0.04313169951399432
0.04316799060859365
0.04316799060859365
0.04319749602597025
0.04319749602597025
0.04326108845021847
0.04326108845021847
0.04329428882694165
0.04330774861769625
0.043349296464441044
0.043349296464441044
0.04339450840377813
0.043405629148234856
0.04346926635541392
0.043508225239715925
0.04352561353045391
0.043586830470429126
0.04364810885686444
0.043693312791203975
0.04374056168951893
0.04385491637862533
0.043932244593673404
0.043932244593673404
0.044030207150315005
0.04405733293270227
0.044079706744453204
0.044115065707812304
0.044145053610894096
0.04417125581795335
0.044222692885626996
0.04422925073185068
0.04422925073185068
0.04425354908847217
0.04426333360225608
0.04431244622597696
0.04431244622597696
0.0443791961054635
0.0443791961054635
0.04464503620336829
0.04468430849086869
0.045058877844183776
0.045058877844183776
0.045070134401224135
0.04509997097241629
0.04511466988564648
0.04512680255011504
0.045204755348909144
0.04521635008976131
0.045246131081383104
0.04532547886779731
0.04545642689365329
0.045486947058403324
0.045498687927277535
0.04569702147150321
0.04594360884175164
0.04599668499657264
0.0460485764240249
0.04609560682356666
0.046111369051827354
0.04627413411394076
0.04631043046997119
0.04640567213425587
0.04641731380022119
0.04641731380022119
0.04649511817007549
0.046697165279169325
0.046769230033464455
0.04685001904753977
0.04685801832965476
0.04685801832965476
0.046895642974597966
0.046924026766762335
0.046980346945130834
0.04711436107086751
0.04717206084381771
0.04734826823142244
0.047368800601810285
0.047424461736863655
0.0474811856685047
0.04759170317938854
0.04759985150714012
0.047648069209703624
0.047838018726072656
0.04791641482084454
0.04791641482084454
0.04791641482084454
0.04797853564328863
0.04803982616681056
0.04808416563682489
0.04816310793834702
0.048241070987560954
0.0482717751200356
0.04834115922958608
0.04834115922958608
0.04834115922958608
0.048358750947189194
0.048454202344621465
0.048454202344621465
0.04856178405166487
0.04856178405166487
0.04858528154031268
0.04859915593641631
0.048612668190241466
0.04866623820281664
0.04869068562079445
0.04876675170571975
0.04881690862759728
0.04881690862759728
0.049113226323686025
0.04912306270317033
0.04916253495683375
0.049285753647798886
0.049329363708222704
0.049420168999909406
0.04945124178216142
0.049498806502908846
0.049538418894885965
0.049571648925025066
0.049571648925025066
0.04958580289123511
0.04973360490075457
0.0497621465370831
0.049855261625795885
0.04992107209656702
0.04992107209656702
0.04992107209656702
0.04992107209656702
0.04992107209656702
0.04993455384197022
0.0499477558047399
0.0499477558047399
0.05006818424902726
0.05007823038576281
0.05008725174560741
0.05008725174560741
0.05012347258819155
0.05017250386500513
0.05022765755332241
0.05027282051616524
0.050307112837275465
0.05033145016731384
0.05053147815310732
0.0505981594803532
0.05060656090008989
0.05069462255977636
0.05071030476981529
0.05071229184139968
0.05074903581828641
0.050775849474942354
0.050775849474942354
0.050775849474942354
0.050800223556756875
0.050836972170441065
0.0509093276157887
0.0509215157509413
0.05095034094646869
0.0510014852576681
0.0511063332115717
0.0511063332115717
0.0511063332115717
0.05121762384922177
0.05127031314030786
0.05141100130127668
0.05144628301552407
0.05162885674478639
0.05162885674478639
0.05168865371183069
0.05172400489154534
0.05187718269716865
0.05191635926080069
0.05199502865671722
0.05207563581404402
0.05211657359412339
0.052219288681045105
0.052219288681045105
0.05224963947825193
0.05226222971456921
0.05234807913918046
0.05234807913918046
0.05239955880793413
0.05241602916691241
0.0524805595163992
0.052601562876976905
0.052601562876976905
0.05265968306065606
0.05265968306065606
0.05265968306065606
0.052673673198951
0.052673673198951
0.05272279664008151
0.052761080793774486
0.05289809173179901
0.0529310909162583
0.05300362344741594
0.05304149595409005
0.05311450842552807
0.05311450842552807
0.05311554128750378
0.05322390336012704
0.053232117498171416
0.05328698338783006
0.05334699494688992
0.05336559673165638
0.05346430839282138
0.05347459154456746
0.05389694628508616
0.05390027398946681
0.053946527444070524
0.054046922729095025
0.05407151165772659
0.054146632765273484
0.05428254195767161
0.0542965792066967
0.05434502920205479
0.054374067897461555
0.05459973165749675
0.05461510939715325
0.05464547161767466
0.054648527822017956
0.054669423033391264
0.05469710144446453
0.05469710144446453
0.05469710144446453
0.05477776796179017
0.05477776796179017
0.05480491857195779
0.05491311729831027
0.05492648681907314
0.05496520139907623
0.05501193064028033
0.05507746123229038
0.0554513163219516
0.055486591413824476
0.05573283211135679
0.05573283211135679
0.05588882531628127
0.05591914174525285
0.0561297575767036
0.05623444968435291
0.05623444968435291
0.05631651133420626
0.056362710509607665
0.056362710509607665
0.05640537619379563
0.056467246748247074
0.05654219216076195
0.056555893605082536
0.05660023892620042
0.056617903826307554
0.056617903826307554
0.05666388542622755
0.0567339732019927
0.05680633724734398
0.05680633724734398
0.0568720647829485
0.056888285201412585
0.05690124736374658
0.056938677902901656
0.057052742680381865
0.05710516281146269
0.0571179054580985
0.05718813809947164
0.057227369159240905
0.05732429964800287
0.057439598592622806
0.05760073843567078
0.05767197164023708
0.0577492115202492
0.0577492115202492
0.0577492115202492
0.05776779181437203
0.05777685552277075
0.05786853259204111
0.05786853259204111
0.057901313991507046
0.05797456212399413
0.057984602340883776
0.05806878694065028
0.05809398018699901
0.05814349235690083
0.05816034922091537
0.05819918965180802
0.058200028242974856
0.058211736907845056
0.058235603556896554
0.058318423223189586
0.05832680930145351
0.05832680930145351
0.058381164988682496
0.058381164988682496
0.058416981817223046
0.05846160119375781
0.05858729897704144
0.05865116961861002
0.058669610431826745
0.05868748638600071
0.05872555364171796
0.058750176815448085
0.058750176815448085
0.05881855040298788
0.05884936841308914
0.05885860603250481
0.05885860603250481
0.05907570430547122
0.05908497598237462
0.059223222749609845
0.05929834232251592
0.05946816770363423
0.05946816770363423
0.0595374468483464
0.05957415719110011
0.05957415719110011
0.05961690097837264
0.05966237104038828
0.05967667498949855
0.059779866593748225
0.05985339724045361
0.05988627228827544
0.05990816792571521
0.06016681685314004
0.06016681685314004
0.06021307406540318
0.06022411794586015
0.060274525791629945
0.060274525791629945
0.06029701552916021
0.06031666788263855
0.060363325411707615
0.06040112616919039
0.06053717028194134
0.060566408506965076
0.060588653843296154
0.060679915759731744
0.060679915759731744
0.06072919853835126
0.06073581971631518
0.06073670813493004
0.06108450251111404
0.06118985053639979
0.06118985053639979
0.06118985053639979
0.06121713822390413
0.061304554676275075
0.061380782664685433
0.061380782664685433
0.061446935667299196
0.061446935667299196
0.061464325185709295
0.06149919975141577
0.06152552448692959
0.061568953377990246
0.061568953377990246
0.061614193741827236
0.061614193741827236
0.06169015461803996
0.06170202590826176
0.06170202590826176
0.061825989434053534
0.061911980773520045
0.06192384106614003
0.06192384106614003
0.06194508732288988
0.06196409146907413
0.06197809358776763
0.06202477012439345
0.06202477012439345
0.06202477012439345
0.062083973887815565
0.06221927350393491
0.06221927350393491
0.06228119357581785
0.06237602683316099
0.06240344585181309
0.06241746560415065
0.0626578627458905
0.06271433419318372
0.0628985861734776
0.0628985861734776
0.06292691421145419
0.06293764724060072
0.06297899381982741
0.0630292936120667
0.06305956989574873
0.06307566793389861
0.06319811514798265
0.06319811514798265
0.06319811514798265
0.06324277241804697
0.06330885950571714
0.06334693209913797
0.0633680445781568
0.0634061384933409
0.06346948418942633
0.0635500436192033
0.0635603168063139
0.06365217975733421
0.0638007730133356
0.06382476346366327
0.06383409880041992
0.06383409880041992
0.06387276298372964
0.06390636940949194
0.06398800794312917
0.0644463706074864
0.0644463706074864
0.06450637707438485
0.06457473729855195
0.0646194809971443
0.06463938209630311
0.06464917397410846
0.0647089256045679
0.06498993980110031
0.06506698239027756
0.06507981173096772
0.06514779331713977
0.06514779331713977
0.06522497878203218
0.06525706830344687
0.06532851838025781
0.06548763083870397
0.06555410011338032
0.06556553519986115
0.06558438814956206
0.06561516458958902
0.06562216032017204
0.0656791857478444
0.0656791857478444
0.06569267428786203
0.06608242670202273
0.06614379888460731
0.06627454477068527
0.06635988078824534
0.06639290407874349
0.06652560786503442
0.06652560786503442
0.06658065128675764
0.06658740871005843
0.06676904119301724
0.06679826579039802
0.06692140725115577
0.06694127859892435
0.06694597899219222
0.06699796836506455
0.06699796836506455
0.06702265158966152
0.0671297684051328
0.06715984566402564
0.06717986559066093
0.0672565521671568
0.06732004514917797
0.06740509725099902
0.06740509725099902
0.0674799698940402
0.06749140036201007
0.06755203444558532
0.06771489577632447
0.06771489577632447
0.0678318554995072
0.06786690097455315
0.06787263446605178
0.06789718953951067
0.06793836676882578
0.06795782063619457
0.06799061663108658
0.06804189325302035
0.06804189325302035
0.06804500378111447
0.06804917862889616
0.06811509907941062
0.06821346419692434
0.06829514794403674
0.06831316241651128
0.06833995512961852
0.0685203440433683
0.06853678743621905
0.0686369227035699
0.06865693132515173
0.06869820523367014
0.06877973975709659
0.06877973975709659
0.06882465179186582
0.0688591460166516
0.06889158330565007
0.06900307943864976
0.0690208967281638
0.0690208967281638
0.06910194900289038
0.06910816386772317
0.06917667313208277
0.06926659922720738
0.06926659922720738
0.06948603822572964
0.06954105309851746
0.06957039563413671
0.06972806094123722
0.06975652874774044
0.06979285681694607
0.06991740205722864
0.06996818439946098
0.06998722441651324
0.06998722441651324
0.06998722441651324
0.06999587221525537
0.07023057808608134
0.07028017944964646
0.07028017944964646
0.07036113032364849
0.07036113032364849
0.07043556920357347
0.07052701252599755
0.07052701252599755
0.0705622215255035
0.07057736398710421
0.07063643648595734
0.07063643648595734
0.07067613981126498
0.07072674660123371
0.07084183019038695
0.07094311519533147
0.07100472573526648
0.07100472573526648
0.07109142356263112
0.07111904025749388
0.07119887090311192
0.07121223571625256
0.07122669174693301
0.07127181082860905
0.07130595155316972
0.07130595155316972
0.0713359012148023
0.0713359012148023
0.07139642507513236
0.07140612132411862
0.07142736738214432
0.07152238619181998
0.07155461518684221
0.07155461518684221
0.0715766641287051
0.07160430357503164
0.0716172501116421
0.07170100036366314
0.07178842901407201
0.07181360225677377
0.07186631266208156
0.07226575887905956
0.07228109875299439
0.07233611360973466
0.072423450341437
0.07244317114752456
0.0724629105073821
0.07251419717398253
0.07288429610178118
0.07291800135660921
0.07292842426216825
0.07295356099210291
0.07298572435595459
0.07301138088153872
0.07301138088153872
0.07304596636369146
0.07316877856366925
0.07318998028689258
0.07327590935212681
0.07332342309193332
0.07332342309193332
0.07335868118776709
0.07335868118776709
0.07335913078313126
0.07338446736303217
0.07347937109982029
0.0735051466813826
0.07358196191490082
0.07359096719433864
0.07362865255345415
0.07374143165849058
0.07376860053485469
0.07380033135322876
0.07382209731925402
0.07382209731925402
0.07390555138544362
0.07391831365657466
0.07393999544595424
0.07400960014407111
0.07403527024753392
0.07418709567101638
0.07438566633152009
0.07442183130053587
0.07443249252242577
0.07456379601463645
0.07464667337836373
0.07486533194772839
0.07490753941216398
0.0750245358349984
0.07511205782459053
0.07525026071002554
0.07560918593720453
0.07566725491377535
0.07572531735225985
0.07575239564008573
0.07575239564008573
0.07577486718064311
0.07583331474992265
0.07593903711448663
0.07600327566221195
0.07628659550840983
0.07633672658175648
0.07643638454706443
0.07643638454706443
0.07645560074964754
0.07658044276933766
0.07658044276933766
0.07685915408354643
0.07707679265018257
0.07713983756774564
0.07725056628121824
0.07735680224510129
0.07738621534315329
0.07743340371219609
0.07745480551618765
0.07745480551618765
0.07745480551618765
0.07755230074677862
0.07760137285940437
0.07762955727807856
0.07764342304287611
0.07767194159312896
0.0776783533898938
0.0777739018016638
0.07786414482933283
0.07794800767313087
0.07796882310483962
0.07803136474386987
0.07803136474386987
0.07808081888618744
0.07812673813691935
0.07812673813691935
0.07816146148303314
0.07816633844495817
0.07823115343361774
0.07825846155896235
0.07835578819706264
0.07839256372765335
0.07839256372765335
0.07842091196149434
0.07843015016371907
0.07847418572490421
0.07853739471467673
0.07855854533119903
0.07857826809269446
0.07861888567614585
0.07862381656449786
0.0787134488434459
0.0787134488434459
0.07875957434289045
0.07880798486062243
0.07880798486062243
0.07889726925603223
0.0789399286215697
0.07901246087133897
0.07901246087133897
0.07925724394986115
0.07931008416707126
0.07940366353042076
0.07940366353042076
0.07965038269393378
0.0796906569704202
0.07969924840818664
0.07971288266096295
0.07982976224143155
0.07987426712691852
0.07991415211079574
0.08000897422139375
0.08006311924065385
0.08012727472430892
0.08019435844807936
0.08023127215454888
0.08023127215454888
0.0802424610409394
0.08060645945442244
0.08062171272300427
0.080727989737469
0.080727989737469
0.080727989737469
0.08074357880305684
0.08087694431419161
0.08092811389001976
0.08094832676524179
0.08094832676524179
0.08096787935714655
0.08104696795057882
0.08106254394165396
0.08114044293279046
0.08124907213032298
0.08126679504437218
0.08129395886682722
0.08137277555876973
0.08144800462398925
0.08144800462398925
0.08151309153388155
0.08156993588283779
0.08157973469227046
0.08157973469227046
0.08160565361170681
0.08164336832990898
0.08171220395382396
0.08173469008204598
0.0817521602255852
0.08179998946932698
0.0818508030866834
0.08187417687244272
0.08189599157994366
0.08189599157994366
0.08192012450541297
0.08194184363388204
0.08226601778045332
0.08236808011131598
0.08266750236923492
0.08268683956843922
0.08272356554846523
0.08283602559883439
0.08284497792206892
0.08291746447502407
0.08294020305586836
0.08295032375543918
0.08300254256717793
0.0830327674586062
0.08307845576562453
0.08307845576562453
0.08311251172659805
0.08315263015777648
0.08318167078088579
0.08323883964902903
0.08334039804151486
0.08338991532724524
0.08346688616145345
0.08347923828223408
0.08351294308876854
0.08355059218992836
0.08355059218992836
0.08361651740937406
0.08374148640495213
0.08379876855780051
0.08383337776204493
0.08384060014817804
0.08395600341168818
0.08400847037540339
0.08400847037540339
0.08407599496502395
0.08418468142673764
0.08420514137931197
0.08421884678039968
0.0842311275286884
0.08427035261518157
0.08427035261518157
0.08428529038826175
0.08430762442500322
0.08432141062893239
0.08433582940895311
0.0844187832123457
0.08445106505249435
0.08446391694813414
0.08460153727937239
0.08467318021501928
0.0848488056150917
0.084956413905715
0.08497048408849832
0.08500367866342998
0.08504494935015378
0.08505887594140497
0.08530486966511591
0.08531903399360753
0.08550741460050583
0.08552277159709559
0.08556546038682511
0.08557522566522754
0.08565311813587129
0.0856866655146346
0.08570834273160174
0.08597144566542503
0.08597144566542503
0.08607308633083073
0.08610708296408665
0.08624148831929304
0.08648187672458595
0.08652541783550924
0.08678476650889003
0.08683393360042016
0.08695162549777002
0.0869931711105407
0.08702707038405653
0.08711269096611046
0.08730232626588588
0.087335048488569
0.08743693696470953
0.08752495129723394
0.08764996233484133
0.08772791757026233
0.0877735993656189
0.08779539278976882
0.08783241917689724
0.08788009256829299
0.08789886066373268
0.08790965694126257
0.0879525788077435
0.08803028876339895
0.0880398338446776
0.0880398338446776
0.08805698466383079
0.08817470754643994
0.08826450052380257
0.0883365192562373
0.08834352268910338
0.08858120698421379
0.08858777492283998
0.08859548926252939
0.08867499030602886
0.08880501622446246
0.08886337097820164
0.08890314829530313
0.08890894733769293
0.0889167002296447
0.0889264646032407
0.08901165438306775
0.08903867900371058
0.08909832702733428
0.08912331931444832
0.08919686749483363
0.08924430328084311
0.08932557050938512
0.08934955527803602
0.0893800762866264
0.0893893476862346
0.08948149442833454
0.08980568180530091
0.08982343726669453
0.08983548650897247
0.08986025813819026
0.08991625531601329
0.0899588085362539
0.08998580661128036
0.09000185230964669
0.0900895760558069
0.09010623912311815
0.09043420082665234
0.09043420082665234
0.09053718640724609
0.09059075371713976
0.09061180201809078
0.09080124932601248
0.09080124932601248
0.09087081375912734
0.09095048405894056
0.09097272444657482
0.09100387900330979
0.09107106327545735
0.09112763478054409
0.091145083823163
0.09120420505288108
0.09144216532457425
0.09148329958632453
0.09148329958632453
0.09152100589505824
0.09154845267763001
0.09155619347012313
0.09156616687895162
0.09163344544457387
0.09168368588954051
0.09169779624218612
0.09171540577298487
0.09172850526187218
0.09184661210739054
0.09186242515885866
0.0919051917019537
0.0919342941561462
0.0919842502771364
0.09202092327926499
0.09216728436234402
0.09231675551163138
0.0923502837480211
0.09240436275867428
0.09241426603121167
0.09266342514141933
0.09271736605775077
0.09280612817346919
0.09283954363100734
0.09294789347954213
0.09296228740784618
0.09302525686909531
0.09317453061783348
0.09322971240064364
0.09330954264513629
0.09335411835288361
0.09338946782169305
0.09345018656842244
0.09350574670833196
0.0935528211069968
0.09358586512795194
0.09362495987503845
0.09363517343407261
0.09364525576921809
0.09364525576921809
0.09396976454875101
0.09435469804526535
0.09446801849072797
0.09453740012613829
0.09469593172101526
0.09475812350686035
0.09477347134713009
0.09487345852763415
0.09495263287409848
0.09497112282500612
0.09502840879218445
0.09507559156983725
0.0951048072888993
0.09519697568945307
0.09519697568945307
0.09521901293693387
0.09525208082967287
0.09527633385868407
0.09549735431712843
0.09552883025148776
0.09554433896585528
0.09558619385453737
0.09561124974415484
0.09571446798225106
0.09577180636790181
0.09582360378341714
0.09585462426825367
0.09588756620328999
0.09593123875828202
0.09603903270716763
0.09605689809368939
0.09607215375710873
0.09623790599673929
0.09655687765913099
0.09662034711010307
0.09664542640716915
0.09681554841830893
0.09681554841830893
0.09690044406813515
0.0969653434176624
0.09703408009467801
0.09709071222818343
0.0971282083353185
0.0971282083353185
0.0971391113182739
0.09714637332663126
0.09720769219277525
0.09741944332087239
0.09747596395429996
0.09748826222837371
0.09751197320142743
0.09755106770049649
0.09757945749380395
0.0976020835429091
0.09761667920817146
0.09774000577125813
0.09776047578599077
0.0979484743956959
0.09799298591477973
0.0980196715046692
0.0980196715046692
0.0980196715046692
0.09813282495628183
0.09816089403047588
0.09824643908589026
0.0983067360573142
0.09842866483706163
0.09844075392417087
0.09858634215712857
0.09870955437568771
0.098730759265728
0.09874037328868812
0.09880082755431814
0.09881933303637114
0.09888379487578973
0.0989092259680308
0.0989259825939037
0.0989503766828
0.09911138105997364
0.09913491283146778
0.09939654512330781
0.09944164028938234
0.09947018606357087
0.09947018606357087
0.0994946197843478
0.09954009685603539
0.0995875884107601
0.09961198625356221
0.09963415948125008
0.09966044979187459
0.09972881525181758
0.09989226635406578
0.09991659040455028
0.09997035291797783
0.09997856667509272
0.09997856667509272
0.10003230399236548
0.10004147140268785
0.10008164132543519
0.10010999754150264
0.10017733647321413
0.10021165270974423
0.10027524929361192
0.10032918985718431
0.10036460175658486
0.10044449574931784
0.1005650580853524
0.1005750349562607
0.10061754442233807
0.10067336110100238
0.10068229363565577
0.1007282808563629
0.1007282808563629
0.10080211375454215
0.10091681856150578
0.1009243736882564
0.1009437663224844
0.10118491002060245
0.10125227325709055
0.1012742803056304
0.1012742803056304
0.1013162705724037
0.10133895101868404
0.10154516374189378
0.10161573937904908
0.10165415353143832
0.10166086208201153
0.10167121638220429
0.10173424606443095
0.10177881873423361
0.10179659684534209
0.10205771011950424
0.10240593677329807
0.10241350229013033
0.10244758895597206
0.10252361794443916
0.10256779023640004
0.10266621397698478
0.10266621397698478
0.10281329064091146
0.10285793253149324
0.1030055330334372
0.10332250784398489
0.10332250784398489
0.10332250784398489
0.10338722846748262
0.10338722846748262
0.10338722846748262
0.10341764396913196
0.10344500056912441
0.10349948325792088
0.10367579398856361
0.10371951213866767
0.10375622919422309
0.10377603173612755
0.10383457527523766
0.10388913023134252
0.10396099774320601
0.10407493667413333
0.1041856900338879
0.10421129319003265
0.10433304647927664
0.10436308045613063
0.10436308045613063
0.10439573144358565
0.10440060840551069
0.10440926337359696
0.10440926337359696
0.10444514070406359
0.10448609095653044
0.1045256135663638
0.10456717171460796
0.10460987304350648
0.10462618887995925
0.10463989278752071
0.10469017119208872
0.10476708915045796
0.10488482969112552
0.10489621893407353
0.10490831885600951
0.10518775899016948
0.10519862758066625
0.10519862758066625
0.10521051929027334
0.10527351478079415
0.10529937240927276
0.1053530395333757
0.10557374603337473
0.10557374603337473
0.10559768029687024
0.10566282927162429
0.10569393693764138
0.10572783010399407
0.10583045940298248
0.10585157078326793
0.1058750290163762
0.10594472899379262
0.10595335496293475
0.1060194522211732
0.10612363607254433
0.10613415771836075
0.10616139364376496
0.106401182506268
0.10647543875484043
0.10657070809479915
0.10669205407457108
0.1067343200830276
0.1067990359698134
0.10682914207185555
0.10691335874994341
0.10694745912890286
0.10698669493402846
0.1070224639326822
0.10704988057912627
0.10718676882881577
0.10725590619671219
0.10726730048197974
0.1073435098657336
0.1074005583478444
0.10748511368097839
0.10763912511396652
0.10773903586828018
0.10791419695494382
0.10817256331417126
0.10818028461199483
0.10818918128516584
0.10819781381719511
0.10819781381719511
0.1082053588953631
0.10823763329683506
0.1083775463345481
0.10843864217141239
0.10877997727201458
0.10884302852641156
0.10884302852641156
0.10904923114607298
0.10916837483719558
0.1092075728858235
0.10922859260524047
0.10930474312578217
0.10934787035149691
0.10944621009797373
0.10951187084828644
0.10956359235168528
0.10956359235168528
0.10958105413357172
0.10961298747863844
0.10968625744358228
0.10970995564465484
0.10980550157239356
0.10991536337383052
0.10993960091393169
0.10993960091393169
0.11013587716421137
0.11018634205484033
0.11036481151087876
0.11039032966929248
0.11042159384971532
0.11049166218246445
0.11049166218246445
0.11067973991747497
0.1108268697334677
0.11087664612064928
0.11089515574104468
0.11091041816376225
0.1110943646508688
0.11109455457869621
0.1111536458817793
0.11117274717828221
0.11121047338911713
0.11157193969544768
0.11158824263763617
0.11167844015332866
0.11175739035422692
0.11177252114493026
0.11185849433844681
0.11195786217297884
0.1120335838948285
0.1121071427785487
0.11225416300259147
0.11231535846159894
0.11239471748556434
0.11240522876107864
0.11254089697854777
0.11257098862668104
0.112590535753549
0.11266821259300065
0.1127057079601235
0.11272210141478965
0.11272965512839904
0.11279561928162034
0.11286279148167036
0.11290507560083267
0.11322892953516864
0.11329150312032052
0.11346048871906009
0.11352052368246134
0.11355142562801365
0.11359982224884252
0.11368119352485123
0.11381718345595077
0.11388835057125742
0.1141409834361476
0.11419329884365349
0.11421039014922657
0.11424159862841086
0.1145759591137249
0.1146104365430582
0.11469977034556317
0.11472106070664032
0.11488386009733235
0.11508674143908983
0.11508674143908983
0.11508674143908983
0.11511005972582382
0.11523639017115447
0.11523639017115447
0.11527650755810959
0.11541111050895259
0.11542101471882564
0.11548445470873196
0.11549419999620678
0.11550999749687174
0.11550999749687174
0.11556636074886235
0.11560826574530429
0.11561629812284889
0.11570035405767114
0.11583317000071515
0.11590180040492867
0.11595505661957715
0.11600788910142891
0.11603604553603018
0.11607489984950155
0.11610448207976705
0.11615528282479194
0.11615528282479194
0.1163901624413102
0.11646711474042837
0.11653496858239865
0.11655523262906736
0.11662900463312934
0.11669530315963289
0.11675213779288006
0.11677813928824174
0.11678694696516084
0.11680153924768923
0.11681746937719441
0.11689096144923769
0.11689096144923769
0.11692565262370312
0.11693479137303703
0.11695737137023349
0.1169680159553748
0.117017723881313
0.11703425843608738
0.1170885817359269
0.11711663939800313
0.11711663939800313
0.11712488370624366
0.11737408241671031
0.1176105982714447
0.11765776317967187
0.11765776317967187
0.11773606045118705
0.11774498133988824
0.1179012059787745
0.1179227206722455
0.1179642512727819
0.1181120975109585
0.11818305092473615
0.11825797104756659
0.11834102111732643
0.11837407202954954
0.1184179042616444
0.11851377867340722
0.11855014436407703
0.11860395586097061
0.11860395586097061
0.11865321452442248
0.1187219274257956
0.11890489120996148
0.11891978065070115
0.11895629770761876
0.11904263346491702
0.11931989809820523
0.11939954102200334
0.11940837123222937
0.11957685110042879
0.11970005024512081
0.11972443095070086
0.11972443095070086
0.11986649321201223
0.11986649321201223
0.11995746457765705
0.12002909389614543
0.12003596424140706
0.12005375662202246
0.1200980935399749
0.12015898578684533
0.12018159793324062
0.12024629375035698
0.120334766350809
0.12034656072183908
0.12061967340979383
0.12070013068565794
0.12081543577294611
0.12096998406843022
0.1209855914114776
0.12100554529957586
0.12117373186704625
0.12125197782748816
0.12125197782748816
0.12134972307326526
0.12136200093767269
0.12141159022256029
0.12150254046632783
0.12155075666887499
0.121688665403059
0.12174228020157195
0.1217620094845689
0.1217620094845689
0.12178428489678451
0.12182195744652125
0.12183590260695353
0.1219758203793923
0.12201879316834718
0.12204156536387827
0.12205852851936554
0.12207879017436665
0.12211703300103974
0.12211703300103974
0.12213186357564655
0.12215697943888103
0.12224884548249927
0.1222550486004183
0.12234506794638488
0.12237068467918154
0.12241040735269744
0.12244327958672123
0.12245598568440723
0.12249521298499125
0.12249521298499125
0.12255768249837921
0.1225992996141039
0.12261444383784079
0.12262101083382831
0.12281131457602032
0.12284551347681859
0.12285424334702502
0.12287898149252559
0.12295639470642528
0.12298391905141577
0.12309047854853032
0.12310552958528748
0.12315844713586654
0.12316955775551384
0.12351938060553397
0.12355094689279095
0.12357496145129838
0.12357496145129838
0.12360119807798793
0.12362670059065474
0.12371217937928564
0.1237791716512308
0.12394620260775858
0.12402114429460212
0.12405806007456266
0.12420384909895987
0.12420953700414039
0.12424586564026183
0.12425163821657054
0.12429083022497886
0.12437097800793367
0.12441078307796558
0.12450490443939269
0.12457723578666369
0.12460378195458646
0.12466272283153361
0.12481254714085366
0.12484124041175046
0.1248848700210473
0.12512944121281067
0.12514739340704203
0.1253339675682001
0.12535218690304023
0.12542549408685955
0.12545294159868461
0.12577150645925125
0.1258357045259896
0.12598586760989375
0.1260386916834401
0.12605585406634914
0.12608451941040572
0.12615333417869481
0.12618811375780578
0.12618811375780578
0.12623349007009713
0.1262599642723678
0.12640033757253488
0.12641948629424757
0.1266923007206261
0.1267485609663983
0.12676775621512715
0.12681902236919718
0.12691700385274546
0.12696511882950803
0.12706058715076557
0.12737281860336716
0.12737281860336716
0.12744146491182656
0.12747168957400334
0.12750414506955315
0.1275258227301974
0.12757891655337839
0.12759889086063936
0.12762796164196302
0.12767270026614225
0.12779236856550086
0.1281728576925926
0.12825441852254074
0.1283378420937674
0.12837099022318152
0.1284553186144339
0.12851175808236676
0.128552123950249
0.12861248660752966
0.12866577168702992
0.12869696916832102
0.12911227023417723
0.12916802197173305
0.1293081106147568
0.12937961503837234
0.1294887756150842
0.12963040029123832
0.12983861349694245
0.12989462583567885
0.1299193706262094
0.12992940927314034
0.12993656266168738
0.1300422373061407
0.13047474023221867
0.1305038198755094
0.13067592270765194
0.13071571948767416
0.13076657155799493
0.13081830066787792
0.13081830066787792
0.13082596093271612
0.13083351168288995
0.13087097680023863
0.1309168047940881
0.13092842280580866
0.13099798493799195
0.13100388106016864
0.13110357890527502
0.13111740314369352
0.1311431568890429
0.13117319716261283
0.1312512722607076
0.13128339961946095
0.13129188027844332
0.13132262869624148
0.1314189925551802
0.13149204315761057
0.13151774249281356
0.13152858892661157
0.13152858892661157
0.13152858892661157
0.1315884547307615
0.13167101065089254
0.131714367620792
0.13186225004295135
0.13213684553399382
0.1322237095044257
0.13228763916018096
0.13230004133488013
0.13230004133488013
0.13231856339916703
0.13237677717652285
0.13237677717652285
0.13242875343779195
0.1326348858338652
0.13266620693220377
0.13266620693220377
0.13271094242928086
0.1327673727691833
0.13279014519014035
0.13279984261961886
0.13297000363650557
0.13308805471507804
0.13318244038650448
0.13324765157670523
0.13331736686026407
0.1333783393098324
0.13340842223211025
0.13343522268735195
0.13346238717244724
0.13348424297361716
0.13355326509319024
0.13389528652078317
0.13391792363344965
0.13396887543487973
0.1341385825265684
0.13418042140534703
0.1342143965723015
0.13432490218787743
0.13437758499605654
0.13446421557928168
0.1345389994992492
0.13462103528681074
0.13468959674768513
0.13475252442815586
0.13493088748980953
0.13496488288389752
0.13499964210885204
0.13504083078363088
0.13509135101057143
0.13510626460179936
0.13511560349110802
0.13518011321103274
0.13522911597571055
0.13525897145977306
0.13526612612597322
0.13531390872317653
0.13532174790041682
0.13532174790041682
0.13532174790041682
0.135386793260131
0.1354539601961963
0.13548559954987988
0.13551744315019726
0.13552562424918257
0.1356077659599599
0.13564906137276792
0.1357291751978842
0.13576953004268288
0.13600982216122018
0.13605871301466196
0.1360850125373572
0.1360850125373572
0.13641039867877228
0.1364609721646463
0.13647019870567495
0.13647825509400896
0.13686072468777397
0.13694592986026902
0.13713386869486796
0.13741211544566959
0.13744296331230216
0.13744296331230216
0.13745655998192768
0.1375064437158638
0.1375402123516385
0.13757303441715849
0.137617919857575
0.13765909057341746
0.1377137403567958
0.13775781073555907
0.1378401252245946
0.13788661576627173
0.13805702376111403
0.13807818530428856
0.13811562277773243
0.1381487938408226
0.13821335709137628
0.13837212704339136
0.13847078101835905
0.13855532447328314
0.13865969132672146
0.13865969132672146
0.1388146983686263
0.1388623408543088
0.13896009362244566
0.1390497767366368
0.1390739497322986
0.13914383688641224
0.1392753601676798
0.13929920910220842
0.13934840816399646
0.13937683978397702
0.13940623233916488
0.13940623233916488
0.13953914580166651
0.13957138703232305
0.13964200362644963
0.13965400314005588
0.13966227885969437
0.13974419860217405
0.13979800832489336
0.13984613907235635
0.13992073349461928
0.1399454482455178
0.13996460550408904
0.1400100689868065
0.1400518348911943
0.14009917601740782
0.1401514306550467
0.14021563843750603
0.14023385419590148
0.14025955796651035
0.1403641171884085
0.14041564697190936
0.14048734422896805
0.14064825184082355
0.14072465460164482
0.1407533035231304
0.140820735287919
0.140820735287919
0.1408368393449026
0.1409711065300751
0.14097724107812526
0.14109520462802086
0.14109520462802086
0.14112803722276265
0.14119842368639288
0.14124381917661086
0.14154971994224874
0.14158918011856714
0.14160160595813515
0.14167583849167273
0.14176712905600936
0.14190393991639777
0.141953732265088
0.14198637165332467
0.1420752583456909
0.14210522926548372
0.1422229630361711
0.14223084926707394
0.1424342779184686
0.1424725647976856
0.1425097225305599
0.1425097225305599
0.1425422779709365
0.14258231168525884
0.1427737552621954
0.14283433077851343
0.14283433077851343
0.14289313424827943
0.14290400447230456
0.14298188078570312
0.1430093894960717
0.14335122142975057
0.1433869041250487
0.14344421192714102
0.1436183411125076
0.14376483511638985
0.14379292481798123
0.1438282454888946
0.14389826720208188
0.14391425787195472
0.14393409547924374
0.14397031556823894
0.14401052089381938
0.1440412997673386
0.1440933192130665
0.14413927759404357
0.14436922286393133
0.14439330618435986
0.14448962903875157
0.1445260861498145
0.14459714589033806
0.1447040606500284
0.14482494356360048
0.14485894828162074
0.144911816349421
0.14495419608854862
0.14506694317980862
0.14524155381284323
0.14524155381284323
0.1452912510960366
0.1453709547176375
0.14541846403783312
0.14544756995461602
0.14559783297523776
0.1456806157766129
0.14575004683576903
0.14578794228242867
0.14584914773005253
0.14586956769935008
0.14615691396989444
0.14622035902204636
0.14652309216533566
0.1465475861655899
0.14659919530211177
0.14674362185624898
0.14677220274082742
0.1468616334443846
0.14687010968190048
0.14694422144389566
0.14708383747603573
0.14708383747603573
0.14718004498323803
0.14721533374685522
0.14723581863253882
0.14724944615047683
0.14729582396187482
0.1473490683873876
0.14740889729454348
0.14746303758021445
0.1474987813746013
0.14764016585800033
0.14773742876997384
0.14780904069787923
0.14780904069787923
0.14787274192949149
0.14796439490689656
0.1479807555603777
0.14799782577031179
0.14803136552744478
0.14814576864659906
0.14826744797829813
0.1483085176531001
0.14837619183456735
0.1484158592756234
0.1487383873137029
0.14878314180924507
0.14879871144172147
0.14884395368566633
0.1488519342410579
0.14886277280722657
0.14893965299002263
0.14899442517062111
0.14903662004856286
0.14910086272966785
0.14915831006307986
0.14917368230613734
0.1492207306466437
0.149270161495884
0.14929671628164565
0.14937504694930442
0.14948797968082653
0.14950676295113988
0.14952762073077025
0.14955566264746753
0.14956368193311154
0.14966625567477748
0.1498145440482846
0.14987750018596957
0.1499681690813524
0.15004106623745395
0.15012643333147302
0.15026015937910567
0.15046976852277066
0.15049227562720371
0.15054218009276124
0.15061273853560955
0.15072091221701392
0.15073682072227923
0.1507915309776775
0.15083521039400283
0.1509026650015554
0.15115528482966092
0.15134757957975398
0.15152941825878405
0.15160158013051966
0.1516658351694994
0.1517155979356228
0.15172630521941644
0.15173314707641256
0.15176059190063268
0.1518157610858645
0.15186508427461914
0.15187002986813986
0.15189213861675926
0.15193346485441186
0.15197463372999107
0.15197463372999107
0.15205624804607315
0.1521255073531899
0.1521379813121321
0.15226094516708671
0.15226094516708671
0.1524195380160103
0.15263965351201134
0.15268066107326478
0.15274970306814867
0.1527600348768631
0.15279855855326924
0.15286801734544364
0.15293185605047455
0.15319559186920403
0.1532082516100912
0.1532447368512458
0.15330129063331882
0.15336482267980756
0.15346110008221145
0.15352619697161027
0.15356981952759408
0.15363606727437845
0.1537221150197486
0.1538417940271085
0.1538740854044664
0.15389448237263387
0.15390303009990158
0.15397088247730234
0.1540186037268225
0.15409648768612874
0.15426614207101763
0.15426614207101763
0.1543548800791883
0.15440571458506838
0.15446347101084942
0.1547654025228314
0.1547654025228314
0.15487708140725293
0.15495343627286354
0.15499589111722953
0.1550559895392669
0.15512780395782144
0.15525583517011637
0.15530146502078607
0.15542540922303164
0.15550977206164937
0.1556247797938769
0.15563479829068325
0.15565825359057867
0.15569351933371092
0.15570448055412425
0.1557565101743367
0.15580279444058934
0.15585081532392794
0.15585081532392794
0.1559199212825063
0.1559515431704176
0.15601238636704898
0.15601238636704898
0.15605764985548481
0.15605764985548481
0.15610189435541175
0.15616986439818917
0.1562300847031295
0.1562766821227977
0.15629241542008618
0.15634887510989728
0.15659009821691652
0.15661988943275132
0.15671985721150686
0.15673945634752492
0.1567543565813435
0.15683491025927968
0.15687242232300258
0.15688033507688892
0.15694641884837612
0.1570169970835864
0.15707765359944137
0.15712300161643633
0.1571824954098691
0.1572385213826019
0.15745018111591227
0.15751310006758798
0.1575887067450932
0.15763072470745265
0.1577600968135302
0.15777548567745914
0.15781393972575977
0.15788581018557002
0.1579251203848094
0.15801318314210164
0.15811909052575207
0.15816050663850306
0.15844295350273974
0.1587833050999348
0.15883042865796992
0.1589721219826832
0.15908998212543568
0.15912088768870195
0.15917971443264037
0.15923414829285995
0.15924985314586124
0.15928958312183247
0.1593419230710158
0.15942515864447868
0.15945253002362506
0.15953477854956252
0.1596423729525074
0.1596874696116145
0.15970324690319598
0.1597748173006875
0.15980012983960393
0.15984693209824505
0.15985310150123339
0.1599743584891609
0.16011784369536897
0.16016717050145668
0.16020989406246863
0.16031625033337568
0.16041481410053635
0.16044960483856918
0.1604817608059846
0.16056034448576764
0.16057662344954446
0.16063166353740452
0.1606405410659387
0.1606897966886467
0.16071309665917974
0.16071309665917974
0.160811644590509
0.16082085131890847
0.16083008486783432
0.16084505592174284
0.160861747885267
0.16093035097716588
0.160954939455415
0.16100856397885835
0.16104384578949288
0.16115695008735628
0.16116629969187293
0.1611992459134031
0.16125518453266993
0.16133772682874
0.1613965576264529
0.16141139293300621
0.1614416562468918
0.16145244156157104
0.1615262914274778
0.16158187153895984
0.16167955633243702
0.16172459280156423
0.16174290259771293
0.16195460406006995
0.162060491599656
0.16210004466183256
0.16222669786280042
0.16228732794781564
0.16242588299843957
0.16246305972240468
0.16251823321757683
0.16253335961406035
0.16255428413469214
0.16280118804905616
0.16285428763357157
0.1629208367475166
0.1629812401535086
0.16300843378801372
0.1630676940024488
0.1630676940024488
0.16310519090584738
0.16311230217490313
0.16331261277072323
0.1633203899455585
0.16340341759431476
0.16342464130992063
0.16362582127239764
0.16369199382025834
0.16376921105674594
0.16377743890966273
0.16380777932439705
0.16388772741241517
0.1639989621272284
0.16405138287220256
0.16406508255741223
0.16414809326126537
0.16414809326126537
0.1643403365986679
0.1643421003549706
0.1643631295927581
0.1644716144187314
0.16480207762147167
0.16492020779435587
0.16498720518258253
0.16498720518258253
0.16501479978108755
0.16506392772337244
0.1651349487869144
0.16517221357926598
0.16517221357926598
0.16522519934276603
0.16524267639951934
0.16528005047503336
0.1653108330103028
0.1653629257978578
0.16537498054112343
0.16555140946940114
0.16555140946940114
0.16562485577697908
0.1657284178505571
0.1657475173157539
0.1657604664530777
0.16577555914464295
0.16581630321369747
0.16590081013824515
0.16602440045324773
0.16607907773219352
0.1661814221920189
0.1661814221920189
0.1662294773169301
0.1663271652455152
0.166379079356262
0.16641773976477062
0.16651277044154364
0.1665445179598055
0.16663325927205705
0.16666911630461823
0.16668950401860388
0.16676840073411792
0.16685128309239053
0.1669141771717943
0.16699148806505926
0.1670129429150556
0.1670978996448327
0.16719127098954217
0.16724514289633088
0.16738831815145816
0.1674471727114015
0.16749420649097152
0.16753127466623918
0.16788378091088332
0.16808352556859602
0.16841250484775686
0.16870596581920888
0.1688409332074722
0.16887594783379145
0.1689239072731016
0.16902123984907497
0.16907651280806074
0.16912967063906917
0.16913569536653436
0.16918057775135295
0.169202509275822
0.16925981624740263
0.16940615591060573
0.16944450782422069
0.16954158019568205
0.1697195653105155
0.16977739773893785
0.16983967289511734
0.16986417319084765
0.16992807676337424
0.16997082691113527
0.1700631734025047
0.17007425581976535
0.1701048911796229
0.1701048911796229
0.17015170724385287
0.17018420087860545
0.17047029954024548
0.1704833547353894
0.17058097111007167
0.17071256152140185
0.17083286280873897
0.170854711736744
0.17105622668263384
0.17124299735739965
0.17129455621021922
0.17130163290647551
0.17138218426696716
0.17138218426696716
0.17142077461286928
0.17192091373294277
0.17195978538169587
0.1719897014557302
0.1719897014557302
0.1721314097705028
0.17217834112338162
0.17220943045870293
0.1722487862298112
0.1722487862298112
0.17235112399138106
0.17249735673311833
0.1725465925547256
0.1726608151670667
0.17267038516484376
0.17273233968847732
0.17284344987686265
0.1728751231811211
0.1729186790699742
0.17296366143773226
0.17303041346615206
0.1730846768757073
0.1731303343866427
0.1734314071912065
0.17344985189388262
0.17365193949349914
0.1738478432978329
0.17386646750415072
0.17394290984396885
0.17395146402939046
0.1739809674630912
0.17410345173801614
0.17413466327979688
0.1741629486956861
0.17429047745352572
0.17432945372561906
0.17439880198162105
0.1744495988065112
0.17474298566816543
0.17479753216445695
0.17486388996987035
0.17494087576945094
0.1750233807580316
0.17512857000379214
0.17523848334392997
0.17537069684423798
0.17543740411004405
0.17545247937340264
0.17562205256799468
0.17572385589121378
0.17578028919145913
0.1758320234190321
0.17584565747923872
0.17588889230456387
0.1759214323469517
0.17592907956735754
0.17600707488937176
0.17602243224535583
0.1761241842648293
0.17617312574949048
0.17617977336008836
0.17621180048476442
0.17626006235786382
0.17628276697156015
0.17637773168952514
0.17639067749500037
0.17651747571061657
0.17653157843328343
0.1765472461575924
0.17655771236157475
0.17657385345751433
0.1765957472410878
0.17660401298251505
0.17666396480004612
0.17674043240028256
0.17676675929463537
0.1768890238584483
0.1769404794846587
0.17703422868343344
0.17714220649385354
0.17718202172345887
0.17718936415430184
0.17732192975019456
0.17742862827708558
0.17745406564380334
0.17748978586739395
0.17762160304662467
0.1776728666280121
0.17770188807070708
0.1777672076240339
0.17779746231954877
0.17780500159186682
0.17791509640497224
0.17799996323836842
0.17802203968346564
0.17810128357767396
0.17814043258653056
0.1782796352410054
0.17847504913961182
0.17849468709553856
0.1785472028688337
0.1787600068573267
0.17880359851661823
0.1788338256148885
0.17887916595616626
0.17913202525421107
0.17935855167829534
0.17936321398438046
0.17948545417692344
0.17967374485276214
0.17972071682998572
0.18014825265331974
0.18041211806212787
0.18046008991032078
0.18047256452609003
0.1804844120329622
0.18051296293607863
0.18057613577728468
0.18063443537649676
0.1808041326419743
0.18089073953752524
0.18095742979717583
0.1810418459742656
0.18115447698084927
0.18121617651326682
0.18128947834901643
0.1813293514241784
0.1816044698385713
0.1816392076416963
0.18175344667232546
0.18177251440358344
0.18187105540583534
0.1819282822629734
0.18196934788430455
0.18201608694704619
0.18201608694704619
0.18215109137786178
0.18216417959215797
0.18216417959215797
0.18220715875843946
0.1823033069723777
0.18235930656215957
0.18288237298252627
0.18303001400239083
0.18313595286141504
0.18316179369677374
0.18322647022336702
0.18325520637178683
0.18328196758000412
0.18336118917468336
0.18342158961825114
0.18343737433490973
0.18357328334117048
0.18363475222803335
0.18367992389002918
0.18376330443823374
0.18377555909132778
0.18382680716920957
0.18388185639294796
0.18396128597707173
0.18416266728671032
0.18418215840294894
0.18423357439702331
0.18435251041343792
0.18455886670578972
0.18458313642482446
0.18467654903910616
0.18469628833423898
0.18471113806219702
0.18473494927466916
0.18476828711106927
0.18477558879318057
0.18484270003548833
0.18489666916025638
0.1849041437614858
0.18515514954207826
0.1852487299810688
0.18529304974699032
0.1853210043202652
0.1854198692408859
0.18550424885292746
0.18554474816573607
0.18556923314687604
0.1856161774127436
0.1857598607644703
0.18579780291213135
0.18585710145258547
0.18593443118368616
0.18599444369266738
0.18604197915148246
0.1860492061363696
0.18621426154350623
0.18639964688311672
0.18656325612018815
0.18661322942108824
0.18672346811533158
0.1869261554307326
0.18695229021438045
0.18696379858655005
0.18703343416803356
0.1871047244831113
0.1872032307565665
0.18721187027786798
0.18722235813944152
0.1872737638018266
0.18731434126411264
0.18736517512166803
0.18739207448037273
0.18744825609739826
0.18772054687257686
0.18787342302484292
0.1879067950077041
0.18794063492590327
0.18798340505173614
0.18798340505173614
0.18816511510238226
0.1882064062522654
0.18823507382721957
0.18827685754455295
0.1883460269337277
0.1883641759685404
0.18846902261376844
0.1886578751429879
0.18875423718786202
0.18899541861693714
0.18906414917278264
0.18910553979872
0.18912936724367121
0.1893753803537252
0.1894299928637027
0.18953085948873355
0.18958656639734592
0.1896180669176471
0.18966454813778208
0.189700788570318
0.1898075175070713
0.18986430328136047
0.18992618548434692
0.19011112492436175
0.1901704814374805
0.19024385635574284
0.1903026776586413
0.1903026776586413
0.1904186161046215
0.19046602962144812
0.19056938889907782
0.19058935925791973
0.19063147122688182
0.19070593207805936
0.1907389472190564
0.19082420891047563
0.19084766402518244
0.19085719968430914
0.19092439346315776
0.1909360734879618
0.19095431687612738
0.19100183117391797
0.19140827732826143
0.19143253738799598
0.19147606162243636
0.1915714791252915
0.19159539476381848
0.19168324521039756
0.1917284031635515
0.191823535420815
0.191823535420815
0.19187107027224415
0.19190779917229644
0.19197582916225367
0.19204255020553387
0.19209597807820294
0.19215563319071938
0.19221494590132304
0.19230058466383507
0.19232059193989298
0.19237688766007174
0.19239152503616302
0.19240606423173837
0.19241248813117648
0.19253187436405475
0.19264482262040442
0.192779455369509
0.19279401962161355
0.19280457386091465
0.19305564112263493
0.19311914006857034
0.19317928764635167
0.1935530026711324
0.19361458139811774
0.19367538538082368
0.19373295680607056
0.19379550767057532
0.1938633986907618
0.19404457140091996
0.19408538515228463
0.19415927040074943
0.19425673211549097
0.19456818613468327
0.19467123889849963
0.194731781362538
0.19476172671170727
0.19480635732251486
0.1948387478656206
0.19489645866953823
0.1951301716686219
0.1952658353076733
0.19527583294503406
0.1953078580416094
0.19532877925144695
0.19534224416666718
0.19540677990195712
0.19545193632301452
0.1954861061654771
0.19568003374942833
0.1956894530521675
0.19573988934294795
0.19575924079543597
0.19579162777076875
0.1958265742477239
0.1959404575678906
0.19596463894781457
0.19601141073080677
0.19606463326746884
0.19612923647357358
0.19618654489194667
0.19622839462791816
0.19622839462791816
0.19630023003171623
0.19657444038488708
0.1966411099708607
0.1967044831817862
0.1968122554905321
0.1968869896368356
0.19704109766178374
0.19708165892109406
0.19717720154269688
0.1972279672664311
0.19725616804910287
0.1972716594347429
0.1972796688957979
0.19733826253212233
0.1974911688916169
0.19757680484679957
0.19762016000249882
0.1977004688664988
0.19809317790904485
0.1981062590848201
0.19811338843743695
0.19823834948021457
0.19833704922822643
0.19838464977642226
0.19843435893817107
0.1984839889996299
0.19849813060187205
0.1985259036205925
0.19871321375947223
0.19881391072627919
0.19887335491830074
0.19896534365002475
0.1990487825121071
0.19919977388613663
0.19924435494984805
0.1992698200322634
0.19933855223283894
0.1994381435438829
0.19956316009496589
0.19970980847501835
0.19977502043799872
0.19983063459461647
0.19995493313089355
0.19996488855449274
0.19997114342484126
0.200037052173112
0.20035531641588863
0.20038241239587548
0.20050906569993496
0.2005475552137412
0.20063301336638664
0.20069677660714075
0.20079942766475173
0.20082109660866176
0.20083663233222268
0.2009024733570071
0.2011640371292421
0.20125259656243458
0.2012612464155099
0.20131568027207714
0.20158458224522263
0.2016287118407679
0.20180609964743457
0.20182107047058054
0.20189681261085823
0.20197455462589803
0.20201975361320845
0.20209870751848316
0.2022001817082514
0.2022177326920132
0.2023810575279364
0.20240298227854428
0.20244274505956836
0.2024854452032549
0.20253708874321155
0.2025887479750349
0.20263034666602647
0.20267212690680383
0.20267933302155608
0.202696527375186
0.20274936759810538
0.20276276893165884
0.2028038162630645
0.2028519506496345
0.2032165543560037
0.20356879972246844
0.20364253556639467
0.20367937778002282
0.20373807818049397
0.20377221505278437
0.20378494349443724
0.20382439256106785
0.20383598750776918
0.20389901954730402
0.20394056747282382
0.20420196513896996
0.2046599578289218
0.2046658271197294
0.20474525042080657
0.20479542086364766
0.2049022267885092
0.20494725924680163
0.20495387949443014
0.20497547874167954
0.20499269897636682
0.2050605355813677
0.20512284982193266
0.2052505118782731
0.20538274737492443
0.20539037794768777
0.20546258068360237
0.20550809312595317
0.20555507977791315
0.205568231284458
0.205568231284458
0.20558431844446365
0.205656736782663
0.20569990762254034
0.205718575550027
0.20573942721249847
0.20576995824269323
0.20578700069357325
0.20584119886136218
0.20590030063524395
0.20592835214902888
0.2059626142448194
0.20603118075046714
0.20609130297668457
0.20614626115931065
0.20617872257130068
0.20618589983617272
0.20624005422642547
0.2062871373020255
0.20631417487791762
0.20638950909045994
0.20639769944640163
0.20646709680851952
0.20650413773346174
0.20654044950450412
0.20656042518546006
0.20656553029255317
0.2065850808471567
0.206597947848863
0.2066049850804828
0.20668099245224048
0.2067563550950903
0.20682279240393336
0.206896753317897
0.20694184055231532
0.20699603709402337
0.2070310643963558
0.20708429815589932
0.2071437416148249
0.20725360137685067
0.20728841343587193
0.20733803912834056
0.20744734006930524
0.20751692947001468
0.2075943699501841
0.20762962087061154
0.20765793195949436
0.20765793195949436
0.20772756466461867
0.2077556378053016
0.20787743296832203
0.20792050274324397
0.20803497713080335
0.2081739493528505
0.20856727329233693
0.20856727329233693
0.20865247111382193
0.20871276775084832
0.20876065853310954
0.20892762397850156
0.20897567545773324
0.20922394170835382
0.20931065032192325
0.20932232916328228
0.2094093237426469
0.20943531466141094
0.209482731022043
0.20955228382598412
0.20962383653089114
0.2096450395181325
0.20972949544704594
0.20977619146903895
0.20981608671730842
0.20985269771624862
0.2099050394571918
0.2099730920615858
0.21025144426054543
0.21025144426054543
0.21030550334387482
0.21038956395179234
0.2106028635967381
0.2106451603898864
0.2106710952630726
0.21072687894524508
0.21081389067400355
0.2108771798164517
0.21096431767847196
0.21112024675333751
0.2113378583857367
0.21143340890746404
0.211452685811605
0.21146079986644012
0.21152168281550868
0.21158616573079697
0.21164625779134164
0.2117259421756474
0.2118578688708536
0.21193857478296457
0.21201113894068124
0.21204157330188125
0.21205250983141663
0.21225452099073053
0.21230830472451334
0.21231314092460105
0.21233560306019267
0.21237293878212704
0.2124109925263729
0.21247420151241372
0.21252423829865577
0.21259720461586173
0.21288531510254824
0.21293077986474104
0.21303015046657947
0.21303754444458606
0.2130430461327711
0.21311519016411545
0.21315941689023885
0.21337480669534892
0.21339833796595564
0.213404222765547
0.2134616301487568
0.21353057322575086
0.213577895156509
0.2136145329353954
0.21365386637457587
0.21368392533981379
0.21372579740309486
0.21376335314090655
0.21379362568570465
0.21379362568570465
0.2138022208564195
0.21382509138334843
0.2138363587556002
0.21386586684084252
0.2139988997832684
0.2139988997832684
0.2139988997832684
0.21403690343382006
0.21425609094184503
0.21430021366297936
0.21430806978692532
0.21432379680052657
0.2144866911316957
0.21458606560458435
0.214646533226732
0.21470239069669958
0.21481745790394877
0.21484722549602628
0.2148532354780773
0.2149249425927588
0.21497446309893828
0.2150108297308961
0.2150517439642472
0.21510348416569675
0.21516564968625065
0.2152562175733642
0.21535521829391369
0.21539458684812493
0.21540701882936403
0.2154779137323537
0.2155116813026464
0.2155574119888673
0.2156012597689165
0.21561429827655182
0.2158177697609906
0.2158611248517762
0.2159120578106686
0.21595033465986985
0.21604106176731624
0.21621110123070086
0.21636387423820194
0.21654361821534543
0.21660409996399888
0.21696551055734442
0.2170196323958878
0.21704074522639916
0.2170694100747223
0.21720118458982998
0.21742644793139046
0.21746308277710819
0.21747533829298088
0.21754437749997327
0.21758613057097062
0.217625415526808
0.21768423928078684
0.21770519541993347
0.21774974194624977
0.21780414848989552
0.2178197752956905
0.21792178201980064
0.21792178201980064
0.21799078384192924
0.21799078384192924
0.21800480733195027
0.218075552630979
0.21820196510034756
0.21842898287906123
0.2184701633479387
0.21850424217249434
0.21850424217249434
0.2185254426841131
0.21858187159621
0.21866697486432765
0.2187437380013411
0.2187611369618663
0.218775436171297
0.21893770191338496
0.2190712177937395
0.21911406958529706
0.21912517388561537
0.21921525593504113
0.2192966045156406
0.21935902242761213
0.21945154647828763
0.21964472988640524
0.21971291190610268
0.21980509976356288
0.21990942924950113
0.21998135136665045
0.22001807627592532
0.22001807627592532
0.22008644080950054
0.22008644080950054
0.22014179600098213
0.22016378042402932
0.22019337586997517
